38893,05/09/2020,10:48:13,-1000.0,20.32,0.16,3.31,13.25,0.24,3.31,13.25,0.0,0.0,32.99,31.65,67,0,11,0.0,18.04,18.04,0.23,32.98,32.99,514,4874,3585,True
38908,05/09/2020,10:48:28,-1000.0,18.88,4.53,85.09,13.39,6.39,85.49,13.39,0.0,0.0,33.03,31.75,67,0,11,0.0,18.04,18.04,6.35,33.04,33.03,529,4874,3585,True
38923,05/09/2020,10:48:43,-1000.0,15.9,6.36,100.84,13.41,7.55,101.24,13.41,0.0,0.0,33.07,31.89,68,0,11,0.0,18.04,18.04,7.72,33.06,33.07,544,4874,3585,True
38938,05/09/2020,10:48:58,-1000.0,16.72,6.45,107.7,13.43,8.03,108.24,13.43,0.0,0.0,33.08,32.0,69,0,11,0.0,18.04,18.04,7.91,33.09,33.08,559,4874,3585,True
38953,05/09/2020,10:49:13,-1000.0,16.81,6.27,105.82,13.43,7.87,105.61,13.42,0.0,0.0,33.11,32.14,70,0,11,0.0,18.04,18.04,7.85,33.12,33.11,770,4874,3585,True
38968,05/09/2020,10:49:28,-1000.0,16.88,6.45,108.78,13.43,8.07,108.24,13.43,0.0,0.0,33.15,32.25,71,0,11,0.0,18.04,18.04,8.06,33.16,33.16,785,4874,3585,True
38983,05/09/2020,10:49:43,-1000.0,16.93,6.28,106.23,13.43,7.91,106.09,13.43,0.0,0.0,33.19,32.34,72,0,11,0.0,18.04,18.04,7.89,33.19,33.2,800,4874,3585,True
38998,05/09/2020,10:49:58,-1000.0,16.81,6.34,106.63,13.44,7.93,106.49,13.43,0.0,0.0,33.22,32.45,73,0,11,0.0,18.04,18.04,7.93,33.22,33.2,815,4874,3585,True
39013,05/09/2020,10:50:13,-1000.0,16.81,6.24,105.02,13.43,7.82,105.02,13.43,0.0,0.0,33.28,32.54,74,0,11,0.0,18.04,18.04,7.78,33.27,33.27,1026,4874,3585,True
39028,05/09/2020,10:50:28,-1000.0,16.91,6.15,104.35,13.43,7.76,104.08,13.43,0.0,0.0,33.25,32.61,74,0,11,0.0,18.04,18.04,7.77,33.26,33.26,1041,4874,3585,True
39043,05/09/2020,10:50:43,-1000.0,16.96,6.0,101.32,13.43,7.57,101.72,13.43,0.0,0.0,33.21,32.7,75,0,11,0.0,18.04,18.04,7.5,33.2,33.2,1056,4874,3585,True
39058,05/09/2020,10:50:58,-1000.0,17.0,6.35,107.92,13.44,8.07,108.59,13.44,0.0,0.0,33.14,32.78,76,0,11,0.0,18.04,18.04,8.04,33.13,33.13,1071,4874,3585,True
39073,05/09/2020,10:51:13,-1000.0,16.98,6.15,104.61,13.43,7.81,104.61,13.43,0.0,0.0,33.08,32.85,77,0,11,0.0,18.04,18.04,7.8,33.08,33.09,1282,4874,3585,True
39088,05/09/2020,10:51:28,-1000.0,17.01,5.81,98.63,13.42,7.36,98.77,13.42,0.0,0.0,33.07,32.92,77,0,11,0.0,18.04,18.04,7.4,33.08,33.08,1297,4874,3585,True
39103,05/09/2020,10:51:43,-1000.0,16.9,5.27,88.77,13.41,6.66,89.17,13.41,0.0,0.0,33.08,32.99,76,0,11,0.0,18.04,18.04,6.69,33.08,33.08,1312,4874,3585,True
39118,05/09/2020,10:51:58,-1000.0,16.88,5.62,94.94,13.42,7.05,94.54,13.42,0.0,0.0,33.12,33.03,76,0,11,0.0,18.04,18.04,7.02,33.12,33.12,1327,4874,3585,True
39133,05/09/2020,10:52:13,-1000.0,17.04,5.81,98.63,13.43,7.42,99.65,13.43,0.0,0.0,33.14,33.08,76,0,11,0.0,18.04,18.04,7.41,33.14,33.14,1538,4874,3585,True
39148,05/09/2020,10:52:28,-1000.0,17.05,5.84,99.71,13.43,7.44,99.78,13.42,0.0,0.0,33.15,33.14,76,0,11,0.0,18.04,18.04,7.42,33.14,33.14,1553,4874,3585,True
39163,05/09/2020,10:52:43,-1000.0,17.04,5.59,95.68,13.42,7.16,96.22,13.42,0.0,0.0,33.15,33.2,76,0,11,0.01,18.05,18.05,7.15,33.15,33.15,1568,4874,3585,True
39178,05/09/2020,10:52:58,-1000.0,17.07,5.84,99.91,13.42,7.43,99.91,13.43,0.0,0.0,33.12,33.23,76,0,11,0.01,18.05,18.05,7.37,33.12,33.13,1583,4874,3585,True
39193,05/09/2020,10:53:13,-1000.0,16.99,5.75,98.5,13.43,7.29,98.17,13.43,0.0,0.0,33.11,33.29,77,0,11,0.01,18.05,18.05,7.27,33.12,33.12,1794,4874,3585,True
39208,05/09/2020,10:53:28,-1000.0,17.05,5.67,96.62,13.43,7.19,96.89,13.42,0.0,0.0,33.15,33.34,76,0,11,0.01,18.05,18.05,7.26,33.15,33.14,1809,4874,3585,True
39223,05/09/2020,10:53:43,-1000.0,17.03,5.31,90.78,13.41,6.77,89.71,13.42,0.0,0.0,33.14,33.38,76,0,11,0.01,18.05,18.05,6.69,33.14,33.12,1824,4874,3585,True
39238,05/09/2020,10:53:58,-1000.0,17.13,5.65,96.48,13.43,7.18,96.96,13.43,0.0,0.0,33.15,33.42,76,0,11,0.01,18.05,18.05,7.26,33.14,33.15,1839,4874,3585,True
39253,05/09/2020,10:54:13,-1000.0,17.24,5.8,100.85,13.43,7.5,101.39,13.43,0.0,0.0,33.17,33.47,77,0,11,0.01,18.05,18.05,7.58,33.17,33.16,2050,4874,3585,True
39268,05/09/2020,10:54:28,-1000.0,17.33,5.89,102.54,13.44,7.59,102.33,13.43,0.0,0.0,33.18,33.51,77,0,11,0.01,18.05,18.05,7.64,33.18,33.19,2065,4874,3585,True
39283,05/09/2020,10:54:43,-1000.0,17.22,6.08,104.69,13.44,7.77,104.29,13.43,0.0,0.0,33.18,33.55,78,0,11,0.01,18.05,18.05,7.71,33.19,33.19,2080,4874,3585,True
39298,05/09/2020,10:54:58,-1000.0,17.11,5.62,96.08,13.43,7.15,95.81,13.42,0.0,0.0,33.17,33.58,77,0,11,0.01,18.05,18.05,7.18,33.18,33.17,2095,4874,3585,True
39313,05/09/2020,10:55:13,-1000.0,17.2,5.23,89.98,13.41,6.7,89.98,13.41,0.0,0.0,33.22,33.63,76,0,11,0.01,18.05,18.05,6.67,33.22,33.22,2306,4874,3585,True
39328,05/09/2020,10:55:28,-1000.0,17.35,5.51,95.89,13.42,7.16,96.08,13.43,0.0,0.0,33.22,33.66,76,0,11,0.01,18.05,18.05,7.17,33.23,33.23,2321,4874,3585,True
39343,05/09/2020,10:55:43,-1000.0,17.32,5.19,89.98,13.41,6.7,89.84,13.41,0.0,0.0,33.25,33.7,76,0,11,0.01,18.05,18.05,6.68,33.25,33.25,2336,4874,3585,True
39358,05/09/2020,10:55:58,-1000.0,17.23,5.99,103.35,13.44,7.71,103.48,13.44,0.0,0.0,33.25,33.73,77,0,11,0.01,18.05,18.05,7.74,33.24,33.25,2351,4874,3585,True
39373,05/09/2020,10:56:13,-1000.0,17.36,6.62,115.08,13.45,8.52,114.86,13.46,0.0,0.0,33.26,33.77,77,0,11,0.01,18.05,18.05,8.49,33.26,33.25,2562,4874,3585,True
39388,05/09/2020,10:56:28,-1000.0,17.2,6.49,111.76,13.45,8.32,111.76,13.45,0.0,0.0,33.28,33.81,78,0,11,0.01,18.05,18.05,8.31,33.28,33.26,2577,4874,3585,True
39403,05/09/2020,10:56:43,-1000.0,17.27,6.51,112.3,13.45,8.33,111.98,13.45,0.0,0.0,33.29,33.85,79,0,11,0.01,18.05,18.05,8.28,33.29,33.29,2592,4874,3585,True
39418,05/09/2020,10:56:58,-1000.0,17.27,6.63,114.81,13.46,8.53,114.94,13.46,0.0,0.0,33.32,33.9,79,0,11,0.01,18.05,18.05,8.55,33.33,33.32,2607,4874,3585,True
39433,05/09/2020,10:57:13,-1000.0,17.42,5.96,103.83,13.44,7.7,103.48,13.44,0.0,0.0,33.34,33.92,79,0,11,0.01,18.05,18.05,7.68,33.33,33.34,2818,4874,3585,True
39448,05/09/2020,10:57:28,-1000.0,17.38,4.95,86.22,13.41,6.41,86.09,13.41,0.0,0.0,33.38,33.98,78,0,11,0.01,18.05,18.05,6.44,33.38,33.36,2833,4874,3585,True
39463,05/09/2020,10:57:43,-1000.0,17.33,5.66,98.17,13.43,7.3,98.03,13.43,0.0,0.0,33.38,34.01,77,0,11,0.01,18.05,18.05,7.27,33.39,33.39,2848,4874,3585,True
39478,05/09/2020,10:57:58,-1000.0,17.35,6.08,105.85,13.44,7.85,105.77,13.44,0.0,0.0,33.38,34.03,78,0,11,0.01,18.05,18.05,7.9,33.39,33.39,2863,4874,3585,True
39493,05/09/2020,10:58:13,-1000.0,17.35,6.19,107.6,13.45,8.01,107.6,13.45,0.0,0.0,33.36,34.06,78,0,11,0.01,18.05,18.05,7.98,33.36,33.36,3074,4874,3585,True
39508,05/09/2020,10:58:28,-1000.0,17.33,6.38,110.96,13.45,8.25,111.31,13.45,0.0,0.0,33.33,34.11,79,0,11,0.01,18.05,18.05,8.26,33.33,33.34,3089,4874,3585,True
39523,05/09/2020,10:58:43,-1000.0,17.2,6.64,114.27,13.46,8.5,114.41,13.46,0.0,0.0,33.36,34.15,79,0,11,0.02,18.06,18.06,8.5,33.36,33.37,3104,4874,3585,True
39538,05/09/2020,10:58:58,-1000.0,17.04,6.59,112.25,13.46,8.33,112.25,13.46,0.0,0.0,33.36,34.18,79,0,11,0.02,18.06,18.06,8.35,33.36,33.35,3119,4874,3585,True
39553,05/09/2020,10:59:13,-1000.0,16.99,6.74,114.94,13.46,8.55,114.94,13.46,0.0,0.0,33.37,34.22,79,0,11,0.02,18.06,18.06,8.54,33.37,33.37,3330,4874,3585,True
39568,05/09/2020,10:59:28,-1000.0,16.93,6.96,117.86,13.47,8.75,117.99,13.47,0.0,0.0,33.39,34.25,79,0,11,0.02,18.06,18.06,8.74,33.39,33.38,3345,4874,3585,True
39583,05/09/2020,10:59:43,-1000.0,16.99,6.94,118.26,13.47,8.78,118.13,13.47,0.0,0.0,33.38,34.29,79,0,11,0.02,18.06,18.06,8.76,33.39,33.38,3360,4874,3585,True
39598,05/09/2020,10:59:58,-1000.0,16.97,6.94,117.86,13.47,8.73,117.86,13.47,0.0,0.0,33.39,34.33,80,0,11,0.02,18.06,18.06,8.77,33.39,33.39,3375,4874,3585,True
39613,05/09/2020,11:00:13,-1000.0,16.93,7.05,119.61,13.47,8.85,118.94,13.47,0.0,0.0,33.43,34.37,80,0,11,0.02,18.06,18.06,8.87,33.43,33.44,3586,4874,3585,True
39628,05/09/2020,11:00:28,-1000.0,16.75,6.85,115.16,13.46,8.54,114.81,13.46,0.0,0.0,33.47,34.41,80,0,11,0.02,18.06,18.06,8.54,33.46,33.46,3601,4874,3585,True
39643,05/09/2020,11:00:43,-1000.0,16.86,7.08,119.34,13.47,8.87,119.74,13.48,0.0,0.0,33.54,34.44,80,0,11,0.02,18.06,18.06,8.88,33.53,33.54,3616,4874,3585,True
39658,05/09/2020,11:00:58,-1000.0,16.81,7.27,122.66,13.48,9.12,122.66,13.48,0.0,0.0,33.61,34.49,80,0,11,0.02,18.06,18.06,9.22,33.61,33.61,3631,4874,3585,True
39673,05/09/2020,11:01:13,-1000.0,16.88,7.08,119.61,13.47,8.86,119.29,13.48,0.0,0.0,33.63,34.53,80,0,11,0.02,18.06,18.06,8.9,33.63,33.63,3842,4874,3585,True
39688,05/09/2020,11:01:28,-1000.0,16.74,7.25,121.72,13.47,9.02,121.58,13.48,0.0,0.0,33.64,34.56,80,0,11,0.02,18.06,18.06,9.03,33.64,33.64,3857,4874,3585,True
39703,05/09/2020,11:01:43,-1000.0,16.82,7.34,123.97,13.48,9.19,123.74,13.48,0.0,0.0,33.67,34.59,80,0,11,0.02,18.06,18.06,9.18,33.68,33.67,3872,4874,3585,True
39718,05/09/2020,11:01:58,-1000.0,16.62,7.71,128.02,13.49,9.5,128.02,13.49,0.0,0.0,33.69,34.62,80,0,11,0.02,18.06,18.06,9.49,33.68,33.68,3887,4874,3585,True
39733,05/09/2020,11:02:13,-1000.0,16.64,7.51,125.18,13.49,9.27,124.91,13.49,0.0,0.0,33.7,34.67,80,0,11,0.02,18.06,18.06,9.28,33.7,33.71,4098,4874,3585,True
39748,05/09/2020,11:02:28,-1000.0,16.74,7.55,126.8,13.49,9.39,126.53,13.49,0.0,0.0,33.73,34.71,81,0,11,0.02,18.06,18.06,9.39,33.71,33.72,4113,4874,3585,True
39763,05/09/2020,11:02:43,-1000.0,16.85,7.51,126.53,13.5,9.37,126.53,13.49,0.0,0.0,33.77,34.75,81,0,11,0.02,18.06,18.06,9.38,33.76,33.77,4128,4874,3585,True
39778,05/09/2020,11:02:58,-1000.0,16.78,7.69,128.69,13.49,9.54,128.92,13.5,0.0,0.0,33.81,34.78,81,0,11,0.02,18.06,18.06,9.56,33.81,33.81,4143,4874,3585,True
39793,05/09/2020,11:03:13,-1000.0,16.78,7.86,132.16,13.5,9.77,132.03,13.5,0.0,0.0,33.84,34.82,81,0,11,0.02,18.06,18.06,9.77,33.84,33.84,4354,4874,3585,True
39808,05/09/2020,11:03:28,-1000.0,17.0,7.87,133.74,13.5,9.88,133.47,13.51,0.0,0.0,33.88,34.87,81,0,11,0.03,18.07,18.07,9.89,33.88,33.88,4369,4874,3585,True
39823,05/09/2020,11:03:43,-1000.0,16.97,7.79,132.3,13.5,9.8,132.66,13.5,0.0,0.0,33.94,34.9,82,0,11,0.03,18.07,18.07,9.83,33.94,33.94,4384,4874,3585,True
39838,05/09/2020,11:03:58,-1000.0,17.12,7.85,134.28,13.51,9.98,134.82,13.51,0.0,0.0,34.0,34.94,82,0,11,0.03,18.07,18.07,9.91,33.99,33.99,4399,4874,3585,True
39853,05/09/2020,11:04:13,-1000.0,17.12,7.78,133.38,13.5,9.9,133.34,13.51,0.0,0.0,33.99,34.98,82,0,11,0.03,18.07,18.07,9.88,33.98,33.99,4610,4874,3585,True
39868,05/09/2020,11:04:28,-1000.0,17.18,7.78,133.61,13.51,9.89,133.65,13.51,0.0,0.0,34.0,35.02,82,0,11,0.03,18.07,18.07,9.88,34.0,34.0,4625,4874,3585,True
39883,05/09/2020,11:04:43,-1000.0,17.19,7.8,134.15,13.51,9.96,134.82,13.51,0.0,0.0,34.02,35.05,82,0,11,0.03,18.07,18.07,9.99,34.01,34.01,4640,4874,3585,True
39898,05/09/2020,11:04:58,-1000.0,17.16,7.24,124.37,13.49,9.22,124.87,13.49,0.0,0.0,33.94,35.09,82,0,11,0.03,18.07,18.07,9.22,33.96,33.96,4655,4874,3585,True
39913,05/09/2020,11:05:13,-1000.0,17.09,7.65,130.81,13.5,9.69,130.91,13.5,0.0,0.0,33.91,35.14,82,0,11,0.03,18.07,18.07,9.65,33.9,33.91,4866,4874,3585,True
39928,05/09/2020,11:05:28,-1000.0,17.02,7.46,127.03,13.5,9.42,126.63,13.5,0.0,0.0,33.93,35.16,82,0,11,0.03,18.07,18.07,9.39,33.92,33.92,4881,4874,3585,True
39943,05/09/2020,11:05:43,-1000.0,16.9,7.33,123.7,13.5,9.17,123.56,13.49,0.0,0.0,33.9,35.2,82,0,11,0.03,18.07,18.07,9.15,33.91,33.9,4896,4874,3585,True
39958,05/09/2020,11:05:58,-1000.0,16.9,7.12,120.46,13.49,8.91,120.19,13.49,0.0,0.0,33.88,35.23,81,0,11,0.03,18.07,18.07,8.73,33.88,33.88,4911,4874,3585,True
39973,05/09/2020,11:06:13,-1000.0,16.74,7.34,123.25,13.49,9.14,123.29,13.49,0.0,0.0,33.86,35.26,81,0,11,0.03,18.07,18.07,9.19,33.86,33.85,5122,4874,3585,True
39988,05/09/2020,11:06:28,-1000.0,16.76,7.07,118.62,13.49,8.8,118.57,13.49,0.0,0.0,33.84,35.3,80,0,11,0.03,18.07,18.07,8.82,33.84,33.84,5137,4874,3585,True
40003,05/09/2020,11:06:43,-1000.0,16.74,6.28,105.33,13.47,7.84,105.25,13.46,0.0,0.0,33.84,35.32,80,0,11,0.03,18.07,18.07,7.81,33.84,33.84,5152,4874,3585,True
40018,05/09/2020,11:06:58,-1000.0,16.81,6.05,102.16,13.46,7.59,102.02,13.46,0.0,0.0,33.89,35.35,79,0,11,0.03,18.07,18.07,7.61,33.9,33.88,5167,4874,3585,True
40033,05/09/2020,11:07:13,-1000.0,16.86,6.26,105.6,13.47,7.83,105.52,13.46,0.0,0.0,33.91,35.37,80,0,11,0.03,18.07,18.07,7.79,33.9,33.91,5378,4874,3585,True
40048,05/09/2020,11:07:28,-1000.0,17.05,6.58,112.07,13.48,8.34,112.28,13.48,0.0,0.0,33.93,35.39,80,0,11,0.03,18.07,18.07,8.32,33.94,33.94,5393,4874,3585,True
40063,05/09/2020,11:07:43,-1000.0,16.9,6.48,109.64,13.47,8.11,109.24,13.47,0.0,0.0,33.98,35.4,80,0,11,0.03,18.07,18.07,8.12,33.98,33.98,5408,4874,3585,True
40078,05/09/2020,11:07:58,-1000.0,16.83,6.8,114.44,13.48,8.49,114.44,13.48,0.0,0.0,33.99,35.44,81,0,11,0.03,18.07,18.07,8.48,33.99,33.99,5423,4874,3585,True
40093,05/09/2020,11:08:13,-1000.0,17.01,7.15,121.77,13.49,9.02,121.67,13.49,0.0,0.0,33.99,35.47,81,0,11,0.03,18.07,18.07,9.05,33.99,33.99,5634,4874,3585,True
40108,05/09/2020,11:08:28,-1000.0,17.07,7.6,129.96,13.51,9.65,130.37,13.51,0.0,0.0,34.08,35.49,82,0,11,0.04,18.08,18.08,9.61,34.07,34.06,5649,4874,3585,True
40123,05/09/2020,11:08:43,-1000.0,16.9,7.91,133.44,13.52,9.81,132.12,13.51,0.0,0.0,34.05,35.53,83,0,11,0.04,18.08,18.08,9.67,34.04,34.04,5664,4874,3585,True
40138,05/09/2020,11:08:58,-1000.0,16.91,7.08,119.92,13.49,8.89,120.06,13.49,0.0,0.0,33.96,35.55,82,0,11,0.04,18.08,18.08,8.87,33.97,33.97,5679,4874,3585,True
40153,05/09/2020,11:09:13,-1000.0,16.93,6.23,105.87,13.47,7.85,105.73,13.47,0.0,0.0,34.0,35.58,81,0,11,0.04,18.08,18.08,7.82,34.0,34.0,5890,4874,3585,True
40168,05/09/2020,11:09:28,-1000.0,16.72,6.45,107.76,13.47,7.99,107.35,13.47,0.0,0.0,34.02,35.6,80,0,11,0.04,18.08,18.08,7.93,34.03,34.02,5905,4874,3585,True
40183,05/09/2020,11:09:43,-1000.0,16.71,6.09,101.89,13.46,7.56,101.89,13.46,0.0,0.0,33.98,35.63,80,0,11,0.04,18.08,18.08,7.54,33.98,33.98,5920,4874,3585,True
40198,05/09/2020,11:09:58,-1000.0,16.8,5.57,94.01,13.45,6.99,93.88,13.45,0.0,0.0,33.95,35.64,79,0,11,0.04,18.08,18.08,6.98,33.95,33.95,5935,4874,3585,True
40213,05/09/2020,11:10:13,-1000.0,16.7,6.08,101.62,13.46,7.57,101.62,13.46,0.0,0.0,33.96,35.66,79,0,11,0.04,18.08,18.08,7.55,33.97,33.97,6146,4874,3585,True
40228,05/09/2020,11:10:28,-1000.0,16.77,6.15,103.44,13.47,7.68,103.37,13.47,0.0,0.0,33.99,35.68,80,0,11,0.04,18.08,18.08,7.65,34.01,34.0,6161,4874,3585,True
40243,05/09/2020,11:10:43,-1000.0,16.71,5.75,96.77,13.45,7.2,96.64,13.46,0.0,0.0,34.01,35.71,80,0,11,0.04,18.08,18.08,7.26,34.01,34.01,6176,4874,3585,True
40258,05/09/2020,11:10:58,-1000.0,16.65,5.64,93.34,13.45,6.98,93.34,13.45,0.0,0.0,33.94,35.71,79,0,11,0.04,18.08,18.08,6.93,33.94,33.95,6191,4874,3585,True
40273,05/09/2020,11:11:13,-1000.0,16.68,5.47,91.32,13.45,6.78,91.52,13.44,0.0,0.0,33.98,35.73,79,0,11,0.04,18.08,18.08,6.8,33.98,33.97,6402,4874,3585,True
40288,05/09/2020,11:11:28,-1000.0,16.85,5.84,97.85,13.46,7.31,97.91,13.45,0.0,0.0,33.98,35.76,79,0,11,0.04,18.08,18.08,7.23,33.97,33.98,6417,4874,3585,True
40303,05/09/2020,11:11:43,-1000.0,16.98,5.54,94.15,13.45,7.0,94.41,13.45,0.0,0.0,33.98,35.77,79,0,11,0.04,18.08,18.08,7.0,33.97,33.98,6432,4874,3585,True
40318,05/09/2020,11:11:58,-1000.0,17.02,5.41,92.26,13.45,6.87,92.46,13.45,0.0,0.0,33.96,35.79,79,0,11,0.04,18.08,18.08,6.87,33.95,33.95,6447,4874,3585,True
40333,05/09/2020,11:12:13,-1000.0,17.12,5.4,92.8,13.45,6.88,92.53,13.45,0.0,0.0,33.97,35.81,79,0,11,0.04,18.08,18.08,6.87,33.96,33.97,6658,4874,3585,True
40348,05/09/2020,11:12:28,-1000.0,17.12,5.39,92.67,13.45,6.88,92.93,13.45,0.0,0.0,34.0,35.82,79,0,11,0.04,18.08,18.08,6.89,34.0,34.01,6673,4874,3585,True
40363,05/09/2020,11:12:43,-1000.0,17.17,5.06,87.22,13.44,6.5,87.09,13.44,0.0,0.0,34.0,35.84,79,0,11,0.04,18.08,18.08,6.51,34.0,34.01,6688,4874,3585,True
40378,05/09/2020,11:12:58,-1000.0,17.15,5.01,86.01,13.44,6.4,86.01,13.44,0.0,0.0,33.99,35.86,79,0,11,0.04,18.08,18.08,6.38,33.99,33.99,6703,4874,3585,True
40393,05/09/2020,11:13:13,-1000.0,17.17,4.79,82.25,13.43,6.15,82.59,13.43,0.0,0.0,33.94,35.87,78,0,11,0.04,18.08,18.08,6.12,33.94,33.93,6914,4874,3585,True
40408,05/09/2020,11:13:28,-1000.0,17.17,4.82,82.99,13.43,6.19,82.46,13.43,0.0,0.0,33.87,35.89,78,0,11,0.04,18.08,18.08,6.16,33.87,33.87,6929,4874,3585,True
40423,05/09/2020,11:13:43,-1000.0,17.19,4.88,84.2,13.44,6.23,84.2,13.44,0.0,0.0,33.81,35.9,78,0,11,0.04,18.08,18.08,6.25,33.8,33.81,6944,4874,3585,True
40438,05/09/2020,11:13:58,-1000.0,17.22,5.3,91.39,13.45,6.83,91.86,13.45,0.0,0.0,33.77,35.92,78,0,11,0.04,18.08,18.08,6.85,33.77,33.77,6959,4874,3585,True
40453,05/09/2020,11:14:13,-1000.0,17.22,5.89,101.96,13.46,7.57,101.96,13.46,0.0,0.0,33.76,35.94,79,0,11,0.04,18.08,18.08,7.57,33.76,33.76,7170,4874,3585,True
40468,05/09/2020,11:14:28,-1000.0,17.29,5.76,99.6,13.46,7.37,99.33,13.46,0.0,0.0,33.71,35.95,79,0,11,0.04,18.08,18.08,7.42,33.71,33.72,7185,4874,3585,True
40483,05/09/2020,11:14:43,-1000.0,17.39,6.16,107.35,13.48,7.97,107.22,13.47,0.0,0.0,33.7,35.97,79,0,11,0.05,18.09,18.09,7.92,33.69,33.69,7200,4874,3585,True
40498,05/09/2020,11:14:58,-1000.0,17.47,6.37,111.07,13.48,8.26,111.21,13.48,0.0,0.0,33.7,36.0,80,0,11,0.05,18.09,18.09,8.23,33.69,33.7,7215,4874,3585,True
40513,05/09/2020,11:15:13,-1000.0,17.38,6.37,110.8,13.48,8.22,110.8,13.48,0.0,0.0,33.69,36.02,80,0,11,0.05,18.09,18.09,8.23,33.69,33.69,7426,4874,3585,True
40528,05/09/2020,11:15:28,-1000.0,17.32,6.55,113.85,13.48,8.41,113.45,13.48,0.0,0.0,33.71,36.05,80,0,11,0.05,18.09,18.09,8.43,33.71,33.71,7441,4874,3585,True
40543,05/09/2020,11:15:43,-1000.0,17.37,6.41,111.34,13.49,8.26,111.47,13.48,0.0,0.0,33.69,36.07,80,0,11,0.05,18.09,18.09,8.27,33.69,33.69,7456,4874,3585,True
40558,05/09/2020,11:15:58,-1000.0,17.37,6.51,112.69,13.49,8.36,112.82,13.48,0.0,0.0,33.69,36.1,81,0,11,0.05,18.09,18.09,8.34,33.69,33.7,7471,4874,3585,True
40573,05/09/2020,11:16:13,-1000.0,17.41,6.19,107.3,13.48,7.98,107.62,13.48,0.0,0.0,33.72,36.11,80,0,11,0.05,18.09,18.09,7.97,33.72,33.73,7682,4874,3585,True
40588,05/09/2020,11:16:28,-1000.0,17.45,6.19,108.1,13.48,8.02,108.02,13.48,0.0,0.0,33.77,36.14,80,0,11,0.05,18.09,18.09,7.99,33.77,33.76,7697,4874,3585,True
40603,05/09/2020,11:16:43,-1000.0,17.46,6.23,109.18,13.48,8.12,108.64,13.47,0.0,0.0,33.81,36.18,80,0,11,0.05,18.09,18.09,8.08,33.79,33.81,7712,4874,3585,True
40618,05/09/2020,11:16:58,-1000.0,17.4,6.2,107.97,13.48,8.05,108.51,13.48,0.0,0.0,33.84,36.19,80,0,11,0.05,18.09,18.09,8.04,33.85,33.85,7727,4874,3585,True
40633,05/09/2020,11:17:13,-1000.0,17.38,6.14,106.62,13.47,7.91,106.62,13.48,0.0,0.0,33.89,36.22,80,0,11,0.05,18.09,18.09,7.91,33.89,33.9,7938,4874,3585,True
40648,05/09/2020,11:17:28,-1000.0,17.35,5.99,103.98,13.47,7.7,103.44,13.47,0.0,0.0,33.95,36.24,80,0,11,0.05,18.09,18.09,7.76,33.95,33.95,7953,4874,3585,True
40663,05/09/2020,11:17:43,-1000.0,17.24,5.96,102.5,13.47,7.67,102.77,13.46,0.0,0.0,33.96,36.27,80,0,11,0.05,18.09,18.09,7.7,33.96,33.96,7968,4874,3585,True
40678,05/09/2020,11:17:58,-1000.0,17.16,5.78,98.79,13.46,7.35,99.06,13.47,0.0,0.0,33.92,36.29,80,0,11,0.05,18.09,18.09,7.41,33.92,33.92,7983,4874,3585,True
40693,05/09/2020,11:18:13,-1000.0,17.11,5.67,96.64,13.46,7.23,96.64,13.46,0.0,0.0,33.96,36.3,80,0,11,0.05,18.09,18.09,7.18,33.96,33.96,8194,4874,3585,True
40708,05/09/2020,11:18:28,-1000.0,17.09,5.55,95.89,13.46,7.1,95.56,13.46,0.0,0.0,34.02,36.32,80,0,11,0.05,18.09,18.09,7.02,34.02,34.02,8209,4874,3585,True
40723,05/09/2020,11:18:43,-1000.0,17.15,5.39,92.2,13.45,6.86,92.53,13.45,0.0,0.0,34.06,36.34,80,0,11,0.05,18.09,18.09,6.92,34.05,34.07,8224,4874,3585,True
40738,05/09/2020,11:18:58,-1000.0,17.19,5.24,89.03,13.45,6.63,89.57,13.45,0.0,0.0,34.05,36.34,79,0,11,0.05,18.09,18.09,6.7,34.03,34.05,8239,4874,3585,True
40753,05/09/2020,11:19:13,-1000.0,17.1,5.28,90.92,13.45,6.76,90.78,13.45,0.0,0.0,34.02,36.37,79,0,11,0.05,18.09,18.09,6.85,34.03,34.02,8450,4874,3585,True
40768,05/09/2020,11:19:28,-1000.0,17.05,5.4,92.13,13.45,6.86,90.65,13.45,0.0,0.0,33.96,36.38,79,0,11,0.05,18.09,18.09,6.84,33.96,33.96,8465,4874,3585,True
40783,05/09/2020,11:19:43,-1000.0,17.0,5.27,88.77,13.44,6.62,88.36,13.45,0.0,0.0,33.89,36.4,79,0,11,0.05,18.09,18.09,6.71,33.88,33.89,8480,4874,3585,True
40798,05/09/2020,11:19:58,-1000.0,16.98,5.14,87.22,13.44,6.44,86.15,13.44,0.0,0.0,33.8,36.42,78,0,11,0.05,18.09,18.09,6.38,33.8,33.81,8495,4874,3585,True
40813,05/09/2020,11:20:13,-1000.0,16.97,5.01,84.53,13.44,6.29,84.8,13.44,0.0,0.0,33.77,36.43,78,0,11,0.05,18.09,18.09,6.34,33.77,33.77,8706,4874,3585,True
40828,05/09/2020,11:20:28,-1000.0,17.01,4.73,80.71,13.44,6.04,80.71,13.43,0.0,0.0,33.76,36.44,78,0,11,0.06,18.1,18.1,6.04,33.76,33.76,8721,4874,3585,True
40843,05/09/2020,11:20:43,-1000.0,16.87,4.74,80.1,13.44,6.11,80.98,13.44,0.0,0.0,33.78,36.44,78,0,11,0.06,18.1,18.1,5.97,33.79,33.79,8736,4874,3585,True
40858,05/09/2020,11:20:58,-1000.0,16.9,4.74,79.77,13.43,5.96,79.16,13.43,0.0,0.0,33.8,36.45,78,0,11,0.06,18.1,18.1,5.95,33.8,33.79,8751,4874,3585,True
40873,05/09/2020,11:21:13,-1000.0,16.77,4.62,77.49,13.42,5.74,77.35,13.43,0.0,0.0,33.81,36.47,78,0,11,0.06,18.1,18.1,5.65,33.81,33.8,8962,4874,3585,True
40888,05/09/2020,11:21:28,-1000.0,16.71,4.57,76.55,13.43,5.68,77.22,13.43,0.0,0.0,33.83,36.48,78,0,11,0.06,18.1,18.1,5.76,33.83,33.83,8977,4874,3585,True
40903,05/09/2020,11:21:43,-1000.0,16.67,4.37,73.13,13.43,5.58,73.13,13.42,0.0,0.0,33.79,36.48,77,0,11,0.06,18.1,18.1,5.53,33.79,33.77,8992,4874,3585,True
40918,05/09/2020,11:21:58,-1000.0,16.55,4.46,74.07,13.42,5.45,72.19,13.42,0.0,0.0,33.73,36.48,77,0,11,0.06,18.1,18.1,5.39,33.73,33.74,9007,4874,3585,True
40933,05/09/2020,11:22:13,-1000.0,16.62,4.4,71.87,13.42,5.28,71.93,13.42,0.0,0.0,33.7,36.5,77,0,11,0.06,18.1,18.1,5.45,33.7,33.7,9218,4874,3585,True
40948,05/09/2020,11:22:28,-1000.0,16.67,4.28,73.0,13.41,5.39,72.41,13.41,0.0,0.0,33.64,36.51,77,0,11,0.06,18.1,18.1,5.37,33.62,33.64,9233,4874,3585,True
40963,05/09/2020,11:22:43,-1000.0,16.64,4.23,71.66,13.41,5.32,71.39,13.41,0.0,0.0,33.6,36.51,77,0,11,0.06,18.1,18.1,5.25,33.61,33.6,9248,4874,3585,True
40978,05/09/2020,11:22:58,-1000.0,16.56,4.3,71.52,13.42,5.34,71.93,13.42,0.0,0.0,33.58,36.52,77,0,11,0.06,18.1,18.1,5.3,33.57,33.57,9263,4874,3585,True
40993,05/09/2020,11:23:13,-1000.0,16.64,4.27,71.26,13.41,5.26,70.18,13.42,0.0,0.0,33.53,36.52,77,0,11,0.06,18.1,18.1,5.36,33.53,33.53,9474,4874,3585,True
41008,05/09/2020,11:23:28,-1000.0,16.76,4.11,70.72,13.41,5.24,70.53,13.41,0.0,0.0,33.54,36.52,76,0,11,0.06,18.1,18.1,5.19,33.55,33.55,9489,4874,3585,True
41023,05/09/2020,11:23:43,-1000.0,16.74,4.17,69.91,13.41,5.33,70.18,13.41,0.0,0.0,33.56,36.54,76,0,11,0.06,18.1,18.1,5.21,33.54,33.55,9504,4874,3585,True
41038,05/09/2020,11:23:58,-1000.0,16.84,4.35,72.19,13.42,5.53,71.39,13.42,0.0,0.0,33.58,36.53,77,0,11,0.06,18.1,18.1,5.45,33.58,33.57,9519,4874,3585,True
41053,05/09/2020,11:24:13,-1000.0,16.9,4.43,75.01,13.43,5.59,74.34,13.42,0.0,0.0,33.62,36.55,77,0,11,0.06,18.1,18.1,5.51,33.62,33.62,9730,4874,3585,True
41068,05/09/2020,11:24:28,-1000.0,16.94,4.53,76.76,13.43,5.7,75.47,13.43,0.0,0.0,33.69,36.56,77,0,11,0.06,18.1,18.1,5.73,33.68,33.68,9745,4874,3585,True
41083,05/09/2020,11:24:43,-1000.0,17.02,4.99,84.26,13.44,6.32,84.26,13.44,0.0,0.0,33.75,36.57,78,0,11,0.06,18.1,18.1,6.23,33.75,33.76,9760,4874,3585,True
41098,05/09/2020,11:24:58,-1000.0,17.09,4.83,83.19,13.44,6.25,83.46,13.44,0.0,0.0,33.76,36.59,78,0,11,0.06,18.1,18.1,6.13,33.76,33.77,9775,4874,3585,True
41113,05/09/2020,11:25:13,-1000.0,17.13,4.68,80.23,13.43,6.16,82.19,13.44,0.0,0.0,33.79,36.6,78,0,11,0.06,18.1,18.1,6.01,33.78,33.79,9986,4874,3585,True
41128,05/09/2020,11:25:28,-1000.0,17.16,4.97,84.67,13.44,6.18,82.38,13.44,0.0,0.0,33.83,36.62,78,0,11,0.06,18.1,18.1,6.26,33.83,33.82,10001,4874,3585,True
41143,05/09/2020,11:25:43,-1000.0,17.19,4.84,80.98,13.44,6.14,84.0,13.44,0.0,0.0,33.82,36.62,78,0,11,0.06,18.1,18.1,6.19,33.81,33.81,10016,4874,3585,True
41158,05/09/2020,11:25:58,-1000.0,17.2,4.91,84.87,13.44,6.27,82.25,13.44,0.0,0.0,33.79,36.64,78,0,11,0.06,18.1,18.1,6.33,33.8,33.79,10031,4874,3585,True
41173,05/09/2020,11:26:13,-1000.0,17.1,5.28,91.32,13.45,6.78,88.56,13.45,0.0,0.0,33.78,36.65,78,0,11,0.06,18.1,18.1,6.7,33.78,33.78,10242,4874,3585,True
41188,05/09/2020,11:26:28,-1000.0,17.12,5.11,88.5,13.44,6.37,85.2,13.45,0.0,0.0,33.75,36.67,78,0,11,0.06,18.1,18.1,6.58,33.76,33.76,10257,4874,3585,True
41203,05/09/2020,11:26:43,-1000.0,17.16,5.67,97.58,13.46,7.11,95.7,13.46,0.0,0.0,33.77,36.68,79,0,11,0.06,18.1,18.1,7.18,33.76,33.76,10272,4874,3585,True
41218,05/09/2020,11:26:58,-1000.0,17.23,5.88,101.83,13.47,7.43,100.62,13.47,0.0,0.0,33.74,36.69,79,0,11,0.06,18.1,18.1,7.56,33.72,33.74,10287,4874,3585,True
41233,05/09/2020,11:27:13,-1000.0,17.15,5.7,98.12,13.46,7.31,94.75,13.47,0.0,0.0,33.71,36.71,79,0,11,0.06,18.1,18.1,7.07,33.71,33.71,10498,4874,3585,True
41248,05/09/2020,11:27:28,-1000.0,17.25,5.61,98.66,13.46,7.3,99.46,13.47,0.0,0.0,33.69,36.73,79,0,11,0.06,18.1,18.1,7.36,33.68,33.68,10513,4874,3585,True
41263,05/09/2020,11:27:43,-1000.0,17.18,4.96,88.16,13.44,6.44,86.21,13.45,0.0,0.0,33.65,36.75,79,0,11,0.06,18.1,18.1,6.5,33.63,33.64,10528,4874,3585,True
41278,05/09/2020,11:27:58,-1000.0,17.18,4.72,82.46,13.44,6.16,82.79,13.44,0.0,0.0,33.61,36.75,78,0,11,0.07,18.11,18.11,5.96,33.62,33.61,10543,4874,3585,True
41293,05/09/2020,11:28:13,-1000.0,17.04,4.7,77.01,13.43,5.96,77.75,13.43,0.0,0.0,33.65,36.77,78,0,11,0.07,18.11,18.11,5.96,33.64,33.64,10754,4874,3585,True
41308,05/09/2020,11:28:28,-1000.0,17.08,4.48,75.2,13.43,5.72,77.75,13.43,0.0,0.0,33.64,36.78,78,0,11,0.07,18.11,18.11,5.8,33.64,33.64,10769,4874,3585,True
41323,05/09/2020,11:28:43,-1000.0,17.05,4.21,71.93,13.42,5.52,72.33,13.42,0.0,0.0,33.67,36.78,78,0,11,0.07,18.11,18.11,5.43,33.68,33.67,10784,4874,3585,True
41338,05/09/2020,11:28:58,-1000.0,17.02,4.25,73.0,13.42,5.58,74.88,13.42,0.0,0.0,33.7,36.79,77,0,11,0.07,18.11,18.11,5.6,33.71,33.7,10799,4874,3585,True
41353,05/09/2020,11:29:13,-1000.0,17.03,4.3,72.33,13.42,5.41,71.79,13.42,0.0,0.0,33.73,36.81,77,0,11,0.07,18.11,18.11,5.46,33.73,33.73,11010,4874,3585,True
41368,05/09/2020,11:29:28,-1000.0,17.08,4.3,73.94,13.42,5.43,74.21,13.42,0.0,0.0,33.75,36.81,77,0,11,0.07,18.11,18.11,5.44,33.74,33.75,11025,4874,3585,True
41383,05/09/2020,11:29:43,-1000.0,17.02,4.34,76.28,13.43,5.69,73.86,13.42,0.0,0.0,33.74,36.82,77,0,11,0.07,18.11,18.11,5.57,33.75,33.74,11040,4874,3585,True
41398,05/09/2020,11:29:58,-1000.0,17.03,4.52,78.29,13.43,5.79,77.7,13.43,0.0,0.0,33.7,36.82,77,0,11,0.07,18.11,18.11,5.78,33.7,33.69,11055,4874,3585,True
41413,05/09/2020,11:30:13,-1000.0,17.05,4.44,74.34,13.43,5.56,74.07,13.42,0.0,0.0,33.67,36.82,78,0,11,0.07,18.11,18.11,5.52,33.67,33.66,11266,4874,3585,True
41428,05/09/2020,11:30:28,-1000.0,17.02,4.42,75.28,13.43,5.53,74.8,13.42,0.0,0.0,33.61,36.84,77,0,11,0.07,18.11,18.11,5.53,33.61,33.62,11281,4874,3585,True
41443,05/09/2020,11:30:43,-1000.0,17.05,4.45,77.35,13.43,5.66,75.74,13.43,0.0,0.0,33.57,36.85,78,0,11,0.07,18.11,18.11,5.55,33.57,33.58,11296,4874,3585,True
41458,05/09/2020,11:30:58,-1000.0,16.97,4.52,74.74,13.43,5.64,76.01,13.43,0.0,0.0,33.59,36.85,78,0,11,0.07,18.11,18.11,5.7,33.6,33.6,11311,4874,3585,True
41473,05/09/2020,11:31:13,-1000.0,17.11,4.55,76.28,13.43,5.77,78.43,13.43,0.0,0.0,33.61,36.87,78,0,11,0.07,18.11,18.11,5.69,33.61,33.62,11522,4874,3585,True
41488,05/09/2020,11:31:28,-1000.0,17.06,4.47,75.42,13.42,5.67,74.48,13.43,0.0,0.0,33.61,36.86,78,0,11,0.07,18.11,18.11,5.63,33.61,33.61,11537,4874,3585,True
41503,05/09/2020,11:31:43,-1000.0,16.91,4.44,73.27,13.42,5.47,73.81,13.42,0.0,0.0,33.62,36.88,77,0,11,0.07,18.11,18.11,5.56,33.63,33.63,11552,4874,3585,True
41518,05/09/2020,11:31:58,-1000.0,16.98,4.3,74.74,13.42,5.51,72.73,13.42,0.0,0.0,33.64,36.89,77,0,11,0.07,18.11,18.11,5.48,33.63,33.63,11567,4874,3585,True
41533,05/09/2020,11:32:13,-1000.0,17.07,4.33,74.93,13.42,5.5,73.32,13.43,0.0,0.0,33.67,36.89,77,0,11,0.07,18.11,18.11,5.64,33.68,33.67,11778,4874,3585,True
41548,05/09/2020,11:32:28,-1000.0,17.06,4.39,75.47,13.43,5.58,75.07,13.43,0.0,0.0,33.68,36.89,77,0,11,0.07,18.11,18.11,5.6,33.68,33.68,11793,4874,3585,True
41563,05/09/2020,11:32:43,-1000.0,17.17,4.46,76.28,13.43,5.73,75.87,13.43,0.0,0.0,33.67,36.91,77,0,11,0.07,18.11,18.11,5.79,33.67,33.68,11808,4874,3585,True
41578,05/09/2020,11:32:58,-1000.0,17.12,4.44,76.14,13.43,5.76,77.35,13.43,0.0,0.0,33.69,36.92,78,0,11,0.07,18.11,18.11,5.68,33.67,33.67,11823,4874,3585,True
41593,05/09/2020,11:33:13,-1000.0,17.05,4.47,75.47,13.43,5.63,75.74,13.43,0.0,0.0,33.67,36.93,78,0,11,0.07,18.11,18.11,5.73,33.68,33.68,12034,4874,3585,True
41608,05/09/2020,11:33:28,-1000.0,17.2,4.49,77.49,13.43,5.71,76.68,13.42,0.0,0.0,33.7,36.94,78,0,11,0.07,18.11,18.11,5.61,33.71,33.71,12049,4874,3585,True
41623,05/09/2020,11:33:43,-1000.0,17.19,4.37,76.55,13.42,5.67,76.68,13.43,0.0,0.0,33.75,36.95,78,0,11,0.07,18.11,18.11,5.61,33.75,33.74,12064,4874,3585,True
41638,05/09/2020,11:33:58,-1000.0,17.25,4.64,81.25,13.44,5.98,79.69,13.43,0.0,0.0,33.76,36.95,78,0,11,0.07,18.11,18.11,6.0,33.77,33.76,12079,4874,3585,True
41653,05/09/2020,11:34:13,-1000.0,17.25,4.88,84.26,13.44,6.34,84.4,13.44,0.0,0.0,33.71,36.96,78,0,11,0.07,18.11,18.11,6.29,33.71,33.72,12290,4874,3585,True
41668,05/09/2020,11:34:28,-1000.0,17.2,5.15,87.49,13.45,6.48,88.63,13.44,0.0,0.0,33.68,36.98,78,0,11,0.07,18.11,18.11,6.48,33.69,33.68,12305,4874,3585,True
41683,05/09/2020,11:34:43,-1000.0,17.27,5.1,89.98,13.45,6.58,89.03,13.45,0.0,0.0,33.65,36.99,79,0,11,0.07,18.11,18.11,6.67,33.64,33.64,12320,4874,3585,True
41698,05/09/2020,11:34:58,-1000.0,17.26,5.33,92.4,13.46,6.78,91.99,13.45,0.0,0.0,33.62,37.0,79,0,11,0.07,18.11,18.11,6.85,33.62,33.61,12335,4874,3585,True
41713,05/09/2020,11:35:13,-1000.0,17.2,5.63,97.71,13.46,7.16,96.37,13.46,0.0,0.0,33.59,37.01,79,0,11,0.07,18.11,18.11,7.16,33.59,33.58,12546,4874,3585,True
41728,05/09/2020,11:35:28,-1000.0,17.25,5.36,91.25,13.46,6.77,91.12,13.46,0.0,0.0,33.56,37.03,79,0,11,0.07,18.11,18.11,6.82,33.58,33.57,12561,4874,3585,True
41743,05/09/2020,11:35:43,-1000.0,17.24,4.76,82.11,13.44,6.1,82.79,13.44,0.0,0.0,33.55,37.04,78,0,11,0.08,18.12,18.12,6.08,33.56,33.55,12577,4874,3585,True
41758,05/09/2020,11:35:58,-1000.0,17.23,4.78,81.84,13.44,6.13,82.46,13.44,0.0,0.0,33.56,37.06,78,0,11,0.08,18.12,18.12,6.13,33.56,33.56,12591,4874,3585,True
41773,05/09/2020,11:36:13,-1000.0,17.2,5.15,89.03,13.44,6.64,88.23,13.45,0.0,0.0,33.59,37.08,78,0,11,0.08,18.12,18.12,6.58,33.59,33.58,12802,4874,3585,True
41788,05/09/2020,11:36:28,-1000.0,17.3,4.94,85.47,13.44,6.32,85.88,13.45,0.0,0.0,33.58,37.08,79,0,11,0.08,18.12,18.12,6.41,33.59,33.59,12817,4874,3585,True
41803,05/09/2020,11:36:43,-1000.0,17.33,5.02,86.75,13.44,6.49,87.55,13.44,0.0,0.0,33.57,37.09,78,0,11,0.08,18.12,18.12,6.49,33.56,33.56,12832,4874,3585,True
41818,05/09/2020,11:36:58,-1000.0,17.5,5.39,94.35,13.46,6.97,94.35,13.46,0.0,0.0,33.51,37.11,79,0,11,0.08,18.12,18.12,6.94,33.5,33.51,12847,4874,3585,True
41833,05/09/2020,11:37:13,-1000.0,17.54,5.21,90.24,13.46,6.79,90.65,13.46,0.0,0.0,33.49,37.12,79,0,11,0.08,18.12,18.12,6.72,33.49,33.49,13059,4874,3585,True
41848,05/09/2020,11:37:28,-1000.0,17.52,5.22,91.52,13.46,6.79,91.79,13.45,0.0,0.0,33.47,37.12,79,0,11,0.08,18.12,18.12,6.8,33.47,33.47,13074,4874,3585,True
41863,05/09/2020,11:37:43,-1000.0,17.4,5.08,88.9,13.45,6.56,88.09,13.45,0.0,0.0,33.46,37.13,79,0,11,0.08,18.12,18.12,6.49,33.46,33.46,13088,4874,3585,True
41878,05/09/2020,11:37:58,-1000.0,17.42,5.18,90.45,13.46,6.74,91.25,13.46,0.0,0.0,33.43,37.15,79,0,11,0.08,18.12,18.12,6.76,33.42,33.43,13104,4874,3585,True
41893,05/09/2020,11:38:13,-1000.0,17.47,5.45,95.83,13.47,7.05,94.75,13.46,0.0,0.0,33.41,37.16,79,0,11,0.08,18.12,18.12,7.03,33.4,33.4,13315,4874,3585,True
41908,05/09/2020,11:38:28,-1000.0,17.58,5.72,101.29,13.47,7.45,100.75,13.47,0.0,0.0,33.39,37.18,79,0,11,0.08,18.12,18.12,7.51,33.39,33.39,13330,4874,3585,True
41923,05/09/2020,11:38:43,-1000.0,17.67,6.06,107.03,13.49,7.89,106.35,13.48,0.0,0.0,33.38,37.19,80,0,11,0.08,18.12,18.12,7.94,33.38,33.38,13345,4874,3585,True
41938,05/09/2020,11:38:58,-1000.0,17.62,5.92,104.25,13.48,7.72,104.47,13.48,0.0,0.0,33.37,37.2,80,0,11,0.08,18.12,18.12,7.79,33.36,33.36,13360,4874,3585,True
41953,05/09/2020,11:39:13,-1000.0,17.77,6.59,116.5,13.5,8.64,117.04,13.5,0.0,0.0,33.37,37.23,81,0,11,0.08,18.12,18.12,8.64,33.36,33.38,13571,4874,3585,True
41968,05/09/2020,11:39:28,-1000.0,17.59,7.32,129.21,13.52,9.52,128.71,13.52,0.0,0.0,33.41,37.25,82,0,11,0.08,18.12,18.12,9.56,33.4,33.4,13586,4874,3585,True
41983,05/09/2020,11:39:43,-1000.0,17.69,8.71,154.58,13.56,11.38,154.31,13.56,0.0,0.0,33.4,37.27,83,0,11,0.08,18.12,18.12,11.36,33.41,33.4,13601,4874,3585,True
41998,05/09/2020,11:39:58,-1000.0,17.7,8.64,153.09,13.56,11.31,152.68,13.56,0.0,0.0,33.4,37.31,83,0,11,0.08,18.12,18.12,11.22,33.4,33.4,13616,4874,3585,True
42013,05/09/2020,11:40:13,-1000.0,17.83,8.89,159.31,13.57,11.7,158.76,13.57,0.0,0.0,33.38,37.34,84,0,11,0.08,18.12,18.12,11.69,33.39,33.39,13827,4874,3585,True
42028,05/09/2020,11:40:28,-1000.0,17.6,8.97,158.63,13.57,11.71,158.9,13.57,0.0,0.0,33.38,37.39,85,0,11,0.08,18.12,18.12,11.84,33.37,33.38,13842,4874,3585,True
42043,05/09/2020,11:40:43,-1000.0,17.61,8.79,154.96,13.56,11.45,155.64,13.57,0.0,0.0,33.4,37.42,85,0,11,0.08,18.12,18.12,11.47,33.4,33.4,13857,4874,3585,True
42058,05/09/2020,11:40:58,-1000.0,17.61,9.08,159.83,13.57,11.8,159.71,13.57,0.0,0.0,33.45,37.47,85,0,11,0.09,18.13,18.13,11.87,33.45,33.45,13872,4874,3585,True
42073,05/09/2020,11:41:13,-1000.0,17.64,9.07,160.12,13.57,11.83,160.51,13.58,0.0,0.0,33.45,37.51,86,0,11,0.09,18.13,18.13,11.82,33.44,33.45,14083,4874,3585,True
42088,05/09/2020,11:41:28,-1000.0,17.72,9.22,163.23,13.58,12.03,163.5,13.58,0.0,0.0,33.44,37.55,86,0,11,0.09,18.13,18.13,12.09,33.45,33.44,14098,4874,3585,True
42103,05/09/2020,11:41:43,-1000.0,17.68,8.73,154.42,13.57,11.42,154.83,13.57,0.0,0.0,33.46,37.6,85,0,11,0.09,18.13,18.13,11.5,33.46,33.46,14113,4874,3585,True
42118,05/09/2020,11:41:58,-1000.0,17.57,8.55,150.1,13.56,11.1,150.1,13.56,0.0,0.0,33.46,37.63,85,0,11,0.09,18.13,18.13,11.0,33.45,33.45,14128,4874,3585,True
42133,05/09/2020,11:42:13,-1000.0,17.65,8.4,148.61,13.56,10.96,148.5,13.56,0.0,0.0,33.49,37.66,85,0,11,0.09,18.13,18.13,10.93,33.5,33.49,14339,4874,3585,True
42148,05/09/2020,11:42:28,-1000.0,17.68,8.01,141.86,13.55,10.5,142.27,13.55,0.0,0.0,33.53,37.69,84,0,11,0.09,18.13,18.13,10.46,33.55,33.55,14354,4874,3585,True
42163,05/09/2020,11:42:43,-1000.0,17.66,8.27,146.04,13.55,10.78,146.71,13.56,0.0,0.0,33.61,37.72,84,0,11,0.09,18.13,18.13,10.79,33.61,33.61,14369,4874,3585,True
42178,05/09/2020,11:42:58,-1000.0,17.59,8.56,150.78,13.56,11.07,150.92,13.56,0.0,0.0,33.67,37.75,85,0,11,0.09,18.13,18.13,11.13,33.67,33.67,14384,4874,3585,True
42193,05/09/2020,11:43:13,-1000.0,17.51,8.67,152.11,13.57,11.2,152.25,13.56,0.0,0.0,33.71,37.78,85,0,11,0.09,18.13,18.13,11.22,33.71,33.7,14595,4874,3585,True
42208,05/09/2020,11:43:28,-1000.0,17.56,8.47,148.72,13.56,10.94,149.16,13.56,0.0,0.0,33.78,37.81,85,0,11,0.09,18.13,18.13,10.95,33.77,33.77,14610,4874,3585,True
42223,05/09/2020,11:43:43,-1000.0,17.63,8.69,153.47,13.57,11.3,153.2,13.57,0.0,0.0,33.82,37.85,85,0,11,0.09,18.13,18.13,11.26,33.82,33.82,14625,4874,3585,True
42238,05/09/2020,11:43:58,-1000.0,17.46,8.91,155.78,13.57,11.52,155.91,13.57,0.0,0.0,33.85,37.89,85,0,11,0.09,18.13,18.13,11.48,33.86,33.85,14640,4874,3585,True
42253,05/09/2020,11:44:13,-1000.0,17.35,8.09,140.24,13.55,10.35,140.13,13.55,0.0,0.0,33.87,37.91,85,0,11,0.09,18.13,18.13,10.36,33.87,33.87,14851,4874,3585,True
42268,05/09/2020,11:44:28,-1000.0,17.31,8.23,142.54,13.55,10.51,142.41,13.55,0.0,0.0,33.9,37.94,85,0,11,0.09,18.13,18.13,10.54,33.91,33.91,14866,4874,3585,True
42283,05/09/2020,11:44:43,-1000.0,17.36,7.96,138.24,13.54,10.24,138.75,13.54,0.0,0.0,33.94,37.97,84,0,11,0.09,18.13,18.13,10.2,33.94,33.94,14881,4874,3585,True
42298,05/09/2020,11:44:58,-1000.0,17.33,8.4,145.25,13.55,10.69,144.95,13.56,0.0,0.0,33.96,37.99,85,0,11,0.1,18.14,18.14,10.75,33.97,33.97,14896,4874,3585,True
42313,05/09/2020,11:45:13,-1000.0,17.19,8.95,154.15,13.57,11.34,153.88,13.57,0.0,0.0,33.99,38.01,85,0,11,0.1,18.14,18.14,11.33,33.99,33.98,15107,4874,3585,True
42328,05/09/2020,11:45:28,-1000.0,17.5,9.55,167.42,13.59,12.32,167.55,13.59,0.0,0.0,34.03,38.05,86,0,11,0.1,18.14,18.14,12.34,34.03,34.03,15122,4874,3585,True
42343,05/09/2020,11:45:43,-1000.0,17.48,9.68,169.19,13.6,12.46,169.6,13.59,0.0,0.0,34.06,38.08,87,0,11,0.1,18.14,18.14,12.44,34.06,34.05,15137,4874,3585,True
42358,05/09/2020,11:45:58,-1000.0,17.3,10.19,176.65,13.61,13.0,176.65,13.61,0.0,0.0,34.08,38.12,88,0,11,0.1,18.14,18.14,12.94,34.09,34.09,15152,4874,3585,True
42373,05/09/2020,11:46:13,-1000.0,17.31,10.43,180.6,13.62,13.25,180.19,13.62,0.0,0.0,34.1,38.17,88,0,11,0.1,18.14,18.14,13.23,34.1,34.11,3,4875,3585,True
42388,05/09/2020,11:46:28,-1000.0,17.28,9.89,170.81,13.6,12.54,171.22,13.6,0.0,0.0,34.12,38.21,88,0,11,0.1,18.14,18.14,12.57,34.11,34.11,18,4875,3585,True
42403,05/09/2020,11:46:43,-1000.0,17.21,9.6,165.25,13.59,12.16,165.39,13.6,0.0,0.0,34.15,38.25,87,0,11,0.1,18.14,18.14,12.18,34.15,34.16,33,4875,3585,True
42418,05/09/2020,11:46:58,-1000.0,17.18,9.28,159.42,13.58,11.76,159.56,13.59,0.0,0.0,34.16,38.29,87,0,11,0.1,18.14,18.14,11.79,34.16,34.16,48,4875,3585,True
42433,05/09/2020,11:47:13,-1000.0,17.16,9.57,164.57,13.59,12.11,164.57,13.59,0.0,0.0,34.19,38.33,87,0,11,0.1,18.14,18.14,12.12,34.19,34.19,259,4875,3585,True
42448,05/09/2020,11:47:28,-1000.0,16.92,9.45,159.83,13.58,11.79,160.63,13.58,0.0,0.0,34.22,38.37,86,0,11,0.1,18.14,18.14,11.92,34.2,34.2,274,4875,3585,True
42463,05/09/2020,11:47:43,-1000.0,16.76,9.87,165.25,13.59,12.19,165.25,13.59,0.0,0.0,34.18,38.4,87,0,11,0.1,18.14,18.14,12.17,34.17,34.18,289,4875,3585,True
42478,05/09/2020,11:47:58,-1000.0,16.51,9.88,163.35,13.59,11.99,163.08,13.59,0.0,0.0,34.13,38.42,87,0,11,0.1,18.14,18.14,11.96,34.12,34.13,304,4875,3585,True
42493,05/09/2020,11:48:13,-1000.0,16.48,9.18,151.44,13.57,11.16,151.44,13.57,0.0,0.0,34.12,38.46,86,0,11,0.1,18.14,18.14,11.13,34.12,34.11,515,4875,3585,True
42508,05/09/2020,11:48:28,-1000.0,16.63,9.25,153.58,13.57,11.3,153.2,13.57,0.0,0.0,34.12,38.5,86,0,11,0.1,18.14,18.14,11.29,34.11,34.11,530,4875,3585,True
42523,05/09/2020,11:48:43,-1000.0,16.8,9.04,151.98,13.57,11.22,152.52,13.57,0.0,0.0,34.13,38.51,86,0,11,0.11,18.15,18.15,11.24,34.14,34.13,545,4875,3585,True
42538,05/09/2020,11:48:58,-1000.0,20.49,0.19,3.99,13.31,0.28,3.72,13.32,0.0,0.0,34.15,38.54,86,0,11,0.11,18.15,18.15,0.31,34.15,34.15,560,4875,3585,True
42553,05/09/2020,11:49:13,-1000.0,20.48,0.07,1.59,13.31,0.11,1.46,13.31,0.0,0.0,34.16,38.53,85,0,11,0.11,18.15,18.15,0.11,34.16,34.15,771,4875,3585,True
42568,05/09/2020,11:49:28,-1000.0,20.5,0.06,1.46,13.3,0.11,1.46,13.31,0.0,0.0,34.14,38.52,84,0,11,0.11,18.15,18.15,0.11,34.14,34.14,786,4875,3585,True
42583,05/09/2020,11:49:43,-1000.0,20.43,0.16,3.46,13.31,0.25,3.19,13.31,0.0,0.0,34.16,38.49,83,0,11,0.11,18.15,18.15,0.27,34.16,34.16,801,4875,3585,True
42598,05/09/2020,11:49:58,-1000.0,20.51,0.2,3.85,13.31,0.31,3.99,13.3,0.0,0.0,34.2,38.46,82,0,11,0.11,18.15,18.15,0.31,34.2,34.19,816,4875,3585,True
42613,05/09/2020,11:50:13,-1000.0,20.53,0.19,3.85,13.31,0.3,4.25,13.31,0.0,0.0,34.25,38.43,81,0,11,0.11,18.15,18.15,0.29,34.24,34.24,1027,4875,3585,True
42628,05/09/2020,11:50:28,-1000.0,18.29,8.76,160.39,13.57,11.81,160.66,13.57,0.0,0.0,34.28,38.42,81,0,11,0.11,18.15,18.15,11.85,34.29,34.28,1042,4875,3585,True
42643,05/09/2020,11:50:43,-1000.0,15.57,11.86,185.23,13.62,13.57,185.09,13.62,0.0,0.0,34.33,38.43,82,0,11,0.11,18.15,18.15,13.64,34.32,34.33,1057,4875,3585,True
42658,05/09/2020,11:50:58,-1000.0,16.52,11.81,194.77,13.64,14.3,195.05,13.64,0.0,0.0,34.33,38.47,83,0,11,0.11,18.15,18.15,14.25,34.33,34.33,1072,4875,3585,True
42673,05/09/2020,11:51:13,-1000.0,16.51,11.79,194.91,13.64,14.28,195.32,13.65,0.0,0.0,34.33,38.52,84,0,11,0.11,18.15,18.15,14.2,34.33,34.34,1283,4875,3585,True
42688,05/09/2020,11:51:28,-1000.0,16.54,11.95,197.24,13.65,14.48,197.65,13.65,0.0,0.0,34.29,38.56,84,0,11,0.11,18.15,18.15,14.46,34.3,34.29,1298,4875,3585,True
42703,05/09/2020,11:51:43,-1000.0,16.52,11.93,197.23,13.65,14.42,196.83,13.66,0.0,0.0,34.32,38.62,85,0,11,0.11,18.15,18.15,14.41,34.33,34.33,1313,4875,3585,True
42718,05/09/2020,11:51:58,-1000.0,16.54,11.89,196.69,13.65,14.41,196.56,13.65,0.0,0.0,34.3,38.69,86,0,11,0.11,18.15,18.15,14.41,34.31,34.31,1328,4875,3585,True
42733,05/09/2020,11:52:13,-1000.0,16.5,11.39,188.23,13.64,13.85,189.18,13.64,0.0,0.0,34.22,38.74,87,0,11,0.11,18.15,18.15,13.8,34.23,34.22,1539,4875,3585,True
42748,05/09/2020,11:52:28,-1000.0,16.48,11.19,184.55,13.63,13.55,184.95,13.63,0.0,0.0,34.16,38.78,88,0,11,0.11,18.15,18.15,13.57,34.16,34.16,1554,4875,3585,True
42763,05/09/2020,11:52:43,-1000.0,16.49,11.25,185.64,13.63,13.63,185.91,13.63,0.0,0.0,34.09,38.84,89,0,11,0.11,18.15,18.15,13.53,34.08,34.08,1569,4875,3585,True
42778,05/09/2020,11:52:58,-1000.0,16.46,10.68,176.11,13.61,12.93,175.7,13.61,0.0,0.0,34.02,38.88,88,0,11,0.11,18.15,18.15,12.81,34.0,34.02,1584,4875,3585,True
42793,05/09/2020,11:53:13,-1000.0,16.41,9.91,162.26,13.59,11.93,162.4,13.59,0.0,0.0,34.01,38.92,88,0,11,0.11,18.15,18.15,11.97,34.01,34.02,1795,4875,3585,True
42808,05/09/2020,11:53:28,-1000.0,16.37,9.34,152.79,13.57,11.27,152.52,13.57,0.0,0.0,34.07,38.96,87,0,11,0.12,18.16,18.16,11.28,34.08,34.07,1810,4875,3585,True
42823,05/09/2020,11:53:43,-1000.0,16.42,10.12,166.32,13.6,12.26,167.0,13.6,0.0,0.0,34.19,38.99,87,0,11,0.12,18.16,18.16,12.31,34.18,34.18,1825,4875,3585,True
42838,05/09/2020,11:53:58,-1000.0,16.44,10.53,173.11,13.61,12.74,173.52,13.61,0.0,0.0,34.26,39.02,87,0,11,0.12,18.16,18.16,12.69,34.25,34.26,1840,4875,3585,True
42853,05/09/2020,11:54:13,-1000.0,16.41,10.0,164.16,13.59,12.11,164.56,13.59,0.0,0.0,34.29,39.05,87,0,11,0.12,18.16,18.16,12.19,34.29,34.28,2051,4875,3585,True
42868,05/09/2020,11:54:28,-1000.0,16.4,9.62,158.05,13.58,11.61,157.93,13.58,0.0,0.0,34.26,39.09,88,0,11,0.12,18.16,18.16,11.55,34.26,34.25,2066,4875,3585,True
42883,05/09/2020,11:54:43,-1000.0,16.38,9.57,157.52,13.58,11.56,157.39,13.58,0.0,0.0,34.23,39.12,87,0,11,0.12,18.16,18.16,11.64,34.24,34.24,2081,4875,3585,True
42898,05/09/2020,11:54:58,-1000.0,16.46,10.66,175.56,13.62,12.86,175.56,13.61,0.0,0.0,34.24,39.14,88,0,11,0.12,18.16,18.16,12.88,34.23,34.22,2096,4875,3585,True
42913,05/09/2020,11:55:13,-1000.0,16.48,11.14,183.32,13.63,13.45,184.14,13.62,0.0,0.0,34.26,39.17,88,0,11,0.12,18.16,18.16,13.46,34.26,34.26,2307,4875,3585,True
42928,05/09/2020,11:55:28,-1000.0,16.5,11.25,185.23,13.63,13.61,185.23,13.63,0.0,0.0,34.29,39.21,89,0,11,0.12,18.16,18.16,13.58,34.3,34.3,2322,4875,3585,True
42943,05/09/2020,11:55:43,-1000.0,16.49,11.44,188.23,13.63,13.82,188.63,13.63,0.0,0.0,34.33,39.25,89,0,11,0.12,18.16,18.16,13.81,34.33,34.32,2337,4875,3585,True
42958,05/09/2020,11:55:58,-1000.0,16.55,12.13,200.93,13.66,14.68,201.34,13.66,0.0,0.0,34.39,39.29,90,0,11,0.12,18.16,18.16,14.68,34.39,34.38,2352,4875,3585,True
42973,05/09/2020,11:56:13,-1000.0,16.53,11.77,194.78,13.65,14.26,194.23,13.65,0.0,0.0,34.4,39.34,90,0,11,0.12,18.16,18.16,14.21,34.39,34.39,2563,4875,3585,True
42988,05/09/2020,11:56:28,-1000.0,16.5,11.37,187.54,13.64,13.82,188.5,13.64,0.0,0.0,34.32,39.39,90,0,11,0.12,18.16,18.16,13.82,34.33,34.33,2578,4875,3585,True
43003,05/09/2020,11:56:43,-1000.0,16.5,11.45,189.05,13.64,13.86,188.77,13.64,0.0,0.0,34.27,39.42,90,0,11,0.13,18.17,18.17,13.8,34.26,34.28,2593,4875,3585,True
43018,05/09/2020,11:56:58,-1000.0,16.5,11.33,187.13,13.64,13.72,187.27,13.64,0.0,0.0,34.29,39.47,90,0,11,0.13,18.17,18.17,13.7,34.28,34.29,2608,4875,3585,True
43033,05/09/2020,11:57:13,-1000.0,16.51,11.42,188.36,13.64,13.83,188.91,13.64,0.0,0.0,34.29,39.5,90,0,11,0.13,18.17,18.17,13.93,34.28,34.28,2819,4875,3585,True
43048,05/09/2020,11:57:28,-1000.0,16.49,11.23,185.23,13.63,13.61,185.23,13.63,0.0,0.0,34.32,39.55,89,0,11,0.13,18.17,18.17,13.58,34.32,34.31,2834,4875,3585,True
43063,05/09/2020,11:57:43,-1000.0,16.5,11.45,189.73,13.64,13.89,189.59,13.64,0.0,0.0,34.36,39.58,90,0,11,0.13,18.17,18.17,13.85,34.37,34.37,2849,4875,3585,True
43078,05/09/2020,11:57:58,-1000.0,16.51,11.36,187.41,13.64,13.73,187.27,13.64,0.0,0.0,34.38,39.62,90,0,11,0.13,18.17,18.17,13.78,34.37,34.38,2864,4875,3585,True
43093,05/09/2020,11:58:13,-1000.0,16.51,11.24,185.64,13.64,13.58,185.23,13.63,0.0,0.0,34.39,39.66,90,0,11,0.13,18.17,18.17,13.5,34.39,34.4,3075,4875,3585,True
43108,05/09/2020,11:58:28,-1000.0,16.46,10.8,178.42,13.62,13.08,177.74,13.62,0.0,0.0,34.43,39.69,90,0,11,0.13,18.17,18.17,13.03,34.43,34.44,3090,4875,3585,True
43123,05/09/2020,11:58:43,-1000.0,16.47,10.8,177.87,13.62,13.01,176.78,13.62,0.0,0.0,34.46,39.72,90,0,11,0.13,18.17,18.17,12.92,34.47,34.47,3105,4875,3585,True
43138,05/09/2020,11:58:58,-1000.0,16.45,10.5,172.71,13.61,12.72,173.51,13.61,0.0,0.0,34.46,39.75,89,0,11,0.13,18.17,18.17,12.79,34.46,34.47,3120,4875,3585,True
43153,05/09/2020,11:59:13,-1000.0,16.49,11.24,185.23,13.64,13.57,185.09,13.63,0.0,0.0,34.43,39.78,89,0,11,0.13,18.17,18.17,13.51,34.42,34.42,3331,4875,3585,True
43168,05/09/2020,11:59:28,-1000.0,16.46,10.78,177.87,13.61,13.05,178.01,13.62,0.0,0.0,34.34,39.8,89,0,11,0.13,18.17,18.17,13.09,34.35,34.35,3346,4875,3585,True
43183,05/09/2020,11:59:43,-1000.0,16.46,10.65,175.97,13.62,12.9,175.83,13.62,0.0,0.0,34.33,39.83,89,0,11,0.13,18.17,18.17,12.91,34.34,34.34,3361,4875,3585,True
43198,05/09/2020,11:59:58,-1000.0,16.42,10.07,165.64,13.6,12.16,165.37,13.59,0.0,0.0,34.38,39.85,88,0,11,0.14,18.18,18.18,12.1,34.37,34.37,3376,4875,3585,True
43213,05/09/2020,12:00:13,-1000.0,16.44,10.33,169.86,13.61,12.48,169.72,13.6,0.0,0.0,34.37,39.88,89,0,11,0.14,18.18,18.18,12.44,34.37,34.37,3587,4875,3585,True
43228,05/09/2020,12:00:28,-1000.0,16.44,10.39,171.21,13.61,12.57,171.48,13.61,0.0,0.0,34.37,39.91,89,0,11,0.14,18.18,18.18,12.76,34.36,34.35,3602,4875,3585,True
43243,05/09/2020,12:00:43,-1000.0,16.48,10.91,179.77,13.63,13.16,179.37,13.62,0.0,0.0,34.33,39.93,90,0,11,0.14,18.18,18.18,13.23,34.33,34.33,3617,4875,3585,True
43258,05/09/2020,12:00:58,-1000.0,16.51,11.31,186.73,13.64,13.73,187.14,13.64,0.0,0.0,34.35,39.95,90,0,11,0.14,18.18,18.18,13.73,34.35,34.35,3632,4875,3585,True
43273,05/09/2020,12:01:13,-1000.0,16.53,11.67,192.46,13.65,14.08,192.05,13.65,0.0,0.0,34.34,39.99,90,0,11,0.14,18.18,18.18,13.97,34.34,34.34,3843,4875,3585,True
43288,05/09/2020,12:01:28,-1000.0,16.54,11.84,195.87,13.65,14.36,196.15,13.65,0.0,0.0,34.34,40.01,91,0,11,0.14,18.18,18.18,14.36,34.35,34.35,3858,4875,3585,True
43303,05/09/2020,12:01:43,-1000.0,16.54,11.95,197.65,13.66,14.48,197.93,13.66,0.0,0.0,34.31,40.06,91,0,11,0.14,18.18,18.18,14.47,34.32,34.31,3873,4875,3585,True
43318,05/09/2020,12:01:58,-1000.0,16.54,11.95,197.79,13.66,14.47,197.66,13.65,0.0,0.0,34.32,40.09,91,0,11,0.14,18.18,18.18,14.51,34.31,34.31,3888,4875,3585,True
43333,05/09/2020,12:02:13,-1000.0,16.55,12.06,199.57,13.66,14.64,199.98,13.66,0.0,0.0,34.3,40.13,92,0,11,0.14,18.18,18.18,14.58,34.3,34.29,4099,4875,3585,True
43348,05/09/2020,12:02:28,-1000.0,16.55,11.91,197.38,13.66,14.44,197.1,13.65,0.0,0.0,34.29,40.18,92,0,11,0.14,18.18,18.18,14.45,34.3,34.3,4114,4875,3585,True
43363,05/09/2020,12:02:43,-1000.0,16.56,12.22,202.45,13.66,14.84,202.86,13.66,0.0,0.0,34.35,40.21,92,0,11,0.14,18.18,18.18,14.83,34.34,34.35,4129,4875,3585,True
43378,05/09/2020,12:02:58,-1000.0,16.58,12.54,208.34,13.68,15.26,208.2,13.68,0.0,0.0,34.37,40.26,92,0,11,0.14,18.18,18.18,15.25,34.37,34.37,4144,4875,3585,True
43393,05/09/2020,12:03:13,-1000.0,16.6,12.57,207.66,13.68,15.26,208.07,13.68,0.0,0.0,34.41,40.3,93,0,11,0.15,18.19,18.19,15.21,34.41,34.42,4355,4875,3585,True
43408,05/09/2020,12:03:28,-1000.0,16.58,12.5,207.38,13.67,15.18,206.7,13.68,0.0,0.0,34.49,40.36,93,0,11,0.15,18.19,18.19,15.16,34.48,34.49,4370,4875,3585,True
