47374,07/05/2020,13:09:34,108.1,19.14,0.11,1.85,13.25,0.16,1.85,13.23,0.0,0.0,43.02,43.96,100,0,7,0.0,21.77,52.01,0.16,43.02,43.02,14649,6400,3586,True
47389,07/05/2020,13:09:49,108.3,19.13,0.09,2.12,13.23,0.14,1.85,13.24,0.0,0.0,43.06,43.97,100,0,7,0.0,21.77,52.01,0.15,43.07,43.07,14860,6400,3586,True
47404,07/05/2020,13:10:04,108.4,19.11,0.1,1.98,13.23,0.14,1.85,13.24,0.0,0.0,43.1,43.98,100,0,7,0.0,21.77,52.01,0.16,43.1,43.1,14875,6400,3586,True
47419,07/05/2020,13:10:19,108.4,19.12,0.11,2.11,13.25,0.15,1.98,13.25,0.0,0.0,43.1,43.98,100,0,7,0.0,21.77,52.01,0.16,43.1,43.1,14890,6400,3586,True
47434,07/05/2020,13:10:34,108.4,19.15,0.1,1.98,13.25,0.15,2.11,13.24,0.0,0.0,43.11,43.99,100,0,7,0.0,21.77,52.01,0.16,43.11,43.11,14905,6400,3586,True
47449,07/05/2020,13:10:49,108.4,19.15,0.11,1.98,13.24,0.14,2.12,13.25,0.0,0.0,43.11,44.0,100,0,7,0.0,21.77,52.01,0.14,43.11,43.11,15116,6400,3586,True
47464,07/05/2020,13:11:04,108.4,19.15,0.11,1.85,13.24,0.14,2.25,13.23,0.0,0.0,43.11,44.01,100,0,7,0.0,21.77,52.01,0.13,43.11,43.11,15131,6400,3586,True
47479,07/05/2020,13:11:19,108.4,19.19,0.1,2.11,13.24,0.17,1.98,13.24,0.0,0.0,43.11,44.01,100,0,7,0.0,21.77,52.01,0.15,43.12,43.12,15146,6400,3586,True
47494,07/05/2020,13:11:34,108.4,19.19,0.11,2.11,13.23,0.15,2.38,13.23,0.0,0.0,43.09,44.02,100,0,7,0.0,21.77,52.01,0.15,43.09,43.09,15161,6400,3586,True
47509,07/05/2020,13:11:49,108.4,19.19,0.09,2.11,13.23,0.16,2.12,13.22,0.0,0.0,43.09,44.03,100,0,7,0.0,21.77,52.01,0.16,43.08,43.08,12,6401,3586,True
47524,07/05/2020,13:12:04,108.4,19.18,0.11,2.24,13.25,0.18,2.38,13.24,0.0,0.0,43.07,44.03,100,0,7,0.0,21.77,52.01,0.17,43.08,43.07,27,6401,3586,True
47539,07/05/2020,13:12:19,108.4,19.17,0.09,2.25,13.24,0.13,2.38,13.23,0.0,0.0,43.08,44.03,100,0,7,0.0,21.77,52.01,0.15,43.08,43.08,42,6401,3586,True
47554,07/05/2020,13:12:34,108.4,19.16,0.11,2.12,13.23,0.14,2.25,13.24,0.0,0.0,43.1,44.04,100,0,7,0.0,21.77,52.01,0.15,43.09,43.1,57,6401,3586,True
47569,07/05/2020,13:12:49,108.5,19.17,0.12,1.85,13.25,0.15,2.12,13.25,0.0,0.0,43.12,44.06,100,0,7,0.0,21.77,52.01,0.15,43.12,43.12,268,6401,3586,True
47584,07/05/2020,13:13:04,108.5,19.16,0.11,2.25,13.24,0.17,2.25,13.23,0.0,0.0,43.15,44.06,100,0,7,0.0,21.77,52.01,0.17,43.15,43.15,283,6401,3586,True
47599,07/05/2020,13:13:19,108.4,19.19,0.11,1.98,13.23,0.13,1.72,13.24,0.0,0.0,43.09,44.07,100,0,7,0.0,21.77,52.01,0.16,43.09,43.09,298,6401,3586,True
47614,07/05/2020,13:13:34,108.4,19.19,0.09,2.25,13.24,0.14,2.12,13.22,0.0,0.0,43.06,44.06,100,0,7,0.0,21.77,52.01,0.16,43.05,43.05,313,6401,3586,True
47629,07/05/2020,13:13:49,108.4,19.18,0.1,1.98,13.24,0.17,1.85,13.24,0.0,0.0,43.05,44.08,100,0,7,0.0,21.77,52.01,0.17,43.05,43.05,524,6401,3586,True
47644,07/05/2020,13:14:04,108.3,19.19,0.1,2.25,13.22,0.16,2.12,13.23,0.0,0.0,42.95,44.09,100,0,7,0.0,21.77,52.01,0.15,42.94,42.94,539,6401,3586,True
47659,07/05/2020,13:14:19,108.2,19.22,0.1,1.98,13.23,0.14,1.85,13.24,0.0,0.0,42.81,44.1,100,0,7,0.0,21.77,52.01,0.15,42.81,42.81,554,6401,3586,True
47674,07/05/2020,13:14:34,108.1,19.23,0.1,2.24,13.25,0.15,1.98,13.24,0.0,0.0,42.8,44.1,100,0,7,0.0,21.77,52.01,0.16,42.8,42.81,569,6401,3586,True
47689,07/05/2020,13:14:49,108.2,19.23,0.11,1.98,13.22,0.15,2.24,13.24,0.0,0.0,42.85,44.1,100,0,7,0.0,21.77,52.01,0.15,42.85,42.84,780,6401,3586,True
47704,07/05/2020,13:15:04,108.2,19.23,0.1,1.85,13.23,0.16,2.11,13.24,0.0,0.0,42.89,44.11,100,0,7,0.0,21.77,52.01,0.17,42.89,42.89,795,6401,3586,True
47719,07/05/2020,13:15:19,108.2,19.23,0.09,1.98,13.25,0.16,1.98,13.25,0.0,0.0,42.87,44.11,100,0,7,0.0,21.77,52.01,0.18,42.88,42.88,810,6401,3586,True
47734,07/05/2020,13:15:34,108.2,19.23,0.09,2.38,13.23,0.18,2.24,13.25,0.0,0.0,42.87,44.13,100,0,7,0.0,21.77,52.01,0.15,42.87,42.87,825,6401,3586,True
47749,07/05/2020,13:15:49,108.2,19.23,0.11,2.24,13.25,0.17,2.11,13.24,0.0,0.0,42.87,44.13,100,0,7,0.0,21.77,52.01,0.18,42.87,42.87,1036,6401,3586,True
47764,07/05/2020,13:16:04,108.2,19.23,0.11,1.98,13.23,0.16,1.98,13.24,0.0,0.0,42.89,44.13,100,0,7,0.0,21.77,52.01,0.16,42.89,42.89,1051,6401,3586,True
47779,07/05/2020,13:16:19,108.2,19.23,0.09,1.98,13.25,0.16,1.85,13.23,0.0,0.0,42.93,44.14,100,0,7,0.0,21.77,52.01,0.13,42.93,42.93,1066,6401,3586,True
47794,07/05/2020,13:16:34,108.1,19.25,0.1,1.98,13.25,0.15,2.12,13.22,0.0,0.0,42.9,44.15,100,0,7,0.0,21.77,52.01,0.17,42.91,42.91,1081,6401,3586,True
47809,07/05/2020,13:16:49,107.9,19.25,0.11,2.25,13.22,0.17,2.24,13.24,0.0,0.0,42.89,44.16,100,0,7,0.0,21.77,52.01,0.15,42.89,42.89,1292,6401,3586,True
47824,07/05/2020,13:17:04,107.9,19.25,0.11,2.24,13.25,0.16,2.11,13.23,0.0,0.0,42.9,44.17,100,0,7,0.0,21.77,52.01,0.16,42.89,42.89,1307,6401,3586,True
47839,07/05/2020,13:17:19,107.9,19.23,0.1,1.98,13.22,0.14,2.11,13.23,0.0,0.0,42.93,44.17,100,0,7,0.0,21.77,52.01,0.18,42.93,42.93,1322,6401,3586,True
47854,07/05/2020,13:17:34,107.9,19.24,0.11,2.38,13.23,0.17,1.71,13.25,0.0,0.0,42.96,44.17,100,0,7,0.0,21.77,52.01,0.18,42.96,42.95,1337,6401,3586,True
47869,07/05/2020,13:17:49,108.1,19.23,0.09,1.85,13.25,0.15,1.85,13.22,0.0,0.0,43.0,44.18,100,0,7,0.0,21.77,52.01,0.15,43.0,43.0,1548,6401,3586,True
47884,07/05/2020,13:18:04,108.2,19.23,0.1,1.98,13.23,0.16,2.25,13.23,0.0,0.0,43.04,44.19,100,0,7,0.0,21.77,52.01,0.15,43.04,43.04,1563,6401,3586,True
47899,07/05/2020,13:18:19,108.3,19.23,0.1,2.38,13.23,0.15,1.98,13.22,0.0,0.0,43.07,44.19,100,0,7,0.0,21.77,52.01,0.17,43.07,43.07,1578,6401,3586,True
47914,07/05/2020,13:18:34,108.3,19.23,0.09,2.25,13.23,0.15,1.85,13.22,0.0,0.0,43.1,44.21,100,0,7,0.0,21.77,52.01,0.17,43.1,43.1,1593,6401,3586,True
47929,07/05/2020,13:18:49,108.4,19.21,0.1,1.85,13.22,0.14,1.85,13.22,0.0,0.0,43.12,44.21,100,0,7,0.0,21.77,52.01,0.16,43.12,43.12,1804,6401,3586,True
47944,07/05/2020,13:19:04,108.3,19.23,0.1,2.37,13.22,0.14,2.24,13.25,0.0,0.0,43.03,44.21,100,0,7,0.0,21.77,52.01,0.15,43.03,43.04,1819,6401,3586,True
47959,07/05/2020,13:19:19,108.3,19.23,0.1,1.85,13.23,0.14,2.64,13.23,0.0,0.0,43.05,44.22,100,0,7,0.0,21.77,52.01,0.17,43.05,43.05,1834,6401,3586,True
47974,07/05/2020,13:19:34,108.3,19.23,0.11,2.25,13.23,0.17,2.51,13.23,0.0,0.0,43.07,44.22,100,0,7,0.0,21.77,52.01,0.16,43.07,43.07,1849,6401,3586,True
47989,07/05/2020,13:19:49,108.4,19.22,0.09,2.37,13.22,0.16,2.24,13.24,0.0,0.0,43.07,44.23,100,0,7,0.0,21.77,52.01,0.15,43.08,43.07,2060,6401,3586,True
48004,07/05/2020,13:20:04,108.5,19.21,0.11,2.11,13.25,0.17,1.98,13.23,0.0,0.0,43.1,44.24,100,0,7,0.0,21.77,52.01,0.17,43.1,43.11,2075,6401,3586,True
48019,07/05/2020,13:20:19,108.6,19.2,0.08,1.71,13.25,0.17,2.12,13.23,0.0,0.0,43.12,44.25,100,0,7,0.0,21.77,52.01,0.14,43.14,43.13,2090,6401,3586,True
48034,07/05/2020,13:20:34,108.7,19.2,0.12,2.11,13.25,0.15,1.98,13.22,0.0,0.0,43.17,44.25,100,0,7,0.0,21.77,52.01,0.16,43.17,43.17,2105,6401,3586,True
48049,07/05/2020,13:20:49,108.7,19.19,0.1,2.24,13.24,0.18,1.98,13.24,0.0,0.0,43.19,44.26,100,0,7,0.0,21.77,52.01,0.19,43.19,43.19,2316,6401,3586,True
48064,07/05/2020,13:21:04,108.7,19.22,0.09,1.85,13.23,0.15,2.11,13.23,0.0,0.0,43.17,44.26,100,0,7,0.0,21.77,52.01,0.16,43.17,43.17,2331,6401,3586,True
48079,07/05/2020,13:21:19,108.7,19.23,0.11,2.11,13.24,0.16,2.12,13.22,0.0,0.0,43.15,44.27,100,0,7,0.0,21.77,52.01,0.16,43.15,43.15,2346,6401,3586,True
48094,07/05/2020,13:21:34,108.7,19.23,0.11,2.11,13.24,0.17,1.98,13.25,0.0,0.0,43.18,44.28,100,0,7,0.0,21.77,52.01,0.16,43.18,43.18,2361,6401,3586,True
48109,07/05/2020,13:21:49,108.7,19.23,0.13,1.72,13.23,0.15,2.25,13.23,0.0,0.0,43.18,44.29,100,0,7,0.0,21.77,52.01,0.15,43.17,43.17,2572,6401,3586,True
48124,07/05/2020,13:22:04,108.6,19.23,0.09,1.98,13.23,0.17,2.11,13.25,0.0,0.0,43.17,44.29,100,0,7,0.0,21.77,52.01,0.18,43.17,43.17,2587,6401,3586,True
48139,07/05/2020,13:22:19,108.7,19.23,0.09,2.12,13.22,0.16,2.11,13.23,0.0,0.0,43.18,44.3,100,0,7,0.0,21.77,52.01,0.17,43.18,43.18,2602,6401,3586,True
48154,07/05/2020,13:22:34,108.7,19.23,0.12,2.11,13.24,0.16,2.11,13.25,0.0,0.0,43.22,44.3,100,0,7,0.0,21.77,52.01,0.15,43.22,43.22,2617,6401,3586,True
48169,07/05/2020,13:22:49,108.7,19.23,0.11,2.25,13.22,0.15,1.98,13.24,0.0,0.0,43.23,44.3,100,0,7,0.0,21.77,52.01,0.15,43.23,43.23,2828,6401,3586,True
48184,07/05/2020,13:23:04,108.7,19.23,0.12,1.98,13.22,0.15,1.98,13.23,0.0,0.0,43.24,44.32,100,0,7,0.0,21.77,52.01,0.16,43.24,43.24,2843,6401,3586,True
48199,07/05/2020,13:23:19,108.7,19.23,0.11,2.11,13.23,0.16,2.11,13.24,0.0,0.0,43.24,44.32,100,0,7,0.0,21.77,52.01,0.15,43.24,43.25,2858,6401,3586,True
48214,07/05/2020,13:23:34,108.7,19.25,0.1,1.98,13.22,0.16,2.24,13.24,0.0,0.0,43.19,44.33,100,0,7,0.0,21.77,52.01,0.15,43.19,43.19,2873,6401,3586,True
48229,07/05/2020,13:23:49,108.5,19.26,0.11,2.25,13.23,0.15,2.11,13.25,0.0,0.0,43.09,44.33,100,0,7,0.0,21.77,52.01,0.16,43.1,43.09,3084,6401,3586,True
48244,07/05/2020,13:24:04,108.3,19.27,0.08,2.25,13.22,0.17,2.11,13.22,0.0,0.0,42.95,44.34,100,0,7,0.0,21.77,52.01,0.15,42.95,42.95,3099,6401,3586,True
48259,07/05/2020,13:24:19,108.3,19.25,0.11,2.24,13.24,0.15,2.51,13.24,0.0,0.0,42.95,44.34,100,0,7,0.0,21.77,52.01,0.16,42.94,42.94,3114,6401,3586,True
48274,07/05/2020,13:24:34,108.3,19.23,0.12,2.11,13.24,0.17,2.24,13.25,0.0,0.0,42.97,44.35,100,0,7,0.0,21.77,52.01,0.17,42.97,42.97,3129,6401,3586,True
48289,07/05/2020,13:24:49,108.4,19.21,0.1,1.98,13.23,0.18,1.85,13.25,0.0,0.0,43.01,44.36,100,0,7,0.0,21.77,52.01,0.16,43.01,43.01,3340,6401,3586,True
48304,07/05/2020,13:25:04,108.4,19.19,0.1,1.98,13.24,0.16,1.72,13.23,0.0,0.0,43.04,44.37,100,0,7,0.0,21.77,52.01,0.16,43.04,43.03,3355,6401,3586,True
48319,07/05/2020,13:25:19,108.4,19.17,0.11,1.98,13.24,0.16,1.98,13.23,0.0,0.0,43.04,44.36,100,0,7,0.0,21.77,52.01,0.18,43.04,43.05,3370,6401,3586,True
48334,07/05/2020,13:25:34,108.3,19.16,0.09,2.24,13.24,0.17,2.24,13.23,0.0,0.0,43.07,44.37,100,0,7,0.0,21.77,52.01,0.16,43.07,43.07,3385,6401,3586,True
48349,07/05/2020,13:25:49,108.3,19.16,0.09,2.25,13.22,0.16,2.11,13.24,0.0,0.0,43.05,44.38,100,0,7,0.0,21.77,52.01,0.16,43.05,43.05,3596,6401,3586,True
48364,07/05/2020,13:26:04,108.4,19.15,0.11,2.11,13.23,0.17,2.51,13.22,0.0,0.0,43.05,44.39,100,0,7,0.0,21.77,52.01,0.15,43.05,43.05,3611,6401,3586,True
48379,07/05/2020,13:26:19,108.3,19.15,0.11,1.85,13.24,0.17,1.85,13.24,0.0,0.0,43.07,44.39,100,0,7,0.0,21.77,52.01,0.17,43.07,43.07,3626,6401,3586,True
48394,07/05/2020,13:26:34,108.3,19.15,0.1,1.98,13.25,0.17,1.98,13.22,0.0,0.0,43.09,44.4,100,0,7,0.0,21.77,52.01,0.15,43.09,43.08,3641,6401,3586,True
48409,07/05/2020,13:26:49,108.3,19.15,0.11,2.11,13.24,0.16,2.24,13.23,0.0,0.0,43.09,44.4,100,0,7,0.0,21.77,52.01,0.17,43.09,43.09,3852,6401,3586,True
48424,07/05/2020,13:27:04,108.3,19.15,0.11,2.11,13.23,0.17,1.85,13.25,0.0,0.0,43.09,44.42,100,0,7,0.0,21.77,52.01,0.15,43.1,43.1,3867,6401,3586,True
48439,07/05/2020,13:27:19,108.3,19.11,0.11,2.11,13.24,0.16,1.71,13.24,0.0,0.0,43.1,44.41,100,0,7,0.0,21.77,52.01,0.18,43.1,43.1,3882,6401,3586,True
48454,07/05/2020,13:27:34,108.4,19.1,0.12,1.85,13.23,0.15,1.98,13.24,0.0,0.0,43.1,44.42,100,0,7,0.0,21.77,52.01,0.15,43.1,43.09,3897,6401,3586,True
48469,07/05/2020,13:27:49,108.4,19.08,0.09,2.11,13.23,0.16,1.85,13.24,0.0,0.0,43.1,44.42,100,0,7,0.0,21.77,52.01,0.18,43.1,43.1,4108,6401,3586,True
48484,07/05/2020,13:28:04,108.4,19.06,0.1,2.37,13.23,0.18,1.98,13.23,0.0,0.0,43.12,44.42,100,0,7,0.0,21.77,52.01,0.17,43.12,43.12,4123,6401,3586,True
48499,07/05/2020,13:28:19,108.5,19.04,0.11,2.51,13.23,0.16,2.11,13.23,0.0,0.0,43.15,44.43,100,0,7,0.0,21.77,52.01,0.18,43.15,43.15,4138,6401,3586,True
48514,07/05/2020,13:28:34,108.7,19.04,0.1,2.11,13.22,0.16,2.11,13.22,0.0,0.0,43.23,44.44,100,0,7,0.0,21.77,52.01,0.15,43.23,43.23,4153,6401,3586,True
48529,07/05/2020,13:28:49,108.7,19.04,0.11,2.25,13.23,0.15,2.38,13.22,0.0,0.0,43.27,44.45,100,0,7,0.0,21.77,52.01,0.14,43.27,43.27,4364,6401,3586,True
48544,07/05/2020,13:29:04,108.7,19.03,0.11,2.24,13.23,0.18,1.98,13.24,0.0,0.0,43.29,44.45,100,0,7,0.0,21.77,52.01,0.16,43.3,43.3,4379,6401,3586,True
48559,07/05/2020,13:29:19,108.7,19.02,0.1,2.11,13.22,0.15,2.24,13.23,0.0,0.0,43.3,44.46,100,0,7,0.0,21.77,52.01,0.16,43.3,43.3,4394,6401,3586,True
48574,07/05/2020,13:29:34,108.7,19.01,0.1,2.25,13.23,0.17,2.25,13.21,0.0,0.0,43.33,44.45,100,0,7,0.0,21.77,52.01,0.15,43.33,43.33,4409,6401,3586,True
48589,07/05/2020,13:29:49,108.7,19.02,0.1,2.24,13.23,0.16,1.98,13.24,0.0,0.0,43.37,44.47,100,0,7,0.0,21.77,52.01,0.16,43.37,43.38,4620,6401,3586,True
48604,07/05/2020,13:30:04,108.7,19.04,0.11,1.98,13.23,0.17,1.98,13.25,0.0,0.0,43.39,44.47,100,0,7,0.0,21.77,52.01,0.17,43.39,43.39,4635,6401,3586,True
48619,07/05/2020,13:30:19,108.7,19.06,0.11,2.11,13.21,0.17,2.24,13.24,0.0,0.0,43.36,44.48,100,0,7,0.0,21.77,52.01,0.14,43.36,43.36,4650,6401,3586,True
48634,07/05/2020,13:30:34,108.7,19.07,0.1,2.11,13.23,0.17,1.98,13.23,0.0,0.0,43.36,44.49,100,0,7,0.0,21.77,52.01,0.16,43.37,43.37,4665,6401,3586,True
48649,07/05/2020,13:30:49,108.7,19.07,0.13,1.98,13.23,0.13,2.11,13.21,0.0,0.0,43.38,44.49,100,0,7,0.0,21.77,52.01,0.16,43.38,43.38,4876,6401,3586,True
48664,07/05/2020,13:31:04,108.7,19.08,0.11,1.98,13.22,0.14,2.51,13.23,0.0,0.0,43.36,44.5,100,0,7,0.0,21.77,52.01,0.17,43.36,43.36,4891,6401,3586,True
48679,07/05/2020,13:31:19,108.7,19.08,0.1,2.24,13.22,0.17,1.98,13.25,0.0,0.0,43.36,44.51,100,0,7,0.0,21.77,52.01,0.16,43.37,43.37,4906,6401,3586,True
48694,07/05/2020,13:31:34,108.7,19.09,0.11,2.24,13.25,0.17,2.24,13.23,0.0,0.0,43.38,44.52,100,0,7,0.0,21.77,52.01,0.18,43.38,43.38,4921,6401,3586,True
48709,07/05/2020,13:31:49,108.7,19.11,0.11,2.25,13.22,0.17,2.24,13.24,0.0,0.0,43.36,44.52,100,0,7,0.0,21.77,52.01,0.15,43.36,43.36,5132,6401,3586,True
48724,07/05/2020,13:32:04,108.7,19.11,0.11,2.25,13.22,0.18,2.24,13.24,0.0,0.0,43.37,44.52,100,0,7,0.0,21.77,52.01,0.17,43.37,43.37,5147,6401,3586,True
48739,07/05/2020,13:32:19,108.7,19.1,0.09,2.11,13.21,0.15,2.24,13.24,0.0,0.0,43.39,44.53,100,0,7,0.0,21.77,52.01,0.16,43.39,43.39,5162,6401,3586,True
48754,07/05/2020,13:32:34,108.7,19.12,0.11,2.11,13.22,0.17,2.37,13.23,0.0,0.0,43.38,44.54,100,0,7,0.0,21.77,52.01,0.16,43.38,43.38,5177,6401,3586,True
48769,07/05/2020,13:32:49,108.7,19.11,0.11,1.98,13.23,0.15,2.11,13.22,0.0,0.0,43.37,44.54,100,0,7,0.0,21.77,52.01,0.15,43.37,43.37,5388,6401,3586,True
48784,07/05/2020,13:33:04,108.7,19.13,0.1,2.11,13.23,0.15,2.38,13.23,0.0,0.0,43.37,44.54,100,0,7,0.0,21.77,52.01,0.18,43.38,43.38,5403,6401,3586,True
48799,07/05/2020,13:33:19,108.7,19.14,0.11,2.11,13.22,0.14,1.85,13.22,0.0,0.0,43.37,44.56,100,0,7,0.0,21.77,52.01,0.15,43.37,43.37,5418,6401,3586,True
48814,07/05/2020,13:33:34,108.7,19.12,0.1,1.98,13.22,0.14,2.37,13.23,0.0,0.0,43.39,44.56,100,0,7,0.0,21.77,52.01,0.15,43.38,43.39,5433,6401,3586,True
48829,07/05/2020,13:33:49,108.7,19.13,0.11,2.25,13.24,0.17,1.98,13.23,0.0,0.0,43.41,44.56,100,0,7,0.0,21.77,52.01,0.17,43.4,43.4,5644,6401,3586,True
48844,07/05/2020,13:34:04,108.8,19.15,0.1,1.98,13.23,0.13,2.11,13.21,0.0,0.0,43.43,44.57,100,0,7,0.0,21.77,52.01,0.16,43.42,43.42,5659,6401,3586,True
48859,07/05/2020,13:34:19,108.9,19.14,0.11,1.98,13.24,0.16,2.11,13.24,0.0,0.0,43.46,44.58,100,0,7,0.0,21.77,52.01,0.18,43.45,43.46,5674,6401,3586,True
48874,07/05/2020,13:34:34,108.9,19.15,0.11,2.11,13.23,0.17,1.85,13.24,0.0,0.0,43.47,44.59,100,0,7,0.0,21.77,52.01,0.17,43.47,43.47,5689,6401,3586,True
48889,07/05/2020,13:34:49,108.9,19.18,0.1,1.98,13.24,0.15,1.98,13.21,0.0,0.0,43.48,44.59,100,0,7,0.0,21.77,52.01,0.15,43.5,43.5,5900,6401,3586,True
48904,07/05/2020,13:35:04,109.1,19.16,0.12,2.11,13.23,0.14,1.85,13.24,0.0,0.0,43.51,44.6,100,0,7,0.0,21.77,52.01,0.15,43.51,43.51,5915,6401,3586,True
48919,07/05/2020,13:35:19,109.1,19.17,0.11,1.98,13.23,0.15,2.38,13.24,0.0,0.0,43.51,44.61,100,0,7,0.0,21.77,52.01,0.16,43.51,43.52,5930,6401,3586,True
48934,07/05/2020,13:35:34,109.1,19.19,0.11,2.11,13.23,0.15,1.98,13.24,0.0,0.0,43.48,44.61,100,0,7,0.0,21.77,52.01,0.16,43.48,43.48,5945,6401,3586,True
48949,07/05/2020,13:35:49,108.9,19.21,0.09,2.24,13.22,0.17,1.98,13.24,0.0,0.0,43.44,44.62,100,0,7,0.0,21.77,52.01,0.17,43.44,43.44,6156,6401,3586,True
48964,07/05/2020,13:36:04,108.7,19.23,0.1,2.11,13.22,0.15,2.24,13.22,0.0,0.0,43.37,44.63,100,0,7,0.0,21.77,52.01,0.16,43.37,43.37,6171,6401,3586,True
48979,07/05/2020,13:36:19,108.7,19.25,0.12,1.84,13.24,0.17,2.11,13.22,0.0,0.0,43.38,44.63,100,0,7,0.0,21.77,52.01,0.16,43.38,43.38,6186,6401,3586,True
48994,07/05/2020,13:36:34,108.7,19.27,0.09,2.24,13.22,0.16,1.98,13.24,0.0,0.0,43.37,44.64,100,0,7,0.0,21.77,52.01,0.17,43.37,43.36,6201,6401,3586,True
49009,07/05/2020,13:36:49,108.7,19.27,0.11,1.85,13.23,0.15,1.98,13.24,0.0,0.0,43.33,44.65,100,0,7,0.0,21.77,52.01,0.16,43.34,43.33,6412,6401,3586,True
49024,07/05/2020,13:37:04,108.7,19.29,0.1,2.51,13.22,0.18,2.11,13.23,0.0,0.0,43.35,44.66,100,0,7,0.0,21.77,52.01,0.17,43.35,43.35,6427,6401,3586,True
49039,07/05/2020,13:37:19,108.7,19.31,0.11,2.11,13.22,0.17,1.98,13.23,0.0,0.0,43.37,44.66,100,0,7,0.0,21.77,52.01,0.15,43.36,43.37,6442,6401,3586,True
49054,07/05/2020,13:37:34,108.7,19.3,0.1,2.37,13.23,0.17,2.24,13.22,0.0,0.0,43.36,44.66,100,0,7,0.0,21.77,52.01,0.17,43.37,43.37,6457,6401,3586,True
49069,07/05/2020,13:37:49,108.7,19.33,0.12,2.37,13.23,0.17,2.11,13.24,0.0,0.0,43.35,44.69,100,0,7,0.0,21.77,52.01,0.15,43.35,43.35,6668,6401,3586,True
49084,07/05/2020,13:38:04,108.7,19.34,0.1,2.37,13.23,0.17,2.11,13.23,0.0,0.0,43.29,44.69,100,0,7,0.0,21.77,52.01,0.18,43.29,43.29,6683,6401,3586,True
49099,07/05/2020,13:38:19,108.7,19.35,0.1,2.11,13.23,0.17,2.11,13.22,0.0,0.0,43.23,44.69,100,0,7,0.0,21.77,52.01,0.16,43.24,43.24,6698,6401,3586,True
49114,07/05/2020,13:38:34,108.7,19.35,0.11,2.24,13.22,0.16,2.11,13.24,0.0,0.0,43.22,44.69,100,0,7,0.0,21.77,52.01,0.17,43.21,43.22,6713,6401,3586,True
49129,07/05/2020,13:38:49,108.7,19.35,0.1,1.98,13.22,0.16,2.11,13.22,0.0,0.0,43.21,44.7,100,0,7,0.0,21.77,52.01,0.15,43.21,43.2,6924,6401,3586,True
49144,07/05/2020,13:39:04,108.7,19.35,0.1,2.24,13.22,0.17,2.38,13.21,0.0,0.0,43.24,44.71,100,0,7,0.0,21.77,52.01,0.17,43.24,43.24,6939,6401,3586,True
49159,07/05/2020,13:39:19,108.7,19.33,0.12,2.11,13.22,0.15,1.98,13.23,0.0,0.0,43.26,44.71,100,0,7,0.0,21.77,52.01,0.15,43.27,43.26,6954,6401,3586,True
49174,07/05/2020,13:39:34,108.7,19.32,0.12,1.98,13.23,0.15,2.25,13.21,0.0,0.0,43.24,44.72,100,0,7,0.0,21.77,52.01,0.15,43.24,43.24,6969,6401,3586,True
49189,07/05/2020,13:39:49,108.7,19.29,0.12,1.98,13.24,0.17,2.24,13.23,0.0,0.0,43.26,44.72,100,0,7,0.0,21.77,52.01,0.16,43.26,43.27,7180,6401,3586,True
49204,07/05/2020,13:40:04,108.7,19.28,0.1,2.24,13.23,0.15,2.24,13.23,0.0,0.0,43.3,44.73,100,0,7,0.0,21.77,52.01,0.16,43.3,43.3,7195,6401,3586,True
49219,07/05/2020,13:40:19,108.7,19.27,0.1,2.37,13.22,0.15,2.24,13.21,0.0,0.0,43.35,44.74,100,0,7,0.0,21.77,52.01,0.17,43.35,43.35,7210,6401,3586,True
49234,07/05/2020,13:40:34,108.7,19.24,0.1,2.38,13.23,0.16,2.11,13.22,0.0,0.0,43.38,44.75,100,0,7,0.0,21.77,52.01,0.17,43.38,43.38,7225,6401,3586,True
49249,07/05/2020,13:40:49,108.9,19.23,0.1,2.24,13.23,0.18,1.98,13.23,0.0,0.0,43.41,44.75,100,0,7,0.0,21.77,52.01,0.17,43.42,43.42,7436,6401,3586,True
49264,07/05/2020,13:41:04,109.1,19.22,0.11,2.24,13.23,0.16,1.98,13.23,0.0,0.0,43.45,44.75,100,0,7,0.0,21.77,52.01,0.17,43.44,43.45,7451,6401,3586,True
49279,07/05/2020,13:41:19,109.1,19.19,0.11,1.98,13.22,0.16,2.24,13.22,0.0,0.0,43.46,44.77,100,0,7,0.0,21.77,52.01,0.15,43.45,43.46,7466,6401,3586,True
49294,07/05/2020,13:41:34,109.1,19.19,0.11,2.24,13.23,0.18,2.37,13.22,0.0,0.0,43.48,44.77,100,0,7,0.0,21.77,52.01,0.17,43.48,43.48,7481,6401,3586,True
49309,07/05/2020,13:41:49,109.2,19.15,0.11,2.37,13.22,0.16,2.11,13.22,0.0,0.0,43.5,44.78,100,0,7,0.0,21.77,52.01,0.17,43.5,43.5,7692,6401,3586,True
49324,07/05/2020,13:42:04,109.3,19.15,0.11,2.24,13.21,0.16,2.11,13.23,0.0,0.0,43.55,44.78,100,0,7,0.0,21.77,52.01,0.16,43.54,43.54,7707,6401,3586,True
49339,07/05/2020,13:42:19,109.3,19.13,0.13,2.51,13.21,0.16,2.24,13.23,0.0,0.0,43.58,44.79,100,0,7,0.0,21.77,52.01,0.15,43.59,43.59,7722,6401,3586,True
49354,07/05/2020,13:42:34,109.4,19.12,0.11,2.11,13.22,0.17,1.98,13.23,0.0,0.0,43.63,44.79,100,0,7,0.0,21.77,52.01,0.19,43.63,43.63,7737,6401,3586,True
49369,07/05/2020,13:42:49,109.4,19.13,0.11,1.98,13.23,0.17,2.11,13.22,0.0,0.0,43.65,44.8,100,0,7,0.0,21.77,52.01,0.16,43.65,43.65,7948,6401,3586,True
49384,07/05/2020,13:43:04,109.5,19.12,0.11,2.11,13.21,0.17,1.98,13.22,0.0,0.0,43.66,44.81,100,0,7,0.0,21.77,52.01,0.16,43.66,43.66,7963,6401,3586,True
49399,07/05/2020,13:43:19,109.5,19.11,0.1,2.24,13.22,0.17,1.98,13.23,0.0,0.0,43.68,44.81,100,0,7,0.0,21.77,52.01,0.17,43.68,43.69,7978,6401,3586,True
49414,07/05/2020,13:43:34,109.6,19.12,0.1,2.24,13.21,0.16,2.37,13.23,0.0,0.0,43.72,44.82,100,0,7,0.0,21.77,52.01,0.16,43.72,43.72,7993,6401,3586,True
49429,07/05/2020,13:43:49,109.7,19.11,0.09,1.98,13.21,0.15,2.11,13.21,0.0,0.0,43.75,44.83,100,0,7,0.0,21.77,52.01,0.15,43.77,43.77,8204,6401,3586,True
49444,07/05/2020,13:44:04,109.8,19.08,0.11,1.98,13.23,0.17,1.98,13.23,0.0,0.0,43.78,44.83,100,0,7,0.0,21.77,52.01,0.16,43.78,43.78,8219,6401,3586,True
49459,07/05/2020,13:44:19,109.8,19.08,0.11,2.11,13.2,0.15,2.24,13.22,0.0,0.0,43.81,44.84,100,0,7,0.0,21.77,52.01,0.16,43.81,43.8,8234,6401,3586,True
49474,07/05/2020,13:44:34,109.8,19.08,0.09,1.85,13.23,0.15,2.11,13.2,0.0,0.0,43.82,44.84,100,0,7,0.0,21.77,52.01,0.15,43.82,43.82,8249,6401,3586,True
49489,07/05/2020,13:44:49,109.8,19.09,0.11,2.11,13.23,0.18,1.98,13.22,0.0,0.0,43.84,44.85,100,0,7,0.0,21.77,52.01,0.17,43.84,43.84,8460,6401,3586,True
49504,07/05/2020,13:45:04,109.8,19.09,0.09,2.24,13.2,0.15,2.24,13.22,0.0,0.0,43.85,44.86,100,0,7,0.0,21.77,52.01,0.16,43.86,43.86,8475,6401,3586,True
49519,07/05/2020,13:45:19,109.8,19.08,0.11,2.11,13.21,0.16,2.11,13.22,0.0,0.0,43.86,44.87,100,0,7,0.0,21.77,52.01,0.15,43.86,43.86,8490,6401,3586,True
49534,07/05/2020,13:45:34,109.8,19.07,0.11,2.11,13.22,0.15,2.51,13.21,0.0,0.0,43.86,44.87,100,0,7,0.0,21.77,52.01,0.16,43.86,43.86,8505,6401,3586,True
49549,07/05/2020,13:45:49,109.8,19.07,0.1,2.51,13.22,0.18,2.11,13.23,0.0,0.0,43.88,44.88,100,0,7,0.0,21.77,52.01,0.16,43.88,43.88,8716,6401,3586,True
49564,07/05/2020,13:46:04,109.8,19.08,0.12,2.11,13.23,0.16,2.11,13.23,0.0,0.0,43.9,44.89,100,0,7,0.0,21.77,52.01,0.17,43.9,43.9,8731,6401,3586,True
49579,07/05/2020,13:46:19,109.8,19.07,0.1,2.11,13.21,0.16,1.98,13.21,0.0,0.0,43.92,44.89,100,0,7,0.0,21.77,52.01,0.15,43.92,43.92,8746,6401,3586,True
49594,07/05/2020,13:46:34,109.8,19.07,0.1,2.24,13.21,0.15,2.11,13.23,0.0,0.0,43.93,44.9,100,0,7,0.0,21.77,52.01,0.16,43.94,43.93,8761,6401,3586,True
49609,07/05/2020,13:46:49,109.8,19.07,0.1,2.24,13.22,0.15,2.37,13.22,0.0,0.0,43.95,44.91,100,0,7,0.0,21.77,52.01,0.16,43.95,43.95,8972,6401,3586,True
49624,07/05/2020,13:47:04,109.8,19.07,0.1,1.85,13.22,0.18,1.98,13.23,0.0,0.0,43.94,44.91,100,0,7,0.0,21.77,52.01,0.15,43.94,43.94,8987,6401,3586,True
49639,07/05/2020,13:47:19,109.8,19.06,0.11,2.24,13.21,0.17,2.11,13.2,0.0,0.0,43.94,44.93,100,0,7,0.0,21.77,52.01,0.15,43.95,43.95,9002,6401,3586,True
