77054,07/12/2020,21:24:14,76.6,0.15,0.0,0.0,13.33,0.0,0.0,13.32,0.0,0.0,26.16,39.17,100,0,1,0.43,1.61,57.43,0.0,26.16,26.15,4130,784,3587,True
77069,07/12/2020,21:24:29,76.6,0.15,0.0,0.0,13.33,0.0,0.0,13.32,0.0,0.0,26.15,39.14,100,0,1,0.43,1.61,57.43,0.0,26.15,26.15,4145,784,3587,True
77084,07/12/2020,21:24:44,76.7,0.15,0.0,0.0,13.32,0.0,0.0,13.35,0.0,0.0,26.16,39.12,100,0,1,0.43,1.61,57.43,0.0,26.16,26.16,4356,784,3587,True
77099,07/12/2020,21:24:59,76.7,0.15,0.0,0.0,13.34,0.0,0.0,13.35,0.0,0.0,26.2,39.1,100,0,1,0.43,1.61,57.43,0.0,26.2,26.21,4371,784,3587,True
77114,07/12/2020,21:25:14,76.7,0.14,0.0,0.0,13.32,0.0,0.0,13.34,0.0,0.0,26.22,39.07,100,0,1,0.43,1.61,57.43,0.0,26.22,26.21,4386,784,3587,True
77129,07/12/2020,21:25:29,76.8,0.15,0.0,0.0,13.34,0.0,0.0,13.32,0.0,0.0,26.18,39.04,100,0,1,0.43,1.61,57.43,0.0,26.17,26.17,4401,784,3587,True
77144,07/12/2020,21:25:44,76.8,0.15,0.0,0.0,13.35,0.0,0.0,13.35,0.0,0.0,26.11,39.02,100,0,1,0.43,1.61,57.43,0.0,26.1,26.1,4612,784,3587,True
77159,07/12/2020,21:25:59,76.8,0.15,0.0,0.0,13.34,0.0,0.0,13.34,0.0,0.0,26.18,39.0,100,0,1,0.43,1.61,57.43,0.0,26.18,26.18,4627,784,3587,True
77174,07/12/2020,21:26:14,76.8,0.15,0.0,0.0,13.34,0.0,0.0,13.34,0.0,0.0,26.21,38.98,100,0,1,0.43,1.61,57.43,0.0,26.2,26.2,4642,784,3587,True
77189,07/12/2020,21:26:29,76.8,0.15,0.0,0.0,13.33,0.0,0.0,13.32,0.0,0.0,26.18,38.95,100,0,1,0.43,1.61,57.43,0.0,26.18,26.18,4657,784,3587,True
77204,07/12/2020,21:26:44,76.8,0.15,0.0,0.0,13.34,0.0,0.0,13.35,0.0,0.0,26.22,38.92,100,0,1,0.43,1.61,57.43,0.0,26.22,26.22,4868,784,3587,True
77219,07/12/2020,21:26:59,76.8,0.15,0.0,0.0,13.32,0.0,0.0,13.33,0.0,0.0,26.07,38.9,100,0,1,0.43,1.61,57.43,0.0,26.07,26.07,4883,784,3587,True
77234,07/12/2020,21:27:14,76.8,0.15,0.0,0.0,13.33,0.0,0.0,13.33,0.0,0.0,26.05,38.88,100,0,1,0.43,1.61,57.43,0.0,26.05,26.06,4898,784,3587,True
77249,07/12/2020,21:27:29,76.7,0.15,0.0,0.0,13.32,0.0,0.0,13.33,0.0,0.0,26.09,38.85,100,0,1,0.43,1.61,57.43,0.0,26.1,26.09,4913,784,3587,True
77264,07/12/2020,21:27:44,76.8,0.14,0.0,0.0,13.32,0.0,0.0,13.33,0.0,0.0,26.13,38.83,100,0,1,0.43,1.61,57.43,0.0,26.13,26.13,5124,784,3587,True
77279,07/12/2020,21:27:59,76.8,0.15,0.0,0.0,13.33,0.0,0.0,13.35,0.0,0.0,26.16,38.8,100,0,1,0.43,1.61,57.43,0.0,26.16,26.16,5139,784,3587,True
77294,07/12/2020,21:28:14,76.8,0.15,0.0,0.0,13.33,0.0,0.0,13.34,0.0,0.0,26.18,38.78,100,0,1,0.43,1.61,57.43,0.0,26.18,26.18,5154,784,3587,True
77309,07/12/2020,21:28:29,76.9,0.15,0.0,0.0,13.34,0.0,0.0,13.33,0.0,0.0,26.2,38.75,100,0,1,0.43,1.61,57.43,0.0,26.2,26.2,5169,784,3587,True
77324,07/12/2020,21:28:44,76.9,0.15,0.0,0.0,13.34,0.0,0.0,13.33,0.0,0.0,26.23,38.74,100,0,1,0.43,1.61,57.43,0.0,26.23,26.23,5380,784,3587,True
77339,07/12/2020,21:28:59,76.9,0.15,0.0,0.0,13.32,0.0,0.0,13.33,0.0,0.0,26.23,38.71,100,0,1,0.43,1.61,57.43,0.0,26.23,26.23,5395,784,3587,True
77354,07/12/2020,21:29:14,76.9,0.14,0.0,0.0,13.34,0.0,0.0,13.33,0.0,0.0,26.19,38.69,100,0,1,0.43,1.61,57.43,0.0,26.19,26.19,5410,784,3587,True
77369,07/12/2020,21:29:29,76.9,0.15,0.0,0.0,13.32,0.0,0.0,13.34,0.0,0.0,26.16,38.66,100,0,1,0.43,1.61,57.43,0.0,26.16,26.16,5425,784,3587,True
77384,07/12/2020,21:29:44,76.9,0.15,0.0,0.0,13.34,0.0,0.0,13.33,0.0,0.0,26.16,38.64,100,0,1,0.43,1.61,57.43,0.0,26.16,26.16,5636,784,3587,True
77399,07/12/2020,21:29:59,76.8,0.15,0.0,0.0,13.32,0.0,0.0,13.33,0.0,0.0,26.16,38.61,100,0,1,0.43,1.61,57.43,0.0,26.17,26.16,5651,784,3587,True
77414,07/12/2020,21:30:14,76.8,0.15,0.0,0.0,13.32,0.0,0.0,13.31,0.0,0.0,26.15,38.59,100,0,1,0.43,1.61,57.43,0.0,26.15,26.15,5666,784,3587,True
77429,07/12/2020,21:30:29,76.8,0.15,0.0,0.0,13.33,0.0,0.0,13.32,0.0,0.0,26.07,38.56,100,0,1,0.43,1.61,57.43,0.0,26.07,26.07,5681,784,3587,True
77444,07/12/2020,21:30:44,76.7,0.15,0.0,0.0,13.33,0.0,0.0,13.31,0.0,0.0,26.11,38.54,100,0,1,0.43,1.61,57.43,0.0,26.11,26.11,5892,784,3587,True
77459,07/12/2020,21:30:59,76.7,0.14,0.0,0.0,13.32,0.0,0.0,13.33,0.0,0.0,26.11,38.51,100,0,1,0.43,1.61,57.43,0.0,26.11,26.11,5907,784,3587,True
77474,07/12/2020,21:31:14,76.7,0.15,0.0,0.0,13.33,0.0,0.0,13.34,0.0,0.0,26.13,38.49,100,0,1,0.43,1.61,57.43,0.0,26.13,26.13,5922,784,3587,True
77489,07/12/2020,21:31:29,76.7,0.15,0.0,0.0,13.34,0.0,0.0,13.33,0.0,0.0,26.16,38.47,100,0,1,0.43,1.61,57.43,0.0,26.16,26.16,5937,784,3587,True
77504,07/12/2020,21:31:44,76.8,0.15,0.0,0.0,13.32,0.0,0.0,13.33,0.0,0.0,26.15,38.44,100,0,1,0.43,1.61,57.43,0.0,26.15,26.15,6148,784,3587,True
77519,07/12/2020,21:31:59,76.8,0.14,0.0,0.0,13.33,0.0,0.0,13.32,0.0,0.0,26.18,38.42,100,0,1,0.43,1.61,57.43,0.0,26.19,26.19,6163,784,3587,True
77534,07/12/2020,21:32:14,76.8,0.14,0.0,0.0,13.32,0.0,0.0,13.33,0.0,0.0,26.14,38.4,100,0,1,0.43,1.61,57.43,0.0,26.14,26.14,6178,784,3587,True
77549,07/12/2020,21:32:29,76.8,0.14,0.0,0.0,13.32,0.0,0.0,13.32,0.0,0.0,26.1,38.38,100,0,1,0.43,1.61,57.43,0.0,26.09,26.09,6193,784,3587,True
77564,07/12/2020,21:32:44,76.8,0.14,0.0,0.0,13.32,0.0,0.0,13.31,0.0,0.0,26.13,38.36,100,0,1,0.43,1.61,57.43,0.0,26.13,26.13,6404,784,3587,True
77579,07/12/2020,21:32:59,76.7,0.14,0.0,0.0,13.35,0.0,0.0,13.34,0.0,0.0,26.16,38.33,100,0,1,0.43,1.61,57.43,0.0,26.15,26.15,6419,784,3587,True
77594,07/12/2020,21:33:14,76.7,0.14,0.0,0.0,13.34,0.0,0.0,13.34,0.0,0.0,26.14,38.31,100,0,1,0.43,1.61,57.43,0.0,26.15,26.15,6434,784,3587,True
77609,07/12/2020,21:33:29,76.7,0.15,0.0,0.0,13.35,0.0,0.0,13.35,0.0,0.0,26.16,38.28,100,0,1,0.43,1.61,57.43,0.0,26.16,26.16,6449,784,3587,True
77624,07/12/2020,21:33:44,76.7,0.15,0.0,0.0,13.35,0.0,0.0,13.35,0.0,0.0,26.16,38.27,100,0,1,0.43,1.61,57.43,0.0,26.16,26.15,6660,784,3587,True
77639,07/12/2020,21:33:59,76.6,0.15,0.0,0.0,13.35,0.0,0.0,13.35,0.0,0.0,26.13,38.24,100,0,1,0.43,1.61,57.43,0.0,26.14,26.14,6675,784,3587,True
77654,07/12/2020,21:34:14,76.6,0.15,0.0,0.0,13.35,0.0,0.0,13.35,0.0,0.0,26.11,38.21,100,0,1,0.43,1.61,57.43,0.0,26.11,26.11,6690,784,3587,True
77669,07/12/2020,21:34:29,76.7,0.15,0.0,0.0,13.35,0.0,0.0,13.35,0.0,0.0,26.14,38.19,100,0,1,0.43,1.61,57.43,0.0,26.14,26.14,6705,784,3587,True
77684,07/12/2020,21:34:44,76.7,0.15,0.0,0.0,13.35,0.0,0.0,13.34,0.0,0.0,26.1,38.18,100,0,1,0.43,1.61,57.43,0.0,26.09,26.09,6916,784,3587,True
77699,07/12/2020,21:34:59,76.6,0.15,0.0,0.0,13.34,0.0,0.0,13.32,0.0,0.0,26.09,38.15,100,0,1,0.43,1.61,57.43,0.0,26.09,26.09,6931,784,3587,True
77714,07/12/2020,21:35:14,76.6,0.15,0.0,0.0,13.31,0.0,0.0,13.32,0.0,0.0,26.12,38.13,100,0,1,0.43,1.61,57.43,0.0,26.12,26.11,6946,784,3587,True
77729,07/12/2020,21:35:29,76.6,0.15,0.0,0.0,13.33,0.0,0.0,13.31,0.0,0.0,26.09,38.11,100,0,1,0.43,1.61,57.43,0.0,26.09,26.09,6961,784,3587,True
77744,07/12/2020,21:35:44,76.6,0.14,0.0,0.0,13.33,0.0,0.0,13.33,0.0,0.0,26.06,38.09,100,0,1,0.43,1.61,57.43,0.0,26.05,26.05,7172,784,3587,True
77759,07/12/2020,21:35:59,76.7,0.14,0.0,0.0,13.31,0.0,0.0,13.33,0.0,0.0,26.07,38.06,100,0,1,0.43,1.61,57.43,0.0,26.07,26.06,7187,784,3587,True
77774,07/12/2020,21:36:14,76.6,0.15,0.0,0.0,13.34,0.0,0.0,13.31,0.0,0.0,26.02,38.05,100,0,1,0.43,1.61,57.43,0.0,26.02,26.02,7202,784,3587,True
77789,07/12/2020,21:36:29,76.6,0.15,0.0,0.0,13.33,0.0,0.0,13.33,0.0,0.0,25.99,38.02,100,0,1,0.43,1.61,57.43,0.0,25.99,25.99,7217,784,3587,True
77804,07/12/2020,21:36:44,76.6,0.15,0.0,0.0,13.31,0.0,0.0,13.31,0.0,0.0,26.01,37.99,100,0,1,0.43,1.61,57.43,0.0,26.01,26.01,7428,784,3587,True
77819,07/12/2020,21:36:59,76.6,0.15,0.0,0.0,13.31,0.0,0.0,13.31,0.0,0.0,26.01,37.98,100,0,1,0.43,1.61,57.43,0.0,26.01,26.01,7443,784,3587,True
77834,07/12/2020,21:37:14,76.6,0.15,0.0,0.0,13.32,0.0,0.0,13.34,0.0,0.0,26.0,37.96,100,0,1,0.43,1.61,57.43,0.0,26.0,26.0,7458,784,3587,True
77849,07/12/2020,21:37:29,76.7,0.15,0.0,0.0,13.32,0.0,0.0,13.33,0.0,0.0,26.01,37.94,100,0,1,0.43,1.61,57.43,0.0,26.01,26.01,7473,784,3587,True
77864,07/12/2020,21:37:44,76.6,0.15,0.0,0.0,13.33,0.0,0.0,13.33,0.0,0.0,25.98,37.91,100,0,1,0.43,1.61,57.43,0.0,25.98,25.98,7684,784,3587,True
77879,07/12/2020,21:37:59,76.7,0.15,0.0,0.0,13.31,0.0,0.0,13.31,0.0,0.0,25.96,37.89,100,0,1,0.43,1.61,57.43,0.0,25.98,25.97,7699,784,3587,True
77894,07/12/2020,21:38:14,76.6,0.14,0.0,0.0,13.31,0.0,0.0,13.33,0.0,0.0,25.99,37.87,100,0,1,0.43,1.61,57.43,0.0,25.99,25.99,7714,784,3587,True
77909,07/12/2020,21:38:29,76.7,0.15,0.0,0.0,13.33,0.0,0.0,13.33,0.0,0.0,25.99,37.84,100,0,1,0.43,1.61,57.43,0.0,25.99,26.0,7729,784,3587,True
77924,07/12/2020,21:38:44,76.7,0.15,0.0,0.0,13.32,0.0,0.0,13.31,0.0,0.0,26.01,37.83,100,0,1,0.43,1.61,57.43,0.0,26.01,26.02,7940,784,3587,True
77939,07/12/2020,21:38:59,76.7,0.15,0.0,0.0,13.31,0.0,0.0,13.32,0.0,0.0,26.02,37.81,100,0,1,0.43,1.61,57.43,0.0,26.01,26.02,7955,784,3587,True
77954,07/12/2020,21:39:14,76.7,0.15,0.0,0.0,13.33,0.0,0.0,13.31,0.0,0.0,25.98,37.79,100,0,1,0.43,1.61,57.43,0.0,25.99,25.98,7970,784,3587,True
77969,07/12/2020,21:39:29,76.7,0.13,0.0,0.0,13.31,0.0,0.0,13.33,0.0,0.0,25.96,37.76,100,0,1,0.43,1.61,57.43,0.0,25.96,25.96,7985,784,3587,True
77984,07/12/2020,21:39:44,76.7,0.15,0.0,0.0,13.33,0.0,0.0,13.31,0.0,0.0,25.97,37.74,100,0,1,0.43,1.61,57.43,0.0,25.97,25.97,8196,784,3587,True
77999,07/12/2020,21:39:59,76.6,0.15,0.0,0.0,13.31,0.0,0.0,13.32,0.0,0.0,25.95,37.72,100,0,1,0.43,1.61,57.43,0.0,25.94,25.94,8211,784,3587,True
78014,07/12/2020,21:40:14,76.6,0.15,0.0,0.0,13.31,0.0,0.0,13.33,0.0,0.0,25.95,37.69,100,0,1,0.43,1.61,57.43,0.0,25.95,25.95,8226,784,3587,True
78029,07/12/2020,21:40:29,76.6,0.15,0.0,0.0,13.31,0.0,0.0,13.31,0.0,0.0,25.97,37.68,100,0,1,0.43,1.61,57.43,0.0,25.97,25.98,8241,784,3587,True
78044,07/12/2020,21:40:44,76.4,0.15,0.0,0.0,13.32,0.0,0.0,13.31,0.0,0.0,25.95,37.65,100,0,1,0.43,1.61,57.43,0.0,25.96,25.95,8452,784,3587,True
78059,07/12/2020,21:40:59,76.6,0.15,0.0,0.0,13.32,0.0,0.0,13.33,0.0,0.0,25.94,37.64,100,0,1,0.43,1.61,57.43,0.0,25.94,25.94,8467,784,3587,True
78074,07/12/2020,21:41:14,76.4,0.15,0.0,0.0,13.32,0.0,0.0,13.33,0.0,0.0,25.94,37.62,100,0,1,0.43,1.61,57.43,0.0,25.94,25.93,8482,784,3587,True
78089,07/12/2020,21:41:29,76.4,0.15,0.0,0.0,13.31,0.0,0.0,13.31,0.0,0.0,25.93,37.59,100,0,1,0.43,1.61,57.43,0.0,25.93,25.93,8497,784,3587,True
78104,07/12/2020,21:41:44,76.3,0.15,0.0,0.0,13.33,0.0,0.0,13.32,0.0,0.0,25.94,37.58,100,0,1,0.43,1.61,57.43,0.0,25.94,25.94,8708,784,3587,True
78119,07/12/2020,21:41:59,76.3,0.15,0.0,0.0,13.33,0.0,0.0,13.31,0.0,0.0,25.95,37.55,100,0,1,0.43,1.61,57.43,0.0,25.95,25.96,8723,784,3587,True
78134,07/12/2020,21:42:14,76.4,0.15,0.0,0.0,13.34,0.0,0.0,13.32,0.0,0.0,25.93,37.53,100,0,1,0.43,1.61,57.43,0.0,25.93,25.93,8738,784,3587,True
78149,07/12/2020,21:42:29,76.3,0.15,0.0,0.0,13.33,0.0,0.0,13.32,0.0,0.0,25.93,37.5,100,0,1,0.43,1.61,57.43,0.0,25.93,25.92,8753,784,3587,True
78164,07/12/2020,21:42:44,76.2,0.15,0.0,0.0,13.31,0.0,0.0,13.32,0.0,0.0,25.91,37.48,100,0,1,0.43,1.61,57.43,0.0,25.91,25.92,8964,784,3587,True
78179,07/12/2020,21:42:59,76.2,0.15,0.0,0.0,13.31,0.0,0.0,13.31,0.0,0.0,25.88,37.46,100,0,1,0.43,1.61,57.43,0.0,25.88,25.88,8979,784,3587,True
78194,07/12/2020,21:43:14,76.2,0.15,0.0,0.0,13.33,0.0,0.0,13.31,0.0,0.0,25.86,37.43,100,0,1,0.43,1.61,57.43,0.0,25.86,25.86,8994,784,3587,True
78209,07/12/2020,21:43:29,76.2,0.15,0.0,0.0,13.34,0.0,0.0,13.34,0.0,0.0,25.81,37.42,100,0,1,0.43,1.61,57.43,0.0,25.82,25.81,9009,784,3587,True
78224,07/12/2020,21:43:44,76.2,0.15,0.0,0.0,13.34,0.0,0.0,13.34,0.0,0.0,25.73,37.39,100,0,1,0.43,1.61,57.43,0.0,25.73,25.74,9220,784,3587,True
78239,07/12/2020,21:43:59,76.2,0.15,0.0,0.0,13.34,0.0,0.0,13.34,0.0,0.0,25.67,37.37,100,0,1,0.43,1.61,57.43,0.0,25.67,25.67,9235,784,3587,True
78254,07/12/2020,21:44:14,76.2,0.15,0.0,0.0,13.34,0.0,0.0,13.34,0.0,0.0,25.68,37.35,100,0,1,0.43,1.61,57.43,0.0,25.68,25.68,9250,784,3587,True
78269,07/12/2020,21:44:29,76.2,0.15,0.0,0.0,13.34,0.0,0.0,13.33,0.0,0.0,25.69,37.33,100,0,1,0.43,1.61,57.43,0.0,25.69,25.69,9265,784,3587,True
78284,07/12/2020,21:44:44,76.1,0.14,0.0,0.0,13.34,0.0,0.0,13.34,0.0,0.0,25.67,37.3,100,0,1,0.43,1.61,57.43,0.0,25.67,25.67,9476,784,3587,True
78299,07/12/2020,21:44:59,76.2,0.15,0.0,0.0,13.33,0.0,0.0,13.34,0.0,0.0,25.65,37.29,100,0,1,0.43,1.61,57.43,0.0,25.65,25.65,9491,784,3587,True
78314,07/12/2020,21:45:14,76.1,0.15,0.0,0.0,13.31,0.0,0.0,13.31,0.0,0.0,25.63,37.26,100,0,1,0.43,1.61,57.43,0.0,25.64,25.64,9506,784,3587,True
78329,07/12/2020,21:45:29,76.0,0.14,0.0,0.0,13.3,0.0,0.0,13.31,0.0,0.0,25.66,37.25,100,0,1,0.43,1.61,57.43,0.0,25.67,25.67,9521,784,3587,True
78344,07/12/2020,21:45:44,76.0,0.15,0.0,0.0,13.3,0.0,0.0,13.3,0.0,0.0,25.65,37.22,100,0,1,0.43,1.61,57.43,0.0,25.65,25.65,9732,784,3587,True
78359,07/12/2020,21:45:59,76.0,0.15,0.0,0.0,13.32,0.0,0.0,13.33,0.0,0.0,25.64,37.2,100,0,1,0.43,1.61,57.43,0.0,25.65,25.64,9747,784,3587,True
78374,07/12/2020,21:46:14,76.0,0.15,0.0,0.0,13.34,0.0,0.0,13.33,0.0,0.0,25.58,37.17,100,0,1,0.43,1.61,57.43,0.0,25.58,25.58,9762,784,3587,True
78389,07/12/2020,21:46:29,76.0,0.15,0.0,0.0,13.32,0.0,0.0,13.33,0.0,0.0,25.57,37.16,100,0,1,0.43,1.61,57.43,0.0,25.57,25.56,9777,784,3587,True
78404,07/12/2020,21:46:44,76.0,0.14,0.0,0.0,13.29,0.0,0.0,13.33,0.0,0.0,25.58,37.14,100,0,1,0.43,1.61,57.43,0.0,25.57,25.57,9988,784,3587,True
78419,07/12/2020,21:46:59,76.0,0.15,0.0,0.0,13.34,0.0,0.0,13.33,0.0,0.0,25.54,37.12,100,0,1,0.43,1.61,57.43,0.0,25.55,25.54,10003,784,3587,True
78434,07/12/2020,21:47:14,75.9,0.15,0.0,0.0,13.33,0.0,0.0,13.32,0.0,0.0,25.56,37.09,100,0,1,0.43,1.61,57.43,0.0,25.56,25.56,10018,784,3587,True
78449,07/12/2020,21:47:29,75.9,0.15,0.0,0.0,13.33,0.0,0.0,13.31,0.0,0.0,25.54,37.07,100,0,1,0.43,1.61,57.43,0.0,25.55,25.53,10033,784,3587,True
78464,07/12/2020,21:47:44,76.0,0.15,0.0,0.0,13.33,0.0,0.0,13.31,0.0,0.0,25.52,37.05,100,0,1,0.43,1.61,57.43,0.0,25.52,25.53,10244,784,3587,True
78479,07/12/2020,21:47:59,76.0,0.14,0.0,0.0,13.34,0.0,0.0,13.31,0.0,0.0,25.54,37.03,100,0,1,0.43,1.61,57.43,0.0,25.54,25.55,10259,784,3587,True
78494,07/12/2020,21:48:14,75.9,0.14,0.0,0.0,13.34,0.0,0.0,13.33,0.0,0.0,25.5,37.01,100,0,1,0.43,1.61,57.43,0.0,25.51,25.5,10274,784,3587,True
78509,07/12/2020,21:48:29,75.9,0.15,0.0,0.0,13.31,0.0,0.0,13.32,0.0,0.0,25.45,37.0,100,0,1,0.43,1.61,57.43,0.0,25.45,25.45,10289,784,3587,True
78524,07/12/2020,21:48:44,76.0,0.15,0.0,0.0,13.31,0.0,0.0,13.32,0.0,0.0,25.5,36.97,100,0,1,0.43,1.61,57.43,0.0,25.5,25.49,10500,784,3587,True
78539,07/12/2020,21:48:59,76.2,0.15,0.0,0.0,13.31,0.0,0.0,13.32,0.0,0.0,25.56,36.95,100,0,1,0.43,1.61,57.43,0.0,25.55,25.56,10515,784,3587,True
78554,07/12/2020,21:49:14,76.2,0.15,0.0,0.0,13.33,0.0,0.0,13.33,0.0,0.0,25.63,36.93,100,0,1,0.43,1.61,57.43,0.0,25.63,25.63,10530,784,3587,True
78569,07/12/2020,21:49:29,76.2,0.15,0.0,0.0,13.33,0.0,0.0,13.31,0.0,0.0,25.7,36.91,100,0,1,0.43,1.61,57.43,0.0,25.7,25.7,10545,784,3587,True
78584,07/12/2020,21:49:44,76.1,0.14,0.0,0.0,13.32,0.0,0.0,13.31,0.0,0.0,25.74,36.89,100,0,1,0.43,1.61,57.43,0.0,25.74,25.74,10756,784,3587,True
78599,07/12/2020,21:49:59,76.2,0.15,0.0,0.0,13.32,0.0,0.0,13.32,0.0,0.0,25.77,36.87,100,0,1,0.43,1.61,57.43,0.0,25.78,25.78,10771,784,3587,True
78614,07/12/2020,21:50:14,76.2,0.15,0.0,0.0,13.33,0.0,0.0,13.33,0.0,0.0,25.84,36.86,100,0,1,0.43,1.61,57.43,0.0,25.84,25.84,10786,784,3587,True
78629,07/12/2020,21:50:29,76.2,0.15,0.0,0.0,13.31,0.0,0.0,13.32,0.0,0.0,25.87,36.84,100,0,1,0.43,1.61,57.43,0.0,25.88,25.88,10801,784,3587,True
78644,07/12/2020,21:50:44,76.3,0.15,0.0,0.0,13.31,0.0,0.0,13.31,0.0,0.0,25.93,36.82,100,0,1,0.43,1.61,57.43,0.0,25.92,25.91,11012,784,3587,True
78659,07/12/2020,21:50:59,76.4,0.15,0.0,0.0,13.32,0.0,0.0,13.33,0.0,0.0,25.92,36.8,100,0,1,0.43,1.61,57.43,0.0,25.92,25.92,11027,784,3587,True
78674,07/12/2020,21:51:14,76.6,0.15,0.0,0.0,13.31,0.0,0.0,13.32,0.0,0.0,25.94,36.78,100,0,1,0.43,1.61,57.43,0.0,25.93,25.93,11042,784,3587,True
78689,07/12/2020,21:51:29,76.6,0.15,0.0,0.0,13.34,0.0,0.0,13.33,0.0,0.0,25.98,36.76,100,0,1,0.43,1.61,57.43,0.0,25.98,25.98,11057,784,3587,True
78704,07/12/2020,21:51:44,76.6,0.15,0.0,0.0,13.33,0.0,0.0,13.33,0.0,0.0,25.98,36.75,100,0,1,0.43,1.61,57.43,0.0,25.98,25.98,11268,784,3587,True
78719,07/12/2020,21:51:59,76.6,0.15,0.0,0.0,13.33,0.0,0.0,13.31,0.0,0.0,25.96,36.74,100,0,1,0.43,1.61,57.43,0.0,25.96,25.95,11283,784,3587,True
78734,07/12/2020,21:52:14,76.6,0.14,0.0,0.0,13.33,0.0,0.0,13.32,0.0,0.0,25.94,36.71,100,0,1,0.43,1.61,57.43,0.0,25.94,25.94,11298,784,3587,True
78749,07/12/2020,21:52:29,76.6,0.15,0.0,0.0,13.31,0.0,0.0,13.33,0.0,0.0,25.94,36.69,100,0,1,0.43,1.61,57.43,0.0,25.94,25.93,11313,784,3587,True
78764,07/12/2020,21:52:44,76.7,0.15,0.0,0.0,13.33,0.0,0.0,13.32,0.0,0.0,25.94,36.68,100,0,1,0.43,1.61,57.43,0.0,25.94,25.94,11524,784,3587,True
78779,07/12/2020,21:52:59,76.7,0.15,0.0,0.0,13.34,0.0,0.0,13.33,0.0,0.0,25.98,36.66,100,0,1,0.43,1.61,57.43,0.0,25.98,25.98,11539,784,3587,True
78794,07/12/2020,21:53:14,76.8,0.15,0.0,0.0,13.32,0.0,0.0,13.31,0.0,0.0,26.01,36.64,100,0,1,0.43,1.61,57.43,0.0,26.02,26.01,11554,784,3587,True
78809,07/12/2020,21:53:29,76.8,0.15,0.0,0.0,13.33,0.0,0.0,13.33,0.0,0.0,26.04,36.63,100,0,1,0.43,1.61,57.43,0.0,26.04,26.04,11569,784,3587,True
78824,07/12/2020,21:53:44,76.9,0.15,0.0,0.0,13.31,0.0,0.0,13.32,0.0,0.0,26.03,36.61,100,0,1,0.43,1.61,57.43,0.0,26.03,26.03,11780,784,3587,True
78839,07/12/2020,21:53:59,76.9,0.14,0.0,0.0,13.33,0.0,0.0,13.31,0.0,0.0,26.03,36.59,100,0,1,0.43,1.61,57.43,0.0,26.03,26.03,11795,784,3587,True
78854,07/12/2020,21:54:14,76.9,0.15,0.0,0.0,13.31,0.0,0.0,13.32,0.0,0.0,26.05,36.58,100,0,1,0.43,1.61,57.43,0.0,26.05,26.05,11810,784,3587,True
78869,07/12/2020,21:54:29,77.0,0.15,0.0,0.0,13.31,0.0,0.0,13.31,0.0,0.0,26.07,36.57,100,0,1,0.43,1.61,57.43,0.0,26.07,26.08,11825,784,3587,True
78884,07/12/2020,21:54:44,77.0,0.15,0.0,0.0,13.33,0.0,0.0,13.33,0.0,0.0,26.09,36.55,100,0,1,0.43,1.61,57.43,0.0,26.1,26.09,12036,784,3587,True
78899,07/12/2020,21:54:59,77.0,0.15,0.0,0.0,13.33,0.0,0.0,13.33,0.0,0.0,26.1,36.53,100,0,1,0.43,1.61,57.43,0.0,26.1,26.1,12051,784,3587,True
78914,07/12/2020,21:55:14,77.0,0.15,0.0,0.0,13.31,0.0,0.0,13.33,0.0,0.0,26.09,36.52,100,0,1,0.43,1.61,57.43,0.0,26.1,26.1,12066,784,3587,True
78929,07/12/2020,21:55:29,77.0,0.15,0.0,0.0,13.33,0.0,0.0,13.33,0.0,0.0,26.11,36.5,100,0,1,0.43,1.61,57.43,0.0,26.1,26.11,12081,784,3587,True
78944,07/12/2020,21:55:44,77.0,0.15,0.0,0.0,13.32,0.0,0.0,13.33,0.0,0.0,26.12,36.49,100,0,1,0.43,1.61,57.43,0.0,26.11,26.12,12292,784,3587,True
78959,07/12/2020,21:55:59,77.0,0.15,0.0,0.0,13.31,0.0,0.0,13.33,0.0,0.0,26.1,36.47,100,0,1,0.43,1.61,57.43,0.0,26.1,26.1,12307,784,3587,True
78974,07/12/2020,21:56:14,77.0,0.15,0.0,0.0,13.33,0.0,0.0,13.33,0.0,0.0,26.11,36.45,100,0,1,0.43,1.61,57.43,0.0,26.1,26.1,12322,784,3587,True
78989,07/12/2020,21:56:29,77.1,0.15,0.0,0.0,13.31,0.0,0.0,13.31,0.0,0.0,26.08,36.43,100,0,1,0.43,1.61,57.43,0.0,26.08,26.07,12337,784,3587,True
79004,07/12/2020,21:56:44,77.1,0.15,0.0,0.0,13.31,0.0,0.0,13.32,0.0,0.0,26.06,36.42,100,0,1,0.43,1.61,57.43,0.0,26.06,26.06,12548,784,3587,True
79019,07/12/2020,21:56:59,77.1,0.15,0.0,0.0,13.28,0.0,0.0,13.27,0.0,0.0,26.08,36.4,100,0,1,0.43,1.61,57.43,0.0,26.08,26.07,12563,784,3587,True
79034,07/12/2020,21:57:14,77.2,0.15,0.0,0.0,13.31,0.0,0.0,13.31,0.0,0.0,26.11,36.39,100,0,1,0.43,1.61,57.43,0.0,26.11,26.11,12578,784,3587,True
79049,07/12/2020,21:57:29,77.2,0.15,0.0,0.0,13.32,0.0,0.0,13.31,0.0,0.0,26.11,36.37,100,0,1,0.43,1.61,57.43,0.0,26.11,26.11,12593,784,3587,True
79064,07/12/2020,21:57:44,77.2,0.15,0.0,0.0,13.31,0.0,0.0,13.33,0.0,0.0,26.13,36.36,100,0,1,0.43,1.61,57.43,0.0,26.13,26.13,12804,784,3587,True
79079,07/12/2020,21:57:59,77.2,0.14,0.0,0.0,13.31,0.0,0.0,13.33,0.0,0.0,26.12,36.34,100,0,1,0.43,1.61,57.43,0.0,26.12,26.12,12819,784,3587,True
79094,07/12/2020,21:58:14,77.3,0.15,0.0,0.0,13.3,0.0,0.0,13.31,0.0,0.0,26.14,36.33,100,0,1,0.43,1.61,57.43,0.0,26.14,26.14,12834,784,3587,True
79109,07/12/2020,21:58:29,77.3,0.15,0.0,0.0,13.33,0.0,0.0,13.33,0.0,0.0,26.11,36.31,100,0,1,0.43,1.61,57.43,0.0,26.11,26.11,12849,784,3587,True
79124,07/12/2020,21:58:44,77.3,0.15,0.0,0.0,13.33,0.0,0.0,13.33,0.0,0.0,26.13,36.3,100,0,1,0.43,1.61,57.43,0.0,26.13,26.13,13060,784,3587,True
79139,07/12/2020,21:58:59,77.3,0.15,0.0,0.0,13.31,0.0,0.0,13.33,0.0,0.0,26.12,36.28,100,0,1,0.43,1.61,57.43,0.0,26.12,26.12,13075,784,3587,True
79154,07/12/2020,21:59:14,77.3,0.15,0.0,0.0,13.33,0.0,0.0,13.31,0.0,0.0,26.15,36.27,100,0,1,0.43,1.61,57.43,0.0,26.16,26.15,13090,784,3587,True
79169,07/12/2020,21:59:29,77.4,0.14,0.0,0.0,13.34,0.0,0.0,13.33,0.0,0.0,26.15,36.25,100,0,1,0.43,1.61,57.43,0.0,26.15,26.14,13105,784,3587,True
79184,07/12/2020,21:59:44,77.4,0.15,0.0,0.0,13.34,0.0,0.0,13.33,0.0,0.0,26.15,36.23,100,0,1,0.43,1.61,57.43,0.0,26.15,26.15,13316,784,3587,True
79199,07/12/2020,21:59:59,77.3,0.15,0.0,0.0,13.34,0.0,0.0,13.34,0.0,0.0,26.13,36.22,100,0,1,0.43,1.61,57.43,0.0,26.14,26.14,13331,784,3587,True
79214,07/12/2020,22:00:14,77.3,0.15,0.0,0.0,13.34,0.0,0.0,13.34,0.0,0.0,26.12,36.2,100,0,1,0.43,1.61,57.43,0.0,26.11,26.11,13346,784,3587,True
79229,07/12/2020,22:00:29,77.3,0.15,0.0,0.0,13.34,0.0,0.0,13.34,0.0,0.0,26.1,36.19,100,0,1,0.43,1.61,57.43,0.0,26.11,26.1,13361,784,3587,True
79244,07/12/2020,22:00:44,77.3,0.15,0.0,0.0,13.33,0.0,0.0,13.34,0.0,0.0,26.11,36.18,100,0,1,0.43,1.61,57.43,0.0,26.11,26.11,13572,784,3587,True
79259,07/12/2020,22:00:59,77.3,0.15,0.0,0.0,13.34,0.0,0.0,13.34,0.0,0.0,26.15,36.16,100,0,1,0.43,1.61,57.43,0.0,26.14,26.14,13587,784,3587,True
79274,07/12/2020,22:01:14,77.3,0.15,0.0,0.0,13.34,0.0,0.0,13.34,0.0,0.0,26.15,36.15,100,0,1,0.43,1.61,57.43,0.0,26.16,26.16,13602,784,3587,True
79289,07/12/2020,22:01:29,77.4,0.14,0.0,0.0,13.31,0.0,0.0,13.3,0.0,0.0,26.17,36.13,100,0,1,0.43,1.61,57.43,0.0,26.16,26.16,13617,784,3587,True
79304,07/12/2020,22:01:44,77.4,0.15,0.0,0.0,13.31,0.0,0.0,13.33,0.0,0.0,26.16,36.12,100,0,1,0.43,1.61,57.43,0.0,26.17,26.18,13828,784,3587,True
79319,07/12/2020,22:01:59,77.6,0.15,0.0,0.0,13.31,0.0,0.0,13.31,0.0,0.0,26.18,36.1,100,0,1,0.43,1.61,57.43,0.0,26.17,26.18,13843,784,3587,True
79334,07/12/2020,22:02:14,77.6,0.15,0.0,0.0,13.3,0.0,0.0,13.29,0.0,0.0,26.18,36.1,100,0,1,0.43,1.61,57.43,0.0,26.17,26.17,13858,784,3587,True
79349,07/12/2020,22:02:29,77.6,0.15,0.0,0.0,13.32,0.0,0.0,13.3,0.0,0.0,26.2,36.08,100,0,1,0.43,1.61,57.43,0.0,26.2,26.2,13873,784,3587,True
79364,07/12/2020,22:02:44,77.6,0.15,0.0,0.0,13.31,0.0,0.0,13.31,0.0,0.0,26.2,36.06,100,0,1,0.43,1.61,57.43,0.0,26.2,26.19,14084,784,3587,True
79379,07/12/2020,22:02:59,77.6,0.15,0.0,0.0,13.28,0.0,0.0,13.31,0.0,0.0,26.21,36.05,100,0,1,0.43,1.61,57.43,0.0,26.22,26.21,14099,784,3587,True
79394,07/12/2020,22:03:14,77.6,0.15,0.0,0.0,13.27,0.0,0.0,13.27,0.0,0.0,26.24,36.04,100,0,1,0.43,1.61,57.43,0.0,26.24,26.24,14114,784,3587,True
79409,07/12/2020,22:03:29,77.7,0.15,0.0,0.0,13.32,0.0,0.0,13.3,0.0,0.0,26.26,36.02,100,0,1,0.43,1.61,57.43,0.0,26.26,26.25,14129,784,3587,True
79424,07/12/2020,22:03:44,77.7,0.15,0.0,0.0,13.31,0.0,0.0,13.3,0.0,0.0,26.25,36.01,100,0,1,0.43,1.61,57.43,0.0,26.25,26.25,14340,784,3587,True
79439,07/12/2020,22:03:59,77.7,0.15,0.0,0.0,13.29,0.0,0.0,13.3,0.0,0.0,26.25,36.0,100,0,1,0.43,1.61,57.43,0.0,26.24,26.26,14355,784,3587,True
79454,07/12/2020,22:04:14,77.7,0.15,0.0,0.0,13.28,0.0,0.0,13.29,0.0,0.0,26.21,35.99,100,0,1,0.43,1.61,57.43,0.0,26.21,26.23,14370,784,3587,True
79469,07/12/2020,22:04:29,77.7,0.14,0.0,0.0,13.29,0.0,0.0,13.28,0.0,0.0,26.18,35.98,100,0,1,0.43,1.61,57.43,0.0,26.18,26.2,14385,784,3587,True
79484,07/12/2020,22:04:44,77.7,0.15,0.0,0.0,13.28,0.0,0.0,13.3,0.0,0.0,26.2,35.96,100,0,1,0.43,1.61,57.43,0.0,26.19,26.22,14596,784,3587,True
79499,07/12/2020,22:04:59,77.7,0.13,0.0,0.0,13.28,0.0,0.0,13.29,0.0,0.0,26.23,35.94,100,0,1,0.43,1.61,57.43,0.0,26.22,26.24,14611,784,3587,True
79514,07/12/2020,22:05:14,77.7,0.15,0.0,0.0,13.3,0.0,0.0,13.29,0.0,0.0,26.24,35.93,100,0,1,0.43,1.61,57.43,0.0,26.23,26.26,14626,784,3587,True
79529,07/12/2020,22:05:29,77.7,0.15,0.0,0.0,13.28,0.0,0.0,13.3,0.0,0.0,26.18,35.92,100,0,1,0.43,1.61,57.43,0.0,26.19,26.2,14641,784,3587,True
79544,07/12/2020,22:05:44,77.7,0.15,0.0,0.0,13.29,0.0,0.0,13.3,0.0,0.0,26.19,35.91,100,0,1,0.43,1.61,57.43,0.0,26.19,26.21,14852,784,3587,True
79559,07/12/2020,22:05:59,77.7,0.15,0.0,0.0,13.3,0.0,0.0,13.28,0.0,0.0,26.21,35.9,100,0,1,0.43,1.61,57.43,0.0,26.21,26.19,14867,784,3587,True
79574,07/12/2020,22:06:14,77.7,0.15,0.0,0.0,13.32,0.0,0.0,13.31,0.0,0.0,26.16,35.89,100,0,1,0.43,1.61,57.43,0.0,26.17,26.16,14882,784,3587,True
79589,07/12/2020,22:06:29,77.7,0.15,0.0,0.0,13.32,0.0,0.0,13.31,0.0,0.0,26.11,35.87,100,0,1,0.43,1.61,57.43,0.0,26.11,26.12,14897,784,3587,True
79604,07/12/2020,22:06:44,77.6,0.15,0.0,0.0,13.3,0.0,0.0,13.3,0.0,0.0,26.13,35.86,100,0,1,0.43,1.61,57.43,0.0,26.13,26.13,15108,784,3587,True
79619,07/12/2020,22:06:59,77.6,0.15,0.0,0.0,13.31,0.0,0.0,13.31,0.0,0.0,26.13,35.85,100,0,1,0.43,1.61,57.43,0.0,26.13,26.13,15123,784,3587,True
79634,07/12/2020,22:07:14,77.6,0.15,0.0,0.0,13.31,0.0,0.0,13.3,0.0,0.0,26.11,35.84,100,0,1,0.43,1.61,57.43,0.0,26.11,26.11,15138,784,3587,True
79649,07/12/2020,22:07:29,77.6,0.14,0.0,0.0,13.3,0.0,0.0,13.31,0.0,0.0,26.07,35.82,100,0,1,0.43,1.61,57.43,0.0,26.07,26.06,15153,784,3587,True
79664,07/12/2020,22:07:44,77.7,0.15,0.0,0.0,13.32,0.0,0.0,13.3,0.0,0.0,26.07,35.82,100,0,1,0.43,1.61,57.43,0.0,26.07,26.07,4,785,3587,True
79679,07/12/2020,22:07:59,77.7,0.15,0.0,0.0,13.3,0.0,0.0,13.3,0.0,0.0,26.09,35.8,100,0,1,0.43,1.61,57.43,0.0,26.09,26.09,19,785,3587,True
79694,07/12/2020,22:08:14,77.7,0.15,0.0,0.0,13.31,0.0,0.0,13.32,0.0,0.0,26.09,35.79,100,0,1,0.43,1.61,57.43,0.0,26.1,26.1,34,785,3587,True
79709,07/12/2020,22:08:29,77.7,0.15,0.0,0.0,13.3,0.0,0.0,13.3,0.0,0.0,26.09,35.78,100,0,1,0.43,1.61,57.43,0.0,26.09,26.09,49,785,3587,True
79724,07/12/2020,22:08:44,77.8,0.15,0.0,0.0,13.3,0.0,0.0,13.3,0.0,0.0,26.08,35.76,100,0,1,0.43,1.61,57.43,0.0,26.08,26.08,260,785,3587,True
79739,07/12/2020,22:08:59,77.8,0.14,0.0,0.0,13.31,0.0,0.0,13.32,0.0,0.0,26.06,35.75,100,0,1,0.43,1.61,57.43,0.0,26.07,26.06,275,785,3587,True
79754,07/12/2020,22:09:14,77.8,0.15,0.0,0.0,13.31,0.0,0.0,13.3,0.0,0.0,26.06,35.74,100,0,1,0.43,1.61,57.43,0.0,26.06,26.06,290,785,3587,True
79769,07/12/2020,22:09:29,77.8,0.15,0.0,0.0,13.31,0.0,0.0,13.32,0.0,0.0,26.06,35.73,100,0,1,0.43,1.61,57.43,0.0,26.07,26.06,305,785,3587,True
79784,07/12/2020,22:09:44,77.8,0.15,0.0,0.0,13.3,0.0,0.0,13.3,0.0,0.0,26.05,35.71,100,0,1,0.43,1.61,57.43,0.0,26.05,26.05,516,785,3587,True
79799,07/12/2020,22:09:59,77.8,0.15,0.0,0.0,13.31,0.0,0.0,13.29,0.0,0.0,26.09,35.7,100,0,1,0.43,1.61,57.43,0.0,26.09,26.08,531,785,3587,True
79814,07/12/2020,22:10:14,77.8,0.15,0.0,0.0,13.32,0.0,0.0,13.3,0.0,0.0,26.1,35.69,100,0,1,0.43,1.61,57.43,0.0,26.1,26.1,546,785,3587,True
79829,07/12/2020,22:10:29,77.9,0.14,0.0,0.0,13.32,0.0,0.0,13.32,0.0,0.0,26.12,35.68,100,0,1,0.43,1.61,57.43,0.0,26.12,26.12,561,785,3587,True
79844,07/12/2020,22:10:44,77.9,0.15,0.0,0.0,13.33,0.0,0.0,13.33,0.0,0.0,26.12,35.66,100,0,1,0.43,1.61,57.43,0.0,26.12,26.12,772,785,3587,True
79859,07/12/2020,22:10:59,77.9,0.15,0.0,0.0,13.34,0.0,0.0,13.33,0.0,0.0,26.12,35.65,100,0,1,0.43,1.61,57.43,0.0,26.13,26.13,787,785,3587,True
79874,07/12/2020,22:11:14,77.9,0.15,0.0,0.0,13.33,0.0,0.0,13.34,0.0,0.0,26.09,35.64,100,0,1,0.43,1.61,57.43,0.0,26.09,26.09,802,785,3587,True
79889,07/12/2020,22:11:29,77.9,0.14,0.0,0.0,13.34,0.0,0.0,13.33,0.0,0.0,26.09,35.63,100,0,1,0.43,1.61,57.43,0.0,26.1,26.09,817,785,3587,True
79904,07/12/2020,22:11:44,77.9,0.15,0.0,0.0,13.34,0.0,0.0,13.34,0.0,0.0,26.1,35.62,100,0,1,0.43,1.61,57.43,0.0,26.1,26.1,1028,785,3587,True
79919,07/12/2020,22:11:59,77.9,0.15,0.0,0.0,13.34,0.0,0.0,13.33,0.0,0.0,26.11,35.6,100,0,1,0.43,1.61,57.43,0.0,26.11,26.11,1043,785,3587,True
79934,07/12/2020,22:12:14,78.0,0.15,0.0,0.0,13.34,0.0,0.0,13.34,0.0,0.0,26.11,35.59,100,0,1,0.43,1.61,57.43,0.0,26.1,26.1,1058,785,3587,True
79949,07/12/2020,22:12:29,78.0,0.15,0.0,0.0,13.34,0.0,0.0,13.33,0.0,0.0,26.06,35.59,100,0,1,0.43,1.61,57.43,0.0,26.06,26.05,1073,785,3587,True
79964,07/12/2020,22:12:44,77.9,0.13,0.0,0.0,13.33,0.0,0.0,13.31,0.0,0.0,26.01,35.57,100,0,1,0.43,1.61,57.43,0.0,26.01,26.01,1284,785,3587,True
79979,07/12/2020,22:12:59,77.9,0.15,0.0,0.0,13.31,0.0,0.0,13.33,0.0,0.0,25.99,35.56,100,0,1,0.43,1.61,57.43,0.0,25.99,25.99,1299,785,3587,True
79994,07/12/2020,22:13:14,77.9,0.15,0.0,0.0,13.33,0.0,0.0,13.32,0.0,0.0,25.91,35.55,100,0,1,0.43,1.61,57.43,0.0,25.91,25.9,1314,785,3587,True
80009,07/12/2020,22:13:29,77.8,0.15,0.0,0.0,13.33,0.0,0.0,13.32,0.0,0.0,25.82,35.53,100,0,1,0.43,1.61,57.43,0.0,25.82,25.82,1329,785,3587,True
80024,07/12/2020,22:13:44,77.8,0.15,0.0,0.0,13.3,0.0,0.0,13.32,0.0,0.0,25.79,35.52,100,0,1,0.43,1.61,57.43,0.0,25.79,25.79,1540,785,3587,True
80039,07/12/2020,22:13:59,77.8,0.15,0.0,0.0,13.31,0.0,0.0,13.3,0.0,0.0,25.84,35.52,100,0,1,0.43,1.61,57.43,0.0,25.84,25.84,1555,785,3587,True
80054,07/12/2020,22:14:14,77.8,0.15,0.0,0.0,13.3,0.0,0.0,13.3,0.0,0.0,25.8,35.5,100,0,1,0.43,1.61,57.43,0.0,25.8,25.79,1570,785,3587,True
80069,07/12/2020,22:14:29,77.8,0.15,0.0,0.0,13.3,0.0,0.0,13.31,0.0,0.0,25.82,35.49,100,0,1,0.43,1.61,57.43,0.0,25.83,25.83,1585,785,3587,True
80084,07/12/2020,22:14:44,77.8,0.15,0.0,0.0,13.3,0.0,0.0,13.32,0.0,0.0,25.83,35.48,100,0,1,0.43,1.61,57.43,0.0,25.83,25.84,1796,785,3587,True
80099,07/12/2020,22:14:59,77.8,0.15,0.0,0.0,13.3,0.0,0.0,13.31,0.0,0.0,25.82,35.47,100,0,1,0.43,1.61,57.43,0.0,25.82,25.82,1811,785,3587,True
80114,07/12/2020,22:15:14,77.8,0.15,0.0,0.0,13.31,0.0,0.0,13.31,0.0,0.0,25.86,35.46,100,0,1,0.43,1.61,57.43,0.0,25.86,25.86,1826,785,3587,True
80129,07/12/2020,22:15:29,77.9,0.15,0.0,0.0,13.31,0.0,0.0,13.3,0.0,0.0,25.9,35.45,100,0,1,0.43,1.61,57.43,0.0,25.91,25.9,1841,785,3587,True
80144,07/12/2020,22:15:44,77.8,0.15,0.0,0.0,13.31,0.0,0.0,13.33,0.0,0.0,25.88,35.43,100,0,1,0.43,1.61,57.43,0.0,25.87,25.87,2052,785,3587,True
80159,07/12/2020,22:15:59,77.9,0.14,0.0,0.0,13.33,0.0,0.0,13.32,0.0,0.0,25.88,35.42,100,0,1,0.43,1.61,57.43,0.0,25.89,25.88,2067,785,3587,True
80174,07/12/2020,22:16:14,77.9,0.15,0.0,0.0,13.32,0.0,0.0,13.3,0.0,0.0,25.84,35.41,100,0,1,0.43,1.61,57.43,0.0,25.84,25.84,2082,785,3587,True
80189,07/12/2020,22:16:29,77.9,0.15,0.0,0.0,13.33,0.0,0.0,13.32,0.0,0.0,25.87,35.41,100,0,1,0.43,1.61,57.43,0.0,25.87,25.87,2097,785,3587,True
80204,07/12/2020,22:16:44,78.0,0.14,0.0,0.0,13.31,0.0,0.0,13.3,0.0,0.0,25.86,35.39,100,0,1,0.43,1.61,57.43,0.0,25.87,25.87,2308,785,3587,True
80219,07/12/2020,22:16:59,77.9,0.15,0.0,0.0,13.33,0.0,0.0,13.32,0.0,0.0,25.87,35.38,100,0,1,0.43,1.61,57.43,0.0,25.88,25.87,2323,785,3587,True
80234,07/12/2020,22:17:14,77.9,0.15,0.0,0.0,13.31,0.0,0.0,13.31,0.0,0.0,25.9,35.36,100,0,1,0.43,1.61,57.43,0.0,25.9,25.91,2338,785,3587,True
80249,07/12/2020,22:17:29,78.0,0.15,0.0,0.0,13.32,0.0,0.0,13.32,0.0,0.0,25.94,35.35,100,0,1,0.43,1.61,57.43,0.0,25.95,25.95,2353,785,3587,True
80264,07/12/2020,22:17:44,78.0,0.15,0.0,0.0,13.3,0.0,0.0,13.31,0.0,0.0,25.98,35.35,100,0,1,0.43,1.61,57.43,0.0,25.98,25.98,2564,785,3587,True
80279,07/12/2020,22:17:59,78.1,0.14,0.0,0.0,13.3,0.0,0.0,13.31,0.0,0.0,26.0,35.34,100,0,1,0.43,1.61,57.43,0.0,26.0,26.0,2579,785,3587,True
80294,07/12/2020,22:18:14,78.1,0.15,0.0,0.0,13.32,0.0,0.0,13.32,0.0,0.0,26.0,35.33,100,0,1,0.43,1.61,57.43,0.0,26.0,25.99,2594,785,3587,True
80309,07/12/2020,22:18:29,78.1,0.15,0.0,0.0,13.32,0.0,0.0,13.31,0.0,0.0,26.02,35.32,100,0,1,0.43,1.61,57.43,0.0,26.02,26.03,2609,785,3587,True
80324,07/12/2020,22:18:44,78.1,0.15,0.0,0.0,13.31,0.0,0.0,13.31,0.0,0.0,26.05,35.3,100,0,1,0.43,1.61,57.43,0.0,26.06,26.06,2820,785,3587,True
80339,07/12/2020,22:18:59,78.1,0.15,0.0,0.0,13.32,0.0,0.0,13.33,0.0,0.0,26.05,35.29,100,0,1,0.43,1.61,57.43,0.0,26.05,26.04,2835,785,3587,True
80354,07/12/2020,22:19:14,78.1,0.14,0.0,0.0,13.33,0.0,0.0,13.32,0.0,0.0,26.03,35.29,100,0,1,0.43,1.61,57.43,0.0,26.04,26.03,2850,785,3587,True
80369,07/12/2020,22:19:29,78.1,0.15,0.0,0.0,13.32,0.0,0.0,13.32,0.0,0.0,26.08,35.27,100,0,1,0.43,1.61,57.43,0.0,26.08,26.09,2865,785,3587,True
80384,07/12/2020,22:19:44,78.1,0.15,0.0,0.0,13.31,0.0,0.0,13.32,0.0,0.0,26.12,35.27,100,0,1,0.43,1.61,57.43,0.0,26.12,26.11,3076,785,3587,True
80399,07/12/2020,22:19:59,78.1,0.15,0.0,0.0,13.31,0.0,0.0,13.33,0.0,0.0,26.11,35.25,100,0,1,0.43,1.61,57.43,0.0,26.11,26.11,3091,785,3587,True
80414,07/12/2020,22:20:14,78.1,0.15,0.0,0.0,13.32,0.0,0.0,13.29,0.0,0.0,26.07,35.23,100,0,1,0.43,1.61,57.43,0.0,26.07,26.07,3106,785,3587,True
80429,07/12/2020,22:20:29,78.1,0.15,0.0,0.0,13.33,0.0,0.0,13.33,0.0,0.0,26.09,35.22,100,0,1,0.43,1.61,57.43,0.0,26.09,26.09,3121,785,3587,True
80444,07/12/2020,22:20:44,78.1,0.15,0.0,0.0,13.33,0.0,0.0,13.33,0.0,0.0,26.11,35.22,100,0,1,0.43,1.61,57.43,0.0,26.11,26.11,3332,785,3587,True
80459,07/12/2020,22:20:59,78.1,0.14,0.0,0.0,13.33,0.0,0.0,13.33,0.0,0.0,26.1,35.2,100,0,1,0.43,1.61,57.43,0.0,26.1,26.1,3347,785,3587,True
80474,07/12/2020,22:21:14,78.1,0.15,0.0,0.0,13.33,0.0,0.0,13.33,0.0,0.0,26.07,35.2,100,0,1,0.43,1.61,57.43,0.0,26.07,26.07,3362,785,3587,True
80489,07/12/2020,22:21:29,78.1,0.15,0.0,0.0,13.33,0.0,0.0,13.34,0.0,0.0,26.08,35.2,100,0,1,0.43,1.61,57.43,0.0,26.07,26.07,3377,785,3587,True
80504,07/12/2020,22:21:44,78.1,0.15,0.0,0.0,13.33,0.0,0.0,13.33,0.0,0.0,26.1,35.18,100,0,1,0.43,1.61,57.43,0.0,26.11,26.11,3588,785,3587,True
80519,07/12/2020,22:21:59,78.1,0.15,0.0,0.0,13.34,0.0,0.0,13.33,0.0,0.0,26.14,35.17,100,0,1,0.43,1.61,57.43,0.0,26.14,26.13,3603,785,3587,True
80534,07/12/2020,22:22:14,78.1,0.14,0.0,0.0,13.33,0.0,0.0,13.33,0.0,0.0,26.15,35.16,100,0,1,0.43,1.61,57.43,0.0,26.16,26.15,3618,785,3587,True
80549,07/12/2020,22:22:29,78.3,0.15,0.0,0.0,13.34,0.0,0.0,13.33,0.0,0.0,26.17,35.15,100,0,1,0.43,1.61,57.43,0.0,26.16,26.17,3633,785,3587,True
80564,07/12/2020,22:22:44,78.5,0.14,0.0,0.0,13.32,0.0,0.0,13.33,0.0,0.0,26.2,35.14,100,0,1,0.43,1.61,57.43,0.0,26.2,26.2,3844,785,3587,True
80579,07/12/2020,22:22:59,78.6,0.15,0.0,0.0,13.3,0.0,0.0,13.31,0.0,0.0,26.22,35.12,100,0,1,0.43,1.61,57.43,0.0,26.22,26.22,3859,785,3587,True
80594,07/12/2020,22:23:14,78.6,0.15,0.0,0.0,13.32,0.0,0.0,13.32,0.0,0.0,26.24,35.12,100,0,1,0.43,1.61,57.43,0.0,26.24,26.24,3874,785,3587,True
80609,07/12/2020,22:23:29,78.6,0.15,0.0,0.0,13.31,0.0,0.0,13.32,0.0,0.0,26.27,35.11,100,0,1,0.43,1.61,57.43,0.0,26.26,26.27,3889,785,3587,True
80624,07/12/2020,22:23:44,78.7,0.13,0.0,0.0,13.31,0.0,0.0,13.33,0.0,0.0,26.29,35.1,100,0,1,0.43,1.61,57.43,0.0,26.29,26.29,4100,785,3587,True
80639,07/12/2020,22:23:59,78.7,0.14,0.0,0.0,13.3,0.0,0.0,13.31,0.0,0.0,26.31,35.09,100,0,1,0.43,1.61,57.43,0.0,26.31,26.3,4115,785,3587,True
80654,07/12/2020,22:24:14,78.7,0.15,0.0,0.0,13.32,0.0,0.0,13.3,0.0,0.0,26.33,35.08,100,0,1,0.43,1.61,57.43,0.0,26.33,26.33,4130,785,3587,True
80669,07/12/2020,22:24:29,78.7,0.15,0.0,0.0,13.31,0.0,0.0,13.32,0.0,0.0,26.34,35.07,100,0,1,0.43,1.61,57.43,0.0,26.35,26.34,4145,785,3587,True
80684,07/12/2020,22:24:44,78.8,0.15,0.0,0.0,13.32,0.0,0.0,13.32,0.0,0.0,26.37,35.06,100,0,1,0.43,1.61,57.43,0.0,26.37,26.36,4356,785,3587,True
80699,07/12/2020,22:24:59,78.9,0.15,0.0,0.0,13.32,0.0,0.0,13.31,0.0,0.0,26.39,35.05,100,0,1,0.43,1.61,57.43,0.0,26.39,26.39,4371,785,3587,True
80714,07/12/2020,22:25:14,78.9,0.15,0.0,0.0,13.32,0.0,0.0,13.31,0.0,0.0,26.38,35.05,100,0,1,0.43,1.61,57.43,0.0,26.39,26.38,4386,785,3587,True
80729,07/12/2020,22:25:29,78.9,0.14,0.0,0.0,13.3,0.0,0.0,13.32,0.0,0.0,26.38,35.03,100,0,1,0.43,1.61,57.43,0.0,26.39,26.39,4401,785,3587,True
80744,07/12/2020,22:25:44,78.9,0.15,0.0,0.0,13.32,0.0,0.0,13.32,0.0,0.0,26.38,35.02,100,0,1,0.43,1.61,57.43,0.0,26.39,26.38,4612,785,3587,True
80759,07/12/2020,22:25:59,79.0,0.13,0.0,0.0,13.31,0.0,0.0,13.3,0.0,0.0,26.4,35.01,100,0,1,0.43,1.61,57.43,0.0,26.39,26.4,4627,785,3587,True
80774,07/12/2020,22:26:14,79.0,0.13,0.0,0.0,13.31,0.0,0.0,13.32,0.0,0.0,26.39,35.0,100,0,1,0.43,1.61,57.43,0.0,26.39,26.39,4642,785,3587,True
80789,07/12/2020,22:26:29,79.1,0.15,0.0,0.0,13.31,0.0,0.0,13.3,0.0,0.0,26.41,34.99,100,0,1,0.43,1.61,57.43,0.0,26.4,26.41,4657,785,3587,True
80804,07/12/2020,22:26:44,79.1,0.13,0.0,0.0,13.31,0.0,0.0,13.32,0.0,0.0,26.42,34.98,100,0,1,0.43,1.61,57.43,0.0,26.41,26.42,4868,785,3587,True
80819,07/12/2020,22:26:59,79.1,0.15,0.0,0.0,13.3,0.0,0.0,13.31,0.0,0.0,26.42,34.98,100,0,1,0.43,1.61,57.43,0.0,26.42,26.42,4883,785,3587,True
80834,07/12/2020,22:27:14,79.1,0.13,0.0,0.0,13.31,0.0,0.0,13.32,0.0,0.0,26.44,34.97,100,0,1,0.43,1.61,57.43,0.0,26.44,26.44,4898,785,3587,True
80849,07/12/2020,22:27:29,79.1,0.13,0.0,0.0,13.3,0.0,0.0,13.31,0.0,0.0,26.45,34.96,100,0,1,0.43,1.61,57.43,0.0,26.45,26.45,4913,785,3587,True
80864,07/12/2020,22:27:44,79.1,0.15,0.0,0.0,13.3,0.0,0.0,13.31,0.0,0.0,26.46,34.94,100,0,1,0.43,1.61,57.43,0.0,26.45,26.46,5124,785,3587,True
80879,07/12/2020,22:27:59,79.1,0.14,0.0,0.0,13.31,0.0,0.0,13.3,0.0,0.0,26.45,34.94,100,0,1,0.43,1.61,57.43,0.0,26.44,26.44,5139,785,3587,True
80894,07/12/2020,22:28:14,79.2,0.15,0.0,0.0,13.32,0.0,0.0,13.31,0.0,0.0,26.45,34.93,100,0,1,0.43,1.61,57.43,0.0,26.45,26.46,5154,785,3587,True
80909,07/12/2020,22:28:29,79.2,0.14,0.0,0.0,13.32,0.0,0.0,13.31,0.0,0.0,26.46,34.92,100,0,1,0.43,1.61,57.43,0.0,26.46,26.45,5169,785,3587,True
80924,07/12/2020,22:28:44,79.2,0.15,0.0,0.0,13.3,0.0,0.0,13.32,0.0,0.0,26.45,34.91,100,0,1,0.43,1.61,57.43,0.0,26.45,26.45,5380,785,3587,True
80939,07/12/2020,22:28:59,79.2,0.14,0.0,0.0,13.31,0.0,0.0,13.3,0.0,0.0,26.46,34.9,100,0,1,0.43,1.61,57.43,0.0,26.46,26.46,5395,785,3587,True
80954,07/12/2020,22:29:14,79.2,0.15,0.0,0.0,13.32,0.0,0.0,13.3,0.0,0.0,26.47,34.89,100,0,1,0.43,1.61,57.43,0.0,26.47,26.47,5410,785,3587,True
80969,07/12/2020,22:29:29,79.2,0.14,0.0,0.0,13.32,0.0,0.0,13.32,0.0,0.0,26.47,34.88,100,0,1,0.43,1.61,57.43,0.0,26.47,26.47,5425,785,3587,True
80984,07/12/2020,22:29:44,79.2,0.15,0.0,0.0,13.31,0.0,0.0,13.3,0.0,0.0,26.48,34.87,100,0,1,0.43,1.61,57.43,0.0,26.49,26.48,5636,785,3587,True
80999,07/12/2020,22:29:59,79.1,0.15,0.0,0.0,13.33,0.0,0.0,13.33,0.0,0.0,26.47,34.86,100,0,1,0.43,1.61,57.43,0.0,26.48,26.47,5651,785,3587,True
81014,07/12/2020,22:30:14,79.1,0.15,0.0,0.0,13.33,0.0,0.0,13.33,0.0,0.0,26.46,34.86,100,0,1,0.43,1.61,57.43,0.0,26.47,26.46,5666,785,3587,True
81029,07/12/2020,22:30:29,79.1,0.15,0.0,0.0,13.33,0.0,0.0,13.33,0.0,0.0,26.45,34.85,100,0,1,0.43,1.61,57.43,0.0,26.45,26.45,5681,785,3587,True
81044,07/12/2020,22:30:44,79.1,0.15,0.0,0.0,13.33,0.0,0.0,13.33,0.0,0.0,26.45,34.84,100,0,1,0.43,1.61,57.43,0.0,26.45,26.45,5892,785,3587,True
81059,07/12/2020,22:30:59,79.1,0.15,0.0,0.0,13.33,0.0,0.0,13.33,0.0,0.0,26.44,34.82,100,0,1,0.43,1.61,57.43,0.0,26.44,26.44,5907,785,3587,True
81074,07/12/2020,22:31:14,79.1,0.15,0.0,0.0,13.33,0.0,0.0,13.33,0.0,0.0,26.45,34.82,100,0,1,0.43,1.61,57.43,0.0,26.45,26.46,5922,785,3587,True
81089,07/12/2020,22:31:29,79.1,0.15,0.0,0.0,13.33,0.0,0.0,13.33,0.0,0.0,26.45,34.81,100,0,1,0.43,1.61,57.43,0.0,26.45,26.45,5937,785,3587,True
81104,07/12/2020,22:31:44,79.1,0.14,0.0,0.0,13.33,0.0,0.0,13.33,0.0,0.0,26.44,34.8,100,0,1,0.43,1.61,57.43,0.0,26.44,26.45,6148,785,3587,True
81119,07/12/2020,22:31:59,79.1,0.15,0.0,0.0,13.33,0.0,0.0,13.33,0.0,0.0,26.45,34.78,100,0,1,0.43,1.61,57.43,0.0,26.45,26.45,6163,785,3587,True
81134,07/12/2020,22:32:14,79.1,0.14,0.0,0.0,13.3,0.0,0.0,13.3,0.0,0.0,26.46,34.78,100,0,1,0.43,1.61,57.43,0.0,26.46,26.46,6178,785,3587,True
81149,07/12/2020,22:32:29,79.1,0.15,0.0,0.0,13.31,0.0,0.0,13.3,0.0,0.0,26.45,34.78,100,0,1,0.43,1.61,57.43,0.0,26.45,26.45,6193,785,3587,True
81164,07/12/2020,22:32:44,79.1,0.15,0.0,0.0,13.32,0.0,0.0,13.32,0.0,0.0,26.41,34.76,100,0,1,0.43,1.61,57.43,0.0,26.41,26.4,6404,785,3587,True
81179,07/12/2020,22:32:59,79.1,0.15,0.0,0.0,13.31,0.0,0.0,13.29,0.0,0.0,26.42,34.76,100,0,1,0.43,1.61,57.43,0.0,26.42,26.42,6419,785,3587,True
81194,07/12/2020,22:33:14,79.1,0.15,0.0,0.0,13.32,0.0,0.0,13.31,0.0,0.0,26.43,34.75,100,0,1,0.43,1.61,57.43,0.0,26.43,26.44,6434,785,3587,True
81209,07/12/2020,22:33:29,79.1,0.15,0.0,0.0,13.3,0.0,0.0,13.3,0.0,0.0,26.44,34.74,100,0,1,0.43,1.61,57.43,0.0,26.43,26.43,6449,785,3587,True
81224,07/12/2020,22:33:44,79.1,0.14,0.0,0.0,13.3,0.0,0.0,13.32,0.0,0.0,26.44,34.73,100,0,1,0.43,1.61,57.43,0.0,26.43,26.44,6660,785,3587,True
81239,07/12/2020,22:33:59,79.1,0.15,0.0,0.0,13.3,0.0,0.0,13.3,0.0,0.0,26.41,34.72,100,0,1,0.43,1.61,57.43,0.0,26.41,26.41,6675,785,3587,True
81254,07/12/2020,22:34:14,79.1,0.15,0.0,0.0,13.3,0.0,0.0,13.31,0.0,0.0,26.41,34.71,100,0,1,0.43,1.61,57.43,0.0,26.41,26.41,6690,785,3587,True
81269,07/12/2020,22:34:29,79.1,0.14,0.0,0.0,13.32,0.0,0.0,13.3,0.0,0.0,26.41,34.7,100,0,1,0.43,1.61,57.43,0.0,26.41,26.41,6705,785,3587,True
81284,07/12/2020,22:34:44,79.1,0.15,0.0,0.0,13.31,0.0,0.0,13.32,0.0,0.0,26.39,34.69,100,0,1,0.43,1.61,57.43,0.0,26.38,26.39,6916,785,3587,True
81299,07/12/2020,22:34:59,79.1,0.15,0.0,0.0,13.3,0.0,0.0,13.31,0.0,0.0,26.34,34.69,100,0,1,0.43,1.61,57.43,0.0,26.34,26.34,6931,785,3587,True
81314,07/12/2020,22:35:14,79.1,0.14,0.0,0.0,13.29,0.0,0.0,13.31,0.0,0.0,26.35,34.68,100,0,1,0.43,1.61,57.43,0.0,26.35,26.36,6946,785,3587,True
81329,07/12/2020,22:35:29,79.1,0.15,0.0,0.0,13.31,0.0,0.0,13.3,0.0,0.0,26.34,34.66,100,0,1,0.43,1.61,57.43,0.0,26.34,26.34,6961,785,3587,True
81344,07/12/2020,22:35:44,79.1,0.15,0.0,0.0,13.3,0.0,0.0,13.31,0.0,0.0,26.36,34.66,100,0,1,0.43,1.61,57.43,0.0,26.35,26.36,7172,785,3587,True
81359,07/12/2020,22:35:59,79.1,0.15,0.0,0.0,13.3,0.0,0.0,13.31,0.0,0.0,26.35,34.65,100,0,1,0.43,1.61,57.43,0.0,26.35,26.35,7187,785,3587,True
81374,07/12/2020,22:36:14,79.1,0.14,0.0,0.0,13.3,0.0,0.0,13.32,0.0,0.0,26.36,34.64,100,0,1,0.43,1.61,57.43,0.0,26.37,26.36,7202,785,3587,True
81389,07/12/2020,22:36:29,79.1,0.15,0.0,0.0,13.31,0.0,0.0,13.32,0.0,0.0,26.34,34.63,100,0,1,0.43,1.61,57.43,0.0,26.34,26.34,7217,785,3587,True
81404,07/12/2020,22:36:44,79.1,0.15,0.0,0.0,13.3,0.0,0.0,13.31,0.0,0.0,26.29,34.62,100,0,1,0.43,1.61,57.43,0.0,26.29,26.29,7428,785,3587,True
81419,07/12/2020,22:36:59,79.1,0.14,0.0,0.0,13.31,0.0,0.0,13.32,0.0,0.0,26.22,34.62,100,0,1,0.43,1.61,57.43,0.0,26.22,26.22,7443,785,3587,True
81434,07/12/2020,22:37:14,79.1,0.15,0.0,0.0,13.3,0.0,0.0,13.31,0.0,0.0,26.21,34.61,100,0,1,0.43,1.61,57.43,0.0,26.22,26.21,7458,785,3587,True
81449,07/12/2020,22:37:29,79.1,0.14,0.0,0.0,13.31,0.0,0.0,13.32,0.0,0.0,26.22,34.6,100,0,1,0.43,1.61,57.43,0.0,26.23,26.23,7473,785,3587,True
81464,07/12/2020,22:37:44,79.1,0.15,0.0,0.0,13.3,0.0,0.0,13.31,0.0,0.0,26.26,34.59,100,0,1,0.43,1.61,57.43,0.0,26.26,26.26,7684,785,3587,True
81479,07/12/2020,22:37:59,79.1,0.14,0.0,0.0,13.31,0.0,0.0,13.32,0.0,0.0,26.26,34.59,100,0,1,0.43,1.61,57.43,0.0,26.26,26.26,7699,785,3587,True
81494,07/12/2020,22:38:14,79.1,0.15,0.0,0.0,13.3,0.0,0.0,13.29,0.0,0.0,26.24,34.57,100,0,1,0.43,1.61,57.43,0.0,26.24,26.24,7714,785,3587,True
81509,07/12/2020,22:38:29,79.1,0.14,0.0,0.0,13.3,0.0,0.0,13.3,0.0,0.0,26.24,34.57,100,0,1,0.43,1.61,57.43,0.0,26.24,26.23,7729,785,3587,True
81524,07/12/2020,22:38:44,79.1,0.14,0.0,0.0,13.31,0.0,0.0,13.29,0.0,0.0,26.23,34.56,100,0,1,0.43,1.61,57.43,0.0,26.24,26.24,7940,785,3587,True
81539,07/12/2020,22:38:59,79.1,0.15,0.0,0.0,13.32,0.0,0.0,13.32,0.0,0.0,26.24,34.55,100,0,1,0.43,1.61,57.43,0.0,26.24,26.24,7955,785,3587,True
81554,07/12/2020,22:39:14,79.0,0.15,0.0,0.0,13.32,0.0,0.0,13.32,0.0,0.0,26.22,34.53,100,0,1,0.43,1.61,57.43,0.0,26.23,26.22,7970,785,3587,True
81569,07/12/2020,22:39:29,79.0,0.15,0.0,0.0,13.33,0.0,0.0,13.32,0.0,0.0,26.24,34.52,100,0,1,0.43,1.61,57.43,0.0,26.24,26.24,7985,785,3587,True
81584,07/12/2020,22:39:44,79.0,0.15,0.0,0.0,13.33,0.0,0.0,13.32,0.0,0.0,26.24,34.52,100,0,1,0.43,1.61,57.43,0.0,26.24,26.24,8196,785,3587,True
81599,07/12/2020,22:39:59,79.0,0.15,0.0,0.0,13.33,0.0,0.0,13.33,0.0,0.0,26.26,34.52,100,0,1,0.43,1.61,57.43,0.0,26.25,26.25,8211,785,3587,True
81614,07/12/2020,22:40:14,79.0,0.15,0.0,0.0,13.33,0.0,0.0,13.33,0.0,0.0,26.25,34.5,100,0,1,0.43,1.61,57.43,0.0,26.25,26.26,8226,785,3587,True
81629,07/12/2020,22:40:29,79.0,0.15,0.0,0.0,13.32,0.0,0.0,13.32,0.0,0.0,26.26,34.5,100,0,1,0.43,1.61,57.43,0.0,26.26,26.25,8241,785,3587,True
81644,07/12/2020,22:40:44,78.9,0.15,0.0,0.0,13.33,0.0,0.0,13.33,0.0,0.0,26.23,34.49,100,0,1,0.43,1.61,57.43,0.0,26.24,26.22,8452,785,3587,True
81659,07/12/2020,22:40:59,78.9,0.14,0.0,0.0,13.33,0.0,0.0,13.32,0.0,0.0,26.22,34.48,100,0,1,0.43,1.61,57.43,0.0,26.22,26.22,8467,785,3587,True
81674,07/12/2020,22:41:14,78.9,0.15,0.0,0.0,13.3,0.0,0.0,13.32,0.0,0.0,26.22,34.47,100,0,1,0.43,1.61,57.43,0.0,26.22,26.22,8482,785,3587,True
81689,07/12/2020,22:41:29,78.9,0.14,0.0,0.0,13.3,0.0,0.0,13.32,0.0,0.0,26.2,34.46,100,0,1,0.43,1.61,57.43,0.0,26.21,26.21,8497,785,3587,True
81704,07/12/2020,22:41:44,78.8,0.15,0.0,0.0,13.3,0.0,0.0,13.3,0.0,0.0,26.14,34.46,100,0,1,0.43,1.61,57.43,0.0,26.13,26.14,8708,785,3587,True
81719,07/12/2020,22:41:59,78.7,0.15,0.0,0.0,13.3,0.0,0.0,13.31,0.0,0.0,26.08,34.45,100,0,1,0.43,1.61,57.43,0.0,26.09,26.09,8723,785,3587,True
81734,07/12/2020,22:42:14,78.8,0.15,0.0,0.0,13.29,0.0,0.0,13.31,0.0,0.0,26.09,34.44,100,0,1,0.43,1.61,57.43,0.0,26.09,26.09,8738,785,3587,True
81749,07/12/2020,22:42:29,78.7,0.15,0.0,0.0,13.31,0.0,0.0,13.29,0.0,0.0,26.1,34.42,100,0,1,0.43,1.61,57.43,0.0,26.1,26.1,8753,785,3587,True
81764,07/12/2020,22:42:44,78.7,0.14,0.0,0.0,13.29,0.0,0.0,13.31,0.0,0.0,26.12,34.42,100,0,1,0.43,1.61,57.43,0.0,26.12,26.12,8964,785,3587,True
81779,07/12/2020,22:42:59,78.7,0.15,0.0,0.0,13.31,0.0,0.0,13.3,0.0,0.0,26.13,34.41,100,0,1,0.43,1.61,57.43,0.0,26.13,26.12,8979,785,3587,True
81794,07/12/2020,22:43:14,78.8,0.15,0.0,0.0,13.32,0.0,0.0,13.3,0.0,0.0,26.15,34.4,100,0,1,0.43,1.61,57.43,0.0,26.15,26.14,8994,785,3587,True
81809,07/12/2020,22:43:29,78.7,0.13,0.0,0.0,13.31,0.0,0.0,13.31,0.0,0.0,26.15,34.39,100,0,1,0.43,1.61,57.43,0.0,26.15,26.14,9009,785,3587,True
81824,07/12/2020,22:43:44,78.7,0.15,0.0,0.0,13.32,0.0,0.0,13.31,0.0,0.0,26.15,34.38,100,0,1,0.43,1.61,57.43,0.0,26.14,26.15,9220,785,3587,True
81839,07/12/2020,22:43:59,78.6,0.14,0.0,0.0,13.31,0.0,0.0,13.32,0.0,0.0,26.13,34.38,100,0,1,0.43,1.61,57.43,0.0,26.13,26.13,9235,785,3587,True
81854,07/12/2020,22:44:14,78.6,0.14,0.0,0.0,13.31,0.0,0.0,13.29,0.0,0.0,26.15,34.36,100,0,1,0.43,1.61,57.43,0.0,26.15,26.15,9250,785,3587,True
81869,07/12/2020,22:44:29,78.6,0.15,0.0,0.0,13.3,0.0,0.0,13.31,0.0,0.0,26.16,34.36,100,0,1,0.43,1.61,57.43,0.0,26.16,26.16,9265,785,3587,True
81884,07/12/2020,22:44:44,78.7,0.15,0.0,0.0,13.3,0.0,0.0,13.32,0.0,0.0,26.17,34.36,100,0,1,0.43,1.61,57.43,0.0,26.17,26.17,9476,785,3587,True
81899,07/12/2020,22:44:59,78.6,0.14,0.0,0.0,13.29,0.0,0.0,13.31,0.0,0.0,26.16,34.34,100,0,1,0.43,1.61,57.43,0.0,26.17,26.16,9491,785,3587,True
81914,07/12/2020,22:45:14,78.6,0.15,0.0,0.0,13.31,0.0,0.0,13.32,0.0,0.0,26.17,34.33,100,0,1,0.43,1.61,57.43,0.0,26.18,26.17,9506,785,3587,True
81929,07/12/2020,22:45:29,78.6,0.15,0.0,0.0,13.31,0.0,0.0,13.29,0.0,0.0,26.16,34.32,100,0,1,0.43,1.61,57.43,0.0,26.17,26.16,9521,785,3587,True
81944,07/12/2020,22:45:44,78.7,0.15,0.0,0.0,13.3,0.0,0.0,13.29,0.0,0.0,26.18,34.32,100,0,1,0.43,1.61,57.43,0.0,26.18,26.18,9732,785,3587,True
81959,07/12/2020,22:45:59,78.6,0.15,0.0,0.0,13.32,0.0,0.0,13.31,0.0,0.0,26.17,34.31,100,0,1,0.43,1.61,57.43,0.0,26.18,26.18,9747,785,3587,True
81974,07/12/2020,22:46:14,78.5,0.15,0.0,0.0,13.3,0.0,0.0,13.31,0.0,0.0,26.13,34.29,100,0,1,0.43,1.61,57.43,0.0,26.14,26.13,9762,785,3587,True
81989,07/12/2020,22:46:29,78.2,0.15,0.0,0.0,13.31,0.0,0.0,13.32,0.0,0.0,26.08,34.29,100,0,1,0.43,1.61,57.43,0.0,26.08,26.08,9777,785,3587,True
82004,07/12/2020,22:46:44,78.2,0.15,0.0,0.0,13.31,0.0,0.0,13.29,0.0,0.0,26.08,34.28,100,0,1,0.43,1.61,57.43,0.0,26.08,26.09,9988,785,3587,True
82019,07/12/2020,22:46:59,78.2,0.14,0.0,0.0,13.31,0.0,0.0,13.31,0.0,0.0,26.09,34.27,100,0,1,0.43,1.61,57.43,0.0,26.1,26.09,10003,785,3587,True
82034,07/12/2020,22:47:14,78.2,0.14,0.0,0.0,13.29,0.0,0.0,13.3,0.0,0.0,26.1,34.27,100,0,1,0.43,1.61,57.43,0.0,26.09,26.09,10018,785,3587,True
82049,07/12/2020,22:47:29,78.1,0.14,0.0,0.0,13.31,0.0,0.0,13.32,0.0,0.0,25.99,34.26,100,0,1,0.43,1.61,57.43,0.0,25.99,25.99,10033,785,3587,True
82064,07/12/2020,22:47:44,78.1,0.15,0.0,0.0,13.32,0.0,0.0,13.3,0.0,0.0,26.0,34.25,100,0,1,0.43,1.61,57.43,0.0,26.0,26.0,10244,785,3587,True
82079,07/12/2020,22:47:59,78.1,0.15,0.0,0.0,13.32,0.0,0.0,13.32,0.0,0.0,26.01,34.24,100,0,1,0.43,1.61,57.43,0.0,26.02,26.01,10259,785,3587,True
82094,07/12/2020,22:48:14,78.1,0.14,0.0,0.0,13.32,0.0,0.0,13.32,0.0,0.0,26.04,34.23,100,0,1,0.43,1.61,57.43,0.0,26.03,26.04,10274,785,3587,True
82109,07/12/2020,22:48:29,78.1,0.14,0.0,0.0,13.32,0.0,0.0,13.32,0.0,0.0,26.05,34.23,100,0,1,0.43,1.61,57.43,0.0,26.05,26.05,10289,785,3587,True
82124,07/12/2020,22:48:44,78.1,0.14,0.0,0.0,13.32,0.0,0.0,13.33,0.0,0.0,26.05,34.22,100,0,1,0.43,1.61,57.43,0.0,26.05,26.05,10500,785,3587,True
82139,07/12/2020,22:48:59,78.1,0.14,0.0,0.0,13.32,0.0,0.0,13.32,0.0,0.0,26.07,34.21,100,0,1,0.43,1.61,57.43,0.0,26.07,26.07,10515,785,3587,True
82154,07/12/2020,22:49:14,78.1,0.15,0.0,0.0,13.32,0.0,0.0,13.32,0.0,0.0,26.09,34.21,100,0,1,0.43,1.61,57.43,0.0,26.09,26.09,10530,785,3587,True
82169,07/12/2020,22:49:29,78.1,0.15,0.0,0.0,13.32,0.0,0.0,13.32,0.0,0.0,26.1,34.19,100,0,1,0.43,1.61,57.43,0.0,26.09,26.1,10545,785,3587,True
82184,07/12/2020,22:49:44,78.1,0.15,0.0,0.0,13.32,0.0,0.0,13.32,0.0,0.0,26.09,34.19,100,0,1,0.43,1.61,57.43,0.0,26.09,26.09,10756,785,3587,True
82199,07/12/2020,22:49:59,78.1,0.15,0.0,0.0,13.32,0.0,0.0,13.32,0.0,0.0,26.07,34.18,100,0,1,0.43,1.61,57.43,0.0,26.06,26.06,10771,785,3587,True
82214,07/12/2020,22:50:14,78.1,0.14,0.0,0.0,13.31,0.0,0.0,13.31,0.0,0.0,26.05,34.17,100,0,1,0.43,1.61,57.43,0.0,26.05,26.05,10786,785,3587,True
82229,07/12/2020,22:50:29,78.1,0.13,0.0,0.0,13.31,0.0,0.0,13.29,0.0,0.0,26.07,34.16,100,0,1,0.43,1.61,57.43,0.0,26.07,26.07,10801,785,3587,True
82244,07/12/2020,22:50:44,78.1,0.14,0.0,0.0,13.3,0.0,0.0,13.31,0.0,0.0,26.01,34.16,100,0,1,0.43,1.61,57.43,0.0,26.01,26.01,11012,785,3587,True
82259,07/12/2020,22:50:59,78.1,0.13,0.0,0.0,13.31,0.0,0.0,13.31,0.0,0.0,25.95,34.16,100,0,1,0.43,1.61,57.43,0.0,25.95,25.95,11027,785,3587,True
82274,07/12/2020,22:51:14,78.1,0.15,0.0,0.0,13.31,0.0,0.0,13.3,0.0,0.0,25.97,34.14,100,0,1,0.43,1.61,57.43,0.0,25.97,25.97,11042,785,3587,True
82289,07/12/2020,22:51:29,78.1,0.15,0.0,0.0,13.3,0.0,0.0,13.32,0.0,0.0,25.98,34.13,100,0,1,0.43,1.61,57.43,0.0,25.98,25.98,11057,785,3587,True
82304,07/12/2020,22:51:44,78.1,0.15,0.0,0.0,13.31,0.0,0.0,13.3,0.0,0.0,26.01,34.12,100,0,1,0.43,1.61,57.43,0.0,26.01,26.01,11268,785,3587,True
82319,07/12/2020,22:51:59,78.1,0.15,0.0,0.0,13.31,0.0,0.0,13.29,0.0,0.0,26.02,34.12,100,0,1,0.43,1.61,57.43,0.0,26.02,26.03,11283,785,3587,True
82334,07/12/2020,22:52:14,78.1,0.15,0.0,0.0,13.29,0.0,0.0,13.3,0.0,0.0,26.03,34.11,100,0,1,0.43,1.61,57.43,0.0,26.03,26.03,11298,785,3587,True
82349,07/12/2020,22:52:29,78.1,0.13,0.0,0.0,13.29,0.0,0.0,13.31,0.0,0.0,26.03,34.1,100,0,1,0.43,1.61,57.43,0.0,26.03,26.03,11313,785,3587,True
82364,07/12/2020,22:52:44,78.1,0.15,0.0,0.0,13.3,0.0,0.0,13.29,0.0,0.0,25.92,34.09,100,0,1,0.43,1.61,57.43,0.0,25.92,25.93,11524,785,3587,True
82379,07/12/2020,22:52:59,78.1,0.14,0.0,0.0,13.31,0.0,0.0,13.31,0.0,0.0,25.91,34.09,100,0,1,0.43,1.61,57.43,0.0,25.91,25.91,11539,785,3587,True
82394,07/12/2020,22:53:14,78.1,0.14,0.0,0.0,13.3,0.0,0.0,13.29,0.0,0.0,25.93,34.08,100,0,1,0.43,1.61,57.43,0.0,25.93,25.93,11554,785,3587,True
82409,07/12/2020,22:53:29,78.1,0.15,0.0,0.0,13.31,0.0,0.0,13.31,0.0,0.0,25.94,34.07,100,0,1,0.43,1.61,57.43,0.0,25.94,25.94,11569,785,3587,True
82424,07/12/2020,22:53:44,78.1,0.15,0.0,0.0,13.29,0.0,0.0,13.31,0.0,0.0,25.93,34.06,100,0,1,0.43,1.61,57.43,0.0,25.94,25.93,11780,785,3587,True
82439,07/12/2020,22:53:59,78.1,0.15,0.0,0.0,13.3,0.0,0.0,13.28,0.0,0.0,25.93,34.05,100,0,1,0.43,1.61,57.43,0.0,25.93,25.92,11795,785,3587,True
82454,07/12/2020,22:54:14,78.1,0.14,0.0,0.0,13.28,0.0,0.0,13.3,0.0,0.0,25.93,34.05,100,0,1,0.43,1.61,57.43,0.0,25.93,25.93,11810,785,3587,True
82469,07/12/2020,22:54:29,78.1,0.15,0.0,0.0,13.28,0.0,0.0,13.3,0.0,0.0,25.95,34.04,100,0,1,0.43,1.61,57.43,0.0,25.95,25.95,11825,785,3587,True
82484,07/12/2020,22:54:44,78.1,0.14,0.0,0.0,13.29,0.0,0.0,13.3,0.0,0.0,25.91,34.04,100,0,1,0.43,1.61,57.43,0.0,25.91,25.91,12036,785,3587,True
82499,07/12/2020,22:54:59,78.1,0.14,0.0,0.0,13.3,0.0,0.0,13.3,0.0,0.0,25.83,34.02,100,0,1,0.43,1.61,57.43,0.0,25.84,25.83,12051,785,3587,True
82514,07/12/2020,22:55:14,78.1,0.15,0.0,0.0,13.29,0.0,0.0,13.31,0.0,0.0,25.84,34.01,100,0,1,0.43,1.61,57.43,0.0,25.84,25.84,12066,785,3587,True
82529,07/12/2020,22:55:29,78.1,0.15,0.0,0.0,13.3,0.0,0.0,13.31,0.0,0.0,25.86,34.01,100,0,1,0.43,1.61,57.43,0.0,25.85,25.86,12081,785,3587,True
82544,07/12/2020,22:55:44,78.1,0.15,0.0,0.0,13.31,0.0,0.0,13.31,0.0,0.0,25.86,34.0,100,0,1,0.43,1.61,57.43,0.0,25.87,25.87,12292,785,3587,True
82559,07/12/2020,22:55:59,78.1,0.15,0.0,0.0,13.3,0.0,0.0,13.28,0.0,0.0,25.88,34.0,100,0,1,0.43,1.61,57.43,0.0,25.88,25.88,12307,785,3587,True
82574,07/12/2020,22:56:14,78.1,0.14,0.0,0.0,13.31,0.0,0.0,13.3,0.0,0.0,25.9,33.99,100,0,1,0.43,1.61,57.43,0.0,25.9,25.9,12322,785,3587,True
82589,07/12/2020,22:56:29,78.1,0.14,0.0,0.0,13.3,0.0,0.0,13.3,0.0,0.0,25.93,33.98,100,0,1,0.43,1.61,57.43,0.0,25.92,25.92,12337,785,3587,True
82604,07/12/2020,22:56:44,78.1,0.14,0.0,0.0,13.32,0.0,0.0,13.32,0.0,0.0,25.94,33.98,100,0,1,0.43,1.61,57.43,0.0,25.94,25.94,12548,785,3587,True
82619,07/12/2020,22:56:59,78.1,0.15,0.0,0.0,13.32,0.0,0.0,13.31,0.0,0.0,25.95,33.96,100,0,1,0.43,1.61,57.43,0.0,25.94,25.95,12563,785,3587,True
82634,07/12/2020,22:57:14,78.1,0.15,0.0,0.0,13.32,0.0,0.0,13.32,0.0,0.0,25.95,33.95,100,0,1,0.43,1.61,57.43,0.0,25.95,25.95,12578,785,3587,True
82649,07/12/2020,22:57:29,78.1,0.14,0.0,0.0,13.32,0.0,0.0,13.32,0.0,0.0,25.94,33.95,100,0,1,0.43,1.61,57.43,0.0,25.94,25.95,12593,785,3587,True
82664,07/12/2020,22:57:44,78.1,0.15,0.0,0.0,13.32,0.0,0.0,13.32,0.0,0.0,25.97,33.93,100,0,1,0.43,1.61,57.43,0.0,25.97,25.97,12804,785,3587,True
82679,07/12/2020,22:57:59,78.1,0.15,0.0,0.0,13.32,0.0,0.0,13.32,0.0,0.0,25.98,33.93,100,0,1,0.43,1.61,57.43,0.0,25.98,25.99,12819,785,3587,True
82694,07/12/2020,22:58:14,78.1,0.15,0.0,0.0,13.32,0.0,0.0,13.32,0.0,0.0,25.94,33.93,100,0,1,0.43,1.61,57.43,0.0,25.94,25.94,12834,785,3587,True
82709,07/12/2020,22:58:29,78.1,0.15,0.0,0.0,13.32,0.0,0.0,13.32,0.0,0.0,25.97,33.92,100,0,1,0.43,1.61,57.43,0.0,25.96,25.96,12849,785,3587,True
82724,07/12/2020,22:58:44,78.1,0.14,0.0,0.0,13.32,0.0,0.0,13.32,0.0,0.0,25.96,33.91,100,0,1,0.43,1.61,57.43,0.0,25.96,25.97,13060,785,3587,True
82739,07/12/2020,22:58:59,78.1,0.15,0.0,0.0,13.29,0.0,0.0,13.29,0.0,0.0,25.89,33.91,100,0,1,0.43,1.61,57.43,0.0,25.9,25.89,13075,785,3587,True
82754,07/12/2020,22:59:14,78.1,0.15,0.0,0.0,13.28,0.0,0.0,13.29,0.0,0.0,25.91,33.9,100,0,1,0.43,1.61,57.43,0.0,25.91,25.91,13090,785,3587,True
82769,07/12/2020,22:59:29,78.1,0.15,0.0,0.0,13.3,0.0,0.0,13.28,0.0,0.0,25.85,33.89,100,0,1,0.43,1.61,57.43,0.0,25.86,25.85,13105,785,3587,True
82784,07/12/2020,22:59:44,78.1,0.13,0.0,0.0,13.28,0.0,0.0,13.3,0.0,0.0,25.76,33.87,100,0,1,0.43,1.61,57.43,0.0,25.76,25.77,13316,785,3587,True
82799,07/12/2020,22:59:59,78.1,0.15,0.0,0.0,13.29,0.0,0.0,13.3,0.0,0.0,25.71,33.87,100,0,1,0.43,1.61,57.43,0.0,25.7,25.7,13331,785,3587,True
82814,07/12/2020,23:00:14,78.1,0.13,0.0,0.0,13.29,0.0,0.0,13.3,0.0,0.0,25.69,33.87,100,0,1,0.43,1.61,57.43,0.0,25.69,25.69,13346,785,3587,True
82829,07/12/2020,23:00:29,78.1,0.14,0.0,0.0,13.3,0.0,0.0,13.31,0.0,0.0,25.68,33.86,100,0,1,0.43,1.61,57.43,0.0,25.68,25.68,13361,785,3587,True
82844,07/12/2020,23:00:44,78.1,0.15,0.0,0.0,13.28,0.0,0.0,13.29,0.0,0.0,25.65,33.85,100,0,1,0.43,1.61,57.43,0.0,25.65,25.65,13572,785,3587,True
82859,07/12/2020,23:00:59,78.1,0.13,0.0,0.0,13.29,0.0,0.0,13.28,0.0,0.0,25.63,33.84,100,0,1,0.43,1.61,57.43,0.0,25.63,25.63,13587,785,3587,True
82874,07/12/2020,23:01:14,78.1,0.14,0.0,0.0,13.3,0.0,0.0,13.28,0.0,0.0,25.65,33.85,100,0,1,0.43,1.61,57.43,0.0,25.64,25.65,13602,785,3587,True
82889,07/12/2020,23:01:29,78.1,0.14,0.0,0.0,13.29,0.0,0.0,13.28,0.0,0.0,25.68,33.84,100,0,1,0.43,1.61,57.43,0.0,25.68,25.68,13617,785,3587,True
82904,07/12/2020,23:01:44,78.1,0.15,0.0,0.0,13.29,0.0,0.0,13.3,0.0,0.0,25.69,33.83,100,0,1,0.43,1.61,57.43,0.0,25.69,25.69,13828,785,3587,True
82919,07/12/2020,23:01:59,78.1,0.14,0.0,0.0,13.29,0.0,0.0,13.28,0.0,0.0,25.73,33.81,100,0,1,0.43,1.61,57.43,0.0,25.72,25.72,13843,785,3587,True
82934,07/12/2020,23:02:14,78.1,0.14,0.0,0.0,13.3,0.0,0.0,13.28,0.0,0.0,25.76,33.81,100,0,1,0.43,1.61,57.43,0.0,25.77,25.76,13858,785,3587,True
82949,07/12/2020,23:02:29,78.1,0.15,0.0,0.0,13.3,0.0,0.0,13.29,0.0,0.0,25.77,33.81,100,0,1,0.43,1.61,57.43,0.0,25.77,25.77,13873,785,3587,True
82964,07/12/2020,23:02:44,78.1,0.14,0.0,0.0,13.3,0.0,0.0,13.29,0.0,0.0,25.79,33.79,100,0,1,0.43,1.61,57.43,0.0,25.8,25.79,14084,785,3587,True
82979,07/12/2020,23:02:59,78.1,0.14,0.0,0.0,13.3,0.0,0.0,13.3,0.0,0.0,25.82,33.79,100,0,1,0.43,1.61,57.43,0.0,25.82,25.82,14099,785,3587,True
82994,07/12/2020,23:03:14,78.1,0.14,0.0,0.0,13.28,0.0,0.0,13.29,0.0,0.0,25.85,33.78,100,0,1,0.43,1.61,57.43,0.0,25.84,25.85,14114,785,3587,True
83009,07/12/2020,23:03:29,78.1,0.15,0.0,0.0,13.3,0.0,0.0,13.3,0.0,0.0,25.87,33.77,100,0,1,0.43,1.61,57.43,0.0,25.87,25.87,14129,785,3587,True
83024,07/12/2020,23:03:44,78.1,0.14,0.0,0.0,13.29,0.0,0.0,13.3,0.0,0.0,25.88,33.76,100,0,1,0.43,1.61,57.43,0.0,25.88,25.88,14340,785,3587,True
83039,07/12/2020,23:03:59,78.1,0.15,0.0,0.0,13.3,0.0,0.0,13.29,0.0,0.0,25.86,33.76,100,0,1,0.43,1.61,57.43,0.0,25.86,25.87,14355,785,3587,True
83054,07/12/2020,23:04:14,78.1,0.15,0.0,0.0,13.3,0.0,0.0,13.3,0.0,0.0,25.87,33.76,100,0,1,0.43,1.61,57.43,0.0,25.87,25.87,14370,785,3587,True
83069,07/12/2020,23:04:29,78.1,0.14,0.0,0.0,13.29,0.0,0.0,13.3,0.0,0.0,25.89,33.75,100,0,1,0.43,1.61,57.43,0.0,25.89,25.89,14385,785,3587,True
83084,07/12/2020,23:04:44,78.1,0.15,0.0,0.0,13.28,0.0,0.0,13.29,0.0,0.0,25.88,33.74,100,0,1,0.43,1.61,57.43,0.0,25.88,25.88,14596,785,3587,True
83099,07/12/2020,23:04:59,78.1,0.13,0.0,0.0,13.31,0.0,0.0,13.31,0.0,0.0,25.89,33.73,100,0,1,0.43,1.61,57.43,0.0,25.89,25.89,14611,785,3587,True
83114,07/12/2020,23:05:14,78.1,0.15,0.0,0.0,13.31,0.0,0.0,13.31,0.0,0.0,25.89,33.72,100,0,1,0.43,1.61,57.43,0.0,25.89,25.89,14626,785,3587,True
83129,07/12/2020,23:05:29,78.1,0.15,0.0,0.0,13.31,0.0,0.0,13.3,0.0,0.0,25.9,33.71,100,0,1,0.43,1.61,57.43,0.0,25.9,25.89,14641,785,3587,True
83144,07/12/2020,23:05:44,78.1,0.14,0.0,0.0,13.31,0.0,0.0,13.31,0.0,0.0,25.89,33.71,100,0,1,0.43,1.61,57.43,0.0,25.89,25.89,14852,785,3587,True
83159,07/12/2020,23:05:59,78.1,0.15,0.0,0.0,13.31,0.0,0.0,13.31,0.0,0.0,25.9,33.7,100,0,1,0.43,1.61,57.43,0.0,25.9,25.9,14867,785,3587,True
83174,07/12/2020,23:06:14,78.1,0.14,0.0,0.0,13.31,0.0,0.0,13.31,0.0,0.0,25.91,33.69,100,0,1,0.43,1.61,57.43,0.0,25.92,25.92,14882,785,3587,True
83189,07/12/2020,23:06:29,78.1,0.15,0.0,0.0,13.31,0.0,0.0,13.31,0.0,0.0,25.93,33.68,100,0,1,0.43,1.61,57.43,0.0,25.92,25.93,14897,785,3587,True
83204,07/12/2020,23:06:44,78.1,0.15,0.0,0.0,13.31,0.0,0.0,13.31,0.0,0.0,25.93,33.68,100,0,1,0.43,1.61,57.43,0.0,25.93,25.93,15108,785,3587,True
83219,07/12/2020,23:06:59,78.1,0.15,0.0,0.0,13.31,0.0,0.0,13.31,0.0,0.0,25.92,33.67,100,0,1,0.43,1.61,57.43,0.0,25.91,25.91,15123,785,3587,True
83234,07/12/2020,23:07:14,78.1,0.15,0.0,0.0,13.31,0.0,0.0,13.31,0.0,0.0,25.91,33.67,100,0,1,0.43,1.61,57.43,0.0,25.91,25.9,15138,785,3587,True
83249,07/12/2020,23:07:29,78.1,0.14,0.0,0.0,13.3,0.0,0.0,13.29,0.0,0.0,25.9,33.66,100,0,1,0.43,1.61,57.43,0.0,25.89,25.89,15153,785,3587,True
83264,07/12/2020,23:07:44,78.1,0.15,0.0,0.0,13.3,0.0,0.0,13.29,0.0,0.0,25.86,33.65,100,0,1,0.43,1.61,57.43,0.0,25.86,25.86,4,786,3587,True
83279,07/12/2020,23:07:59,78.1,0.14,0.0,0.0,13.3,0.0,0.0,13.28,0.0,0.0,25.86,33.64,100,0,1,0.43,1.61,57.43,0.0,25.87,25.87,19,786,3587,True
83294,07/12/2020,23:08:14,78.1,0.14,0.0,0.0,13.28,0.0,0.0,13.3,0.0,0.0,25.87,33.63,100,0,1,0.43,1.61,57.43,0.0,25.86,25.87,34,786,3587,True
83309,07/12/2020,23:08:29,78.1,0.15,0.0,0.0,13.28,0.0,0.0,13.29,0.0,0.0,25.82,33.62,100,0,1,0.43,1.61,57.43,0.0,25.82,25.82,49,786,3587,True
83324,07/12/2020,23:08:44,78.1,0.14,0.0,0.0,13.3,0.0,0.0,13.3,0.0,0.0,25.81,33.62,100,0,1,0.43,1.61,57.43,0.0,25.81,25.81,260,786,3587,True
83339,07/12/2020,23:08:59,78.1,0.15,0.0,0.0,13.3,0.0,0.0,13.3,0.0,0.0,25.82,33.61,100,0,1,0.43,1.61,57.43,0.0,25.81,25.81,275,786,3587,True
83354,07/12/2020,23:09:14,78.1,0.14,0.0,0.0,13.3,0.0,0.0,13.3,0.0,0.0,25.81,33.6,100,0,1,0.43,1.61,57.43,0.0,25.81,25.81,290,786,3587,True
83369,07/12/2020,23:09:29,78.1,0.15,0.0,0.0,13.3,0.0,0.0,13.28,0.0,0.0,25.82,33.6,100,0,1,0.43,1.61,57.43,0.0,25.82,25.82,305,786,3587,True
83384,07/12/2020,23:09:44,78.1,0.15,0.0,0.0,13.29,0.0,0.0,13.28,0.0,0.0,25.79,33.58,100,0,1,0.43,1.61,57.43,0.0,25.79,25.79,516,786,3587,True
83399,07/12/2020,23:09:59,78.1,0.14,0.0,0.0,13.29,0.0,0.0,13.27,0.0,0.0,25.78,33.58,100,0,1,0.43,1.61,57.43,0.0,25.78,25.78,531,786,3587,True
83414,07/12/2020,23:10:14,78.1,0.14,0.0,0.0,13.29,0.0,0.0,13.27,0.0,0.0,25.72,33.57,100,0,1,0.43,1.61,57.43,0.0,25.73,25.74,546,786,3587,True
83429,07/12/2020,23:10:29,78.0,0.15,0.0,0.0,13.3,0.0,0.0,13.3,0.0,0.0,25.72,33.56,100,0,1,0.43,1.61,57.43,0.0,25.72,25.72,561,786,3587,True
83444,07/12/2020,23:10:44,78.0,0.15,0.0,0.0,13.28,0.0,0.0,13.29,0.0,0.0,25.67,33.56,100,0,1,0.43,1.61,57.43,0.0,25.67,25.67,772,786,3587,True
83459,07/12/2020,23:10:59,77.9,0.15,0.0,0.0,13.27,0.0,0.0,13.28,0.0,0.0,25.63,33.55,100,0,1,0.43,1.61,57.43,0.0,25.64,25.63,787,786,3587,True
83474,07/12/2020,23:11:14,77.9,0.15,0.0,0.0,13.3,0.0,0.0,13.29,0.0,0.0,25.6,33.55,100,0,1,0.43,1.61,57.43,0.0,25.61,25.6,802,786,3587,True
83489,07/12/2020,23:11:29,77.8,0.15,0.0,0.0,13.27,0.0,0.0,13.28,0.0,0.0,25.62,33.54,100,0,1,0.43,1.61,57.43,0.0,25.62,25.62,817,786,3587,True
83504,07/12/2020,23:11:44,77.8,0.15,0.0,0.0,13.29,0.0,0.0,13.29,0.0,0.0,25.57,33.53,100,0,1,0.43,1.61,57.43,0.0,25.57,25.57,1028,786,3587,True
83519,07/12/2020,23:11:59,77.8,0.14,0.0,0.0,13.29,0.0,0.0,13.28,0.0,0.0,25.58,33.52,100,0,1,0.43,1.61,57.43,0.0,25.58,25.58,1043,786,3587,True
83534,07/12/2020,23:12:14,77.8,0.14,0.0,0.0,13.27,0.0,0.0,13.29,0.0,0.0,25.61,33.52,100,0,1,0.43,1.61,57.43,0.0,25.61,25.61,1058,786,3587,True
83549,07/12/2020,23:12:29,77.8,0.14,0.0,0.0,13.29,0.0,0.0,13.27,0.0,0.0,25.6,33.51,100,0,1,0.43,1.61,57.43,0.0,25.58,25.59,1073,786,3587,True
83564,07/12/2020,23:12:44,77.8,0.15,0.0,0.0,13.29,0.0,0.0,13.28,0.0,0.0,25.6,33.51,100,0,1,0.43,1.61,57.43,0.0,25.59,25.6,1284,786,3587,True
83579,07/12/2020,23:12:59,77.8,0.14,0.0,0.0,13.29,0.0,0.0,13.28,0.0,0.0,25.6,33.5,100,0,1,0.43,1.61,57.43,0.0,25.61,25.61,1299,786,3587,True
83594,07/12/2020,23:13:14,77.7,0.14,0.0,0.0,13.28,0.0,0.0,13.29,0.0,0.0,25.62,33.49,100,0,1,0.43,1.61,57.43,0.0,25.62,25.62,1314,786,3587,True
83609,07/12/2020,23:13:29,77.8,0.13,0.0,0.0,13.3,0.0,0.0,13.3,0.0,0.0,25.64,33.48,100,0,1,0.43,1.61,57.43,0.0,25.65,25.65,1329,786,3587,True
83624,07/12/2020,23:13:44,77.8,0.13,0.0,0.0,13.3,0.0,0.0,13.3,0.0,0.0,25.68,33.48,100,0,1,0.43,1.61,57.43,0.0,25.68,25.68,1540,786,3587,True
83639,07/12/2020,23:13:59,77.9,0.15,0.0,0.0,13.3,0.0,0.0,13.3,0.0,0.0,25.7,33.47,100,0,1,0.43,1.61,57.43,0.0,25.7,25.7,1555,786,3587,True
83654,07/12/2020,23:14:14,77.8,0.15,0.0,0.0,13.3,0.0,0.0,13.3,0.0,0.0,25.67,33.47,100,0,1,0.43,1.61,57.43,0.0,25.67,25.67,1571,786,3587,True
83669,07/12/2020,23:14:29,77.8,0.15,0.0,0.0,13.3,0.0,0.0,13.3,0.0,0.0,25.61,33.46,100,0,1,0.43,1.61,57.43,0.0,25.61,25.61,1586,786,3587,True
83684,07/12/2020,23:14:44,77.8,0.15,0.0,0.0,13.3,0.0,0.0,13.3,0.0,0.0,25.59,33.45,100,0,1,0.43,1.61,57.43,0.0,25.6,25.59,1797,786,3587,True
83699,07/12/2020,23:14:59,77.7,0.14,0.0,0.0,13.3,0.0,0.0,13.3,0.0,0.0,25.59,33.45,100,0,1,0.43,1.61,57.43,0.0,25.58,25.58,1812,786,3587,True
83714,07/12/2020,23:15:14,77.7,0.14,0.0,0.0,13.3,0.0,0.0,13.3,0.0,0.0,25.6,33.44,100,0,1,0.43,1.61,57.43,0.0,25.6,25.6,1827,786,3587,True
83729,07/12/2020,23:15:29,77.7,0.15,0.0,0.0,13.3,0.0,0.0,13.3,0.0,0.0,25.59,33.44,100,0,1,0.43,1.61,57.43,0.0,25.59,25.59,1842,786,3587,True
83744,07/12/2020,23:15:44,77.7,0.15,0.0,0.0,13.3,0.0,0.0,13.3,0.0,0.0,25.59,33.43,100,0,1,0.43,1.61,57.43,0.0,25.6,25.6,2052,786,3587,True
83759,07/12/2020,23:15:59,77.7,0.14,0.0,0.0,13.27,0.0,0.0,13.27,0.0,0.0,25.6,33.43,100,0,1,0.43,1.61,57.43,0.0,25.6,25.6,2067,786,3587,True
83774,07/12/2020,23:16:14,77.8,0.15,0.0,0.0,13.28,0.0,0.0,13.26,0.0,0.0,25.63,33.42,100,0,1,0.43,1.61,57.43,0.0,25.63,25.62,2082,786,3587,True
83789,07/12/2020,23:16:29,77.8,0.14,0.0,0.0,13.28,0.0,0.0,13.28,0.0,0.0,25.66,33.41,100,0,1,0.43,1.61,57.43,0.0,25.67,25.67,2098,786,3587,True
83804,07/12/2020,23:16:44,77.8,0.14,0.0,0.0,13.26,0.0,0.0,13.28,0.0,0.0,25.67,33.4,100,0,1,0.43,1.61,57.43,0.0,25.67,25.67,2309,786,3587,True
83819,07/12/2020,23:16:59,77.8,0.15,0.0,0.0,13.27,0.0,0.0,13.28,0.0,0.0,25.64,33.4,100,0,1,0.43,1.61,57.43,0.0,25.64,25.65,2324,786,3587,True
83834,07/12/2020,23:17:14,77.8,0.15,0.0,0.0,13.29,0.0,0.0,13.28,0.0,0.0,25.67,33.38,100,0,1,0.43,1.61,57.43,0.0,25.67,25.67,2338,786,3587,True
83849,07/12/2020,23:17:29,77.8,0.15,0.0,0.0,13.29,0.0,0.0,13.27,0.0,0.0,25.68,33.38,100,0,1,0.43,1.61,57.43,0.0,25.68,25.68,2354,786,3587,True
83864,07/12/2020,23:17:44,77.8,0.15,0.0,0.0,13.27,0.0,0.0,13.28,0.0,0.0,25.71,33.38,100,0,1,0.43,1.61,57.43,0.0,25.7,25.7,2565,786,3587,True
83879,07/12/2020,23:17:59,77.8,0.15,0.0,0.0,13.29,0.0,0.0,13.27,0.0,0.0,25.7,33.37,100,0,1,0.43,1.61,57.43,0.0,25.69,25.69,2580,786,3587,True
83894,07/12/2020,23:18:14,77.8,0.14,0.0,0.0,13.28,0.0,0.0,13.28,0.0,0.0,25.7,33.36,100,0,1,0.43,1.61,57.43,0.0,25.7,25.7,2595,786,3587,True
83909,07/12/2020,23:18:29,77.8,0.15,0.0,0.0,13.27,0.0,0.0,13.27,0.0,0.0,25.7,33.35,100,0,1,0.43,1.61,57.43,0.0,25.7,25.7,2609,786,3587,True
83924,07/12/2020,23:18:44,77.8,0.14,0.0,0.0,13.27,0.0,0.0,13.27,0.0,0.0,25.7,33.35,100,0,1,0.43,1.61,57.43,0.0,25.7,25.7,2821,786,3587,True
83939,07/12/2020,23:18:59,77.8,0.14,0.0,0.0,13.27,0.0,0.0,13.27,0.0,0.0,25.68,33.34,100,0,1,0.43,1.61,57.43,0.0,25.68,25.69,2836,786,3587,True
83954,07/12/2020,23:19:14,77.8,0.14,0.0,0.0,13.28,0.0,0.0,13.28,0.0,0.0,25.7,33.33,100,0,1,0.43,1.61,57.43,0.0,25.7,25.7,2851,786,3587,True
83969,07/12/2020,23:19:29,77.8,0.15,0.0,0.0,13.27,0.0,0.0,13.27,0.0,0.0,25.68,33.33,100,0,1,0.43,1.61,57.43,0.0,25.68,25.68,2866,786,3587,True
83984,07/12/2020,23:19:44,77.8,0.14,0.0,0.0,13.28,0.0,0.0,13.27,0.0,0.0,25.69,33.32,100,0,1,0.43,1.61,57.43,0.0,25.69,25.69,3077,786,3587,True
83999,07/12/2020,23:19:59,77.8,0.14,0.0,0.0,13.27,0.0,0.0,13.28,0.0,0.0,25.71,33.32,100,0,1,0.43,1.61,57.43,0.0,25.71,25.71,3092,786,3587,True
84014,07/12/2020,23:20:14,77.8,0.15,0.0,0.0,13.27,0.0,0.0,13.28,0.0,0.0,25.74,33.31,100,0,1,0.43,1.61,57.43,0.0,25.73,25.73,3107,786,3587,True
84029,07/12/2020,23:20:29,77.8,0.14,0.0,0.0,13.27,0.0,0.0,13.29,0.0,0.0,25.73,33.3,100,0,1,0.43,1.61,57.43,0.0,25.73,25.73,3122,786,3587,True
84044,07/12/2020,23:20:44,77.8,0.14,0.0,0.0,13.27,0.0,0.0,13.26,0.0,0.0,25.67,33.29,100,0,1,0.43,1.61,57.43,0.0,25.67,25.67,3333,786,3587,True
84059,07/12/2020,23:20:59,77.8,0.14,0.0,0.0,13.27,0.0,0.0,13.26,0.0,0.0,25.68,33.28,100,0,1,0.43,1.61,57.43,0.0,25.69,25.68,3348,786,3587,True
84074,07/12/2020,23:21:14,77.8,0.13,0.0,0.0,13.28,0.0,0.0,13.28,0.0,0.0,25.67,33.27,100,0,1,0.43,1.61,57.43,0.0,25.67,25.67,3363,786,3587,True
84089,07/12/2020,23:21:29,77.7,0.14,0.0,0.0,13.28,0.0,0.0,13.27,0.0,0.0,25.65,33.28,100,0,1,0.43,1.61,57.43,0.0,25.65,25.64,3378,786,3587,True
84104,07/12/2020,23:21:44,77.7,0.15,0.0,0.0,13.27,0.0,0.0,13.28,0.0,0.0,25.64,33.27,100,0,1,0.43,1.61,57.43,0.0,25.63,25.63,3589,786,3587,True
84119,07/12/2020,23:21:59,77.7,0.15,0.0,0.0,13.28,0.0,0.0,13.29,0.0,0.0,25.65,33.26,100,0,1,0.43,1.61,57.43,0.0,25.64,25.64,3604,786,3587,True
84134,07/12/2020,23:22:14,77.7,0.15,0.0,0.0,13.29,0.0,0.0,13.28,0.0,0.0,25.63,33.26,100,0,1,0.43,1.61,57.43,0.0,25.62,25.62,3619,786,3587,True
84149,07/12/2020,23:22:29,77.7,0.14,0.0,0.0,13.28,0.0,0.0,13.29,0.0,0.0,25.66,33.24,100,0,1,0.43,1.61,57.43,0.0,25.66,25.66,3634,786,3587,True
84164,07/12/2020,23:22:44,77.7,0.14,0.0,0.0,13.29,0.0,0.0,13.29,0.0,0.0,25.66,33.24,100,0,1,0.43,1.61,57.43,0.0,25.66,25.66,3845,786,3587,True
84179,07/12/2020,23:22:59,77.7,0.13,0.0,0.0,13.29,0.0,0.0,13.29,0.0,0.0,25.65,33.23,100,0,1,0.43,1.61,57.43,0.0,25.66,25.65,3860,786,3587,True
84194,07/12/2020,23:23:14,77.8,0.14,0.0,0.0,13.29,0.0,0.0,13.29,0.0,0.0,25.68,33.23,100,0,1,0.43,1.61,57.43,0.0,25.68,25.68,3875,786,3587,True
84209,07/12/2020,23:23:29,77.8,0.14,0.0,0.0,13.28,0.0,0.0,13.29,0.0,0.0,25.67,33.22,100,0,1,0.43,1.61,57.43,0.0,25.67,25.68,3890,786,3587,True
84224,07/12/2020,23:23:44,77.7,0.15,0.0,0.0,13.29,0.0,0.0,13.28,0.0,0.0,25.65,33.22,100,0,1,0.43,1.61,57.43,0.0,25.65,25.65,4101,786,3587,True
84239,07/12/2020,23:23:59,77.7,0.15,0.0,0.0,13.29,0.0,0.0,13.29,0.0,0.0,25.58,33.21,100,0,1,0.43,1.61,57.43,0.0,25.59,25.58,4116,786,3587,True
84254,07/12/2020,23:24:14,77.6,0.14,0.0,0.0,13.28,0.0,0.0,13.27,0.0,0.0,25.55,33.2,100,0,1,0.43,1.61,57.43,0.0,25.55,25.55,4131,786,3587,True
84269,07/12/2020,23:24:29,77.6,0.14,0.0,0.0,13.27,0.0,0.0,13.26,0.0,0.0,25.53,33.2,100,0,1,0.43,1.61,57.43,0.0,25.52,25.53,4146,786,3587,True
84284,07/12/2020,23:24:44,77.6,0.15,0.0,0.0,13.26,0.0,0.0,13.28,0.0,0.0,25.51,33.19,100,0,1,0.43,1.61,57.43,0.0,25.51,25.51,4357,786,3587,True
84299,07/12/2020,23:24:59,77.4,0.15,0.0,0.0,13.28,0.0,0.0,13.26,0.0,0.0,25.48,33.18,100,0,1,0.43,1.61,57.43,0.0,25.48,25.48,4372,786,3587,True
84314,07/12/2020,23:25:14,77.4,0.14,0.0,0.0,13.27,0.0,0.0,13.28,0.0,0.0,25.47,33.18,100,0,1,0.43,1.61,57.43,0.0,25.47,25.47,4387,786,3587,True
84329,07/12/2020,23:25:29,77.4,0.14,0.0,0.0,13.26,0.0,0.0,13.28,0.0,0.0,25.43,33.17,100,0,1,0.43,1.61,57.43,0.0,25.43,25.43,4402,786,3587,True
84344,07/12/2020,23:25:44,77.3,0.15,0.0,0.0,13.26,0.0,0.0,13.26,0.0,0.0,25.41,33.17,100,0,1,0.43,1.61,57.43,0.0,25.42,25.41,4613,786,3587,True
84359,07/12/2020,23:25:59,77.3,0.14,0.0,0.0,13.27,0.0,0.0,13.26,0.0,0.0,25.44,33.16,100,0,1,0.43,1.61,57.43,0.0,25.45,25.44,4628,786,3587,True
84374,07/12/2020,23:26:14,77.4,0.14,0.0,0.0,13.25,0.0,0.0,13.27,0.0,0.0,25.44,33.16,100,0,1,0.43,1.61,57.43,0.0,25.44,25.44,4643,786,3587,True
84389,07/12/2020,23:26:29,77.4,0.15,0.0,0.0,13.27,0.0,0.0,13.28,0.0,0.0,25.43,33.15,100,0,1,0.43,1.61,57.43,0.0,25.43,25.44,4658,786,3587,True
84404,07/12/2020,23:26:44,77.4,0.15,0.0,0.0,13.27,0.0,0.0,13.25,0.0,0.0,25.47,33.14,100,0,1,0.43,1.61,57.43,0.0,25.47,25.47,4869,786,3587,True
84419,07/12/2020,23:26:59,77.4,0.15,0.0,0.0,13.27,0.0,0.0,13.28,0.0,0.0,25.46,33.14,100,0,1,0.43,1.61,57.43,0.0,25.46,25.46,4884,786,3587,True
84434,07/12/2020,23:27:14,77.4,0.15,0.0,0.0,13.27,0.0,0.0,13.28,0.0,0.0,25.48,33.13,100,0,1,0.43,1.61,57.43,0.0,25.47,25.48,4899,786,3587,True
84449,07/12/2020,23:27:29,77.4,0.14,0.0,0.0,13.27,0.0,0.0,13.26,0.0,0.0,25.51,33.13,100,0,1,0.43,1.61,57.43,0.0,25.51,25.52,4914,786,3587,True
84464,07/12/2020,23:27:44,77.4,0.14,0.0,0.0,13.27,0.0,0.0,13.27,0.0,0.0,25.48,33.12,100,0,1,0.43,1.61,57.43,0.0,25.48,25.48,5125,786,3587,True
84479,07/12/2020,23:27:59,77.4,0.14,0.0,0.0,13.26,0.0,0.0,13.27,0.0,0.0,25.5,33.11,100,0,1,0.43,1.61,57.43,0.0,25.5,25.51,5140,786,3587,True
84494,07/12/2020,23:28:14,77.4,0.15,0.0,0.0,13.27,0.0,0.0,13.28,0.0,0.0,25.5,33.11,100,0,1,0.43,1.61,57.43,0.0,25.5,25.5,5155,786,3587,True
84509,07/12/2020,23:28:29,77.6,0.13,0.0,0.0,13.27,0.0,0.0,13.26,0.0,0.0,25.53,33.09,100,0,1,0.43,1.61,57.43,0.0,25.53,25.52,5170,786,3587,True
84524,07/12/2020,23:28:44,77.6,0.15,0.0,0.0,13.26,0.0,0.0,13.27,0.0,0.0,25.54,33.09,100,0,1,0.43,1.61,57.43,0.0,25.54,25.54,5381,786,3587,True
84539,07/12/2020,23:28:59,77.6,0.15,0.0,0.0,13.27,0.0,0.0,13.27,0.0,0.0,25.56,33.09,100,0,1,0.43,1.61,57.43,0.0,25.56,25.56,5396,786,3587,True
84554,07/12/2020,23:29:14,77.6,0.13,0.0,0.0,13.25,0.0,0.0,13.26,0.0,0.0,25.58,33.08,100,0,1,0.43,1.61,57.43,0.0,25.59,25.59,5411,786,3587,True
84569,07/12/2020,23:29:29,77.6,0.14,0.0,0.0,13.28,0.0,0.0,13.27,0.0,0.0,25.6,33.07,100,0,1,0.43,1.61,57.43,0.0,25.6,25.61,5426,786,3587,True
84584,07/12/2020,23:29:44,77.7,0.14,0.0,0.0,13.27,0.0,0.0,13.26,0.0,0.0,25.61,33.06,100,0,1,0.43,1.61,57.43,0.0,25.61,25.62,5637,786,3587,True
84599,07/12/2020,23:29:59,77.7,0.15,0.0,0.0,13.26,0.0,0.0,13.27,0.0,0.0,25.6,33.06,100,0,1,0.43,1.61,57.43,0.0,25.61,25.6,5652,786,3587,True
84614,07/12/2020,23:30:14,77.7,0.15,0.0,0.0,13.28,0.0,0.0,13.28,0.0,0.0,25.58,33.05,100,0,1,0.43,1.61,57.43,0.0,25.58,25.58,5667,786,3587,True
84629,07/12/2020,23:30:29,77.7,0.14,0.0,0.0,13.28,0.0,0.0,13.28,0.0,0.0,25.58,33.04,100,0,1,0.43,1.61,57.43,0.0,25.58,25.58,5682,786,3587,True
84644,07/12/2020,23:30:44,77.6,0.15,0.0,0.0,13.28,0.0,0.0,13.28,0.0,0.0,25.53,33.04,100,0,1,0.43,1.61,57.43,0.0,25.53,25.53,5893,786,3587,True
84659,07/12/2020,23:30:59,77.6,0.14,0.0,0.0,13.28,0.0,0.0,13.28,0.0,0.0,25.5,33.04,100,0,1,0.43,1.61,57.43,0.0,25.5,25.5,5908,786,3587,True
84674,07/12/2020,23:31:14,77.6,0.15,0.0,0.0,13.28,0.0,0.0,13.28,0.0,0.0,25.5,33.02,100,0,1,0.43,1.61,57.43,0.0,25.5,25.5,5923,786,3587,True
84689,07/12/2020,23:31:29,77.6,0.14,0.0,0.0,13.28,0.0,0.0,13.28,0.0,0.0,25.52,33.03,100,0,1,0.43,1.61,57.43,0.0,25.52,25.52,5938,786,3587,True
84704,07/12/2020,23:31:44,77.6,0.15,0.0,0.0,13.28,0.0,0.0,13.28,0.0,0.0,25.55,33.01,100,0,1,0.43,1.61,57.43,0.0,25.54,25.54,6149,786,3587,True
84719,07/12/2020,23:31:59,77.6,0.15,0.0,0.0,13.28,0.0,0.0,13.28,0.0,0.0,25.56,33.01,100,0,1,0.43,1.61,57.43,0.0,25.56,25.56,6164,786,3587,True
84734,07/12/2020,23:32:14,77.6,0.15,0.0,0.0,13.28,0.0,0.0,13.28,0.0,0.0,25.57,33.01,100,0,1,0.43,1.61,57.43,0.0,25.57,25.56,6179,786,3587,True
84749,07/12/2020,23:32:29,77.7,0.15,0.0,0.0,13.27,0.0,0.0,13.27,0.0,0.0,25.58,33.0,100,0,1,0.43,1.61,57.43,0.0,25.58,25.58,6194,786,3587,True
84764,07/12/2020,23:32:44,77.7,0.14,0.0,0.0,13.25,0.0,0.0,13.27,0.0,0.0,25.58,32.99,100,0,1,0.43,1.61,57.43,0.0,25.58,25.58,6405,786,3587,True
84779,07/12/2020,23:32:59,77.6,0.15,0.0,0.0,13.27,0.0,0.0,13.27,0.0,0.0,25.55,32.99,100,0,1,0.43,1.61,57.43,0.0,25.55,25.55,6420,786,3587,True
84794,07/12/2020,23:33:14,77.6,0.15,0.0,0.0,13.25,0.0,0.0,13.27,0.0,0.0,25.51,32.98,100,0,1,0.43,1.61,57.43,0.0,25.51,25.51,6435,786,3587,True
84809,07/12/2020,23:33:29,77.6,0.15,0.0,0.0,13.27,0.0,0.0,13.26,0.0,0.0,25.52,32.98,100,0,1,0.43,1.61,57.43,0.0,25.53,25.53,6450,786,3587,True
84824,07/12/2020,23:33:44,77.6,0.15,0.0,0.0,13.24,0.0,0.0,13.25,0.0,0.0,25.53,32.97,100,0,1,0.43,1.61,57.43,0.0,25.53,25.52,6661,786,3587,True
84839,07/12/2020,23:33:59,77.6,0.15,0.0,0.0,13.26,0.0,0.0,13.26,0.0,0.0,25.53,32.96,100,0,1,0.43,1.61,57.43,0.0,25.53,25.53,6676,786,3587,True
84854,07/12/2020,23:34:14,77.6,0.15,0.0,0.0,13.25,0.0,0.0,13.27,0.0,0.0,25.47,32.95,100,0,1,0.43,1.61,57.43,0.0,25.47,25.48,6691,786,3587,True
84869,07/12/2020,23:34:29,77.4,0.15,0.0,0.0,13.26,0.0,0.0,13.25,0.0,0.0,25.45,32.95,100,0,1,0.43,1.61,57.43,0.0,25.45,25.45,6706,786,3587,True
84884,07/12/2020,23:34:44,77.4,0.15,0.0,0.0,13.25,0.0,0.0,13.24,0.0,0.0,25.41,32.94,100,0,1,0.43,1.61,57.43,0.0,25.41,25.41,6917,786,3587,True
84899,07/12/2020,23:34:59,77.3,0.15,0.0,0.0,13.24,0.0,0.0,13.26,0.0,0.0,25.37,32.94,100,0,1,0.43,1.61,57.43,0.0,25.37,25.37,6932,786,3587,True
84914,07/12/2020,23:35:14,77.3,0.15,0.0,0.0,13.26,0.0,0.0,13.26,0.0,0.0,25.31,32.93,100,0,1,0.43,1.61,57.43,0.0,25.3,25.31,6947,786,3587,True
84929,07/12/2020,23:35:29,77.2,0.15,0.0,0.0,13.27,0.0,0.0,13.25,0.0,0.0,25.23,32.92,100,0,1,0.43,1.61,57.43,0.0,25.23,25.22,6962,786,3587,True
84944,07/12/2020,23:35:44,77.1,0.15,0.0,0.0,13.27,0.0,0.0,13.25,0.0,0.0,25.2,32.92,100,0,1,0.43,1.61,57.43,0.0,25.2,25.2,7173,786,3587,True
84959,07/12/2020,23:35:59,77.0,0.14,0.0,0.0,13.26,0.0,0.0,13.26,0.0,0.0,25.17,32.91,100,0,1,0.43,1.61,57.43,0.0,25.17,25.16,7188,786,3587,True
84974,07/12/2020,23:36:14,77.0,0.14,0.0,0.0,13.25,0.0,0.0,13.26,0.0,0.0,25.18,32.9,100,0,1,0.43,1.61,57.43,0.0,25.18,25.18,7203,786,3587,True
84989,07/12/2020,23:36:29,77.0,0.15,0.0,0.0,13.24,0.0,0.0,13.25,0.0,0.0,25.17,32.9,100,0,1,0.43,1.61,57.43,0.0,25.17,25.17,7218,786,3587,True
85004,07/12/2020,23:36:44,77.0,0.14,0.0,0.0,13.27,0.0,0.0,13.25,0.0,0.0,25.08,32.9,100,0,1,0.43,1.61,57.43,0.0,25.08,25.08,7429,786,3587,True
85019,07/12/2020,23:36:59,77.0,0.15,0.0,0.0,13.26,0.0,0.0,13.26,0.0,0.0,25.01,32.89,100,0,1,0.43,1.61,57.43,0.0,25.01,25.01,7444,786,3587,True
85034,07/12/2020,23:37:14,76.8,0.15,0.0,0.0,13.26,0.0,0.0,13.26,0.0,0.0,24.96,32.88,100,0,1,0.43,1.61,57.43,0.0,24.95,24.96,7459,786,3587,True
85049,07/12/2020,23:37:29,76.8,0.13,0.0,0.0,13.25,0.0,0.0,13.26,0.0,0.0,24.95,32.88,100,0,1,0.43,1.61,57.43,0.0,24.95,24.96,7474,786,3587,True
85064,07/12/2020,23:37:44,76.7,0.15,0.0,0.0,13.24,0.0,0.0,13.25,0.0,0.0,24.89,32.87,100,0,1,0.43,1.61,57.43,0.0,24.89,24.89,7685,786,3587,True
85079,07/12/2020,23:37:59,76.7,0.14,0.0,0.0,13.26,0.0,0.0,13.25,0.0,0.0,24.88,32.87,100,0,1,0.43,1.61,57.43,0.0,24.88,24.88,7700,786,3587,True
85094,07/12/2020,23:38:14,76.6,0.13,0.0,0.0,13.27,0.0,0.0,13.27,0.0,0.0,24.9,32.86,100,0,1,0.43,1.61,57.43,0.0,24.9,24.9,7715,786,3587,True
85109,07/12/2020,23:38:29,76.6,0.14,0.0,0.0,13.27,0.0,0.0,13.27,0.0,0.0,24.92,32.86,100,0,1,0.43,1.61,57.43,0.0,24.92,24.93,7730,786,3587,True
85124,07/12/2020,23:38:44,76.6,0.15,0.0,0.0,13.27,0.0,0.0,13.27,0.0,0.0,24.95,32.85,100,0,1,0.43,1.61,57.43,0.0,24.95,24.95,7941,786,3587,True
85139,07/12/2020,23:38:59,76.6,0.13,0.0,0.0,13.27,0.0,0.0,13.27,0.0,0.0,24.98,32.84,100,0,1,0.43,1.61,57.43,0.0,24.98,24.98,7956,786,3587,True
85154,07/12/2020,23:39:14,76.6,0.14,0.0,0.0,13.27,0.0,0.0,13.27,0.0,0.0,24.95,32.84,100,0,1,0.43,1.61,57.43,0.0,24.95,24.95,7971,786,3587,True
85169,07/12/2020,23:39:29,76.6,0.15,0.0,0.0,13.27,0.0,0.0,13.27,0.0,0.0,24.95,32.83,100,0,1,0.43,1.61,57.43,0.0,24.95,24.95,7986,786,3587,True
85184,07/12/2020,23:39:44,76.6,0.13,0.0,0.0,13.27,0.0,0.0,13.27,0.0,0.0,24.98,32.82,100,0,1,0.43,1.61,57.43,0.0,24.98,24.98,8197,786,3587,True
85199,07/12/2020,23:39:59,76.7,0.13,0.0,0.0,13.27,0.0,0.0,13.27,0.0,0.0,25.03,32.82,100,0,1,0.43,1.61,57.43,0.0,25.02,25.02,8212,786,3587,True
85214,07/12/2020,23:40:14,76.7,0.15,0.0,0.0,13.27,0.0,0.0,13.27,0.0,0.0,25.01,32.82,100,0,1,0.43,1.61,57.43,0.0,25.01,25.02,8227,786,3587,True
85229,07/12/2020,23:40:29,76.6,0.15,0.0,0.0,13.27,0.0,0.0,13.27,0.0,0.0,24.98,32.81,100,0,1,0.43,1.61,57.43,0.0,24.98,24.98,8242,786,3587,True
85244,07/12/2020,23:40:44,76.6,0.15,0.0,0.0,13.24,0.0,0.0,13.25,0.0,0.0,24.91,32.81,100,0,1,0.43,1.61,57.43,0.0,24.91,24.91,8453,786,3587,True
85259,07/12/2020,23:40:59,76.4,0.14,0.0,0.0,13.25,0.0,0.0,13.26,0.0,0.0,24.88,32.8,100,0,1,0.43,1.61,57.43,0.0,24.88,24.88,8468,786,3587,True
85274,07/12/2020,23:41:14,76.4,0.15,0.0,0.0,13.23,0.0,0.0,13.25,0.0,0.0,24.84,32.79,100,0,1,0.43,1.61,57.43,0.0,24.84,24.84,8483,786,3587,True
85289,07/12/2020,23:41:29,76.2,0.13,0.0,0.0,13.26,0.0,0.0,13.24,0.0,0.0,24.81,32.79,100,0,1,0.43,1.61,57.43,0.0,24.81,24.81,8498,786,3587,True
85304,07/12/2020,23:41:44,76.2,0.13,0.0,0.0,13.24,0.0,0.0,13.24,0.0,0.0,24.79,32.78,100,0,1,0.43,1.61,57.43,0.0,24.8,24.79,8709,786,3587,True
85319,07/12/2020,23:41:59,76.1,0.14,0.0,0.0,13.27,0.0,0.0,13.25,0.0,0.0,24.77,32.78,100,0,1,0.43,1.61,57.43,0.0,24.77,24.77,8724,786,3587,True
85334,07/12/2020,23:42:14,76.2,0.14,0.0,0.0,13.24,0.0,0.0,13.25,0.0,0.0,24.78,32.77,100,0,1,0.43,1.61,57.43,0.0,24.77,24.77,8739,786,3587,True
85349,07/12/2020,23:42:29,76.2,0.15,0.0,0.0,13.25,0.0,0.0,13.24,0.0,0.0,24.79,32.77,100,0,1,0.43,1.61,57.43,0.0,24.79,24.79,8754,786,3587,True
85364,07/12/2020,23:42:44,76.2,0.15,0.0,0.0,13.26,0.0,0.0,13.26,0.0,0.0,24.82,32.76,100,0,1,0.43,1.61,57.43,0.0,24.81,24.81,8965,786,3587,True
85379,07/12/2020,23:42:59,76.2,0.13,0.0,0.0,13.25,0.0,0.0,13.24,0.0,0.0,24.82,32.76,100,0,1,0.43,1.61,57.43,0.0,24.82,24.82,8980,786,3587,True
85394,07/12/2020,23:43:14,76.2,0.14,0.0,0.0,13.25,0.0,0.0,13.26,0.0,0.0,24.81,32.75,100,0,1,0.43,1.61,57.43,0.0,24.82,24.82,8995,786,3587,True
85409,07/12/2020,23:43:29,76.2,0.15,0.0,0.0,13.25,0.0,0.0,13.24,0.0,0.0,24.85,32.74,100,0,1,0.43,1.61,57.43,0.0,24.84,24.84,9010,786,3587,True
85424,07/12/2020,23:43:44,76.2,0.15,0.0,0.0,13.23,0.0,0.0,13.25,0.0,0.0,24.88,32.73,100,0,1,0.43,1.61,57.43,0.0,24.88,24.88,9221,786,3587,True
85439,07/12/2020,23:43:59,76.2,0.14,0.0,0.0,13.24,0.0,0.0,13.25,0.0,0.0,24.89,32.73,100,0,1,0.43,1.61,57.43,0.0,24.89,24.89,9236,786,3587,True
85454,07/12/2020,23:44:14,76.2,0.15,0.0,0.0,13.24,0.0,0.0,13.25,0.0,0.0,24.91,32.72,100,0,1,0.43,1.61,57.43,0.0,24.91,24.92,9251,786,3587,True
85469,07/12/2020,23:44:29,76.3,0.15,0.0,0.0,13.23,0.0,0.0,13.25,0.0,0.0,24.97,32.71,100,0,1,0.43,1.61,57.43,0.0,24.97,24.97,9266,786,3587,True
85484,07/12/2020,23:44:44,76.4,0.13,0.0,0.0,13.24,0.0,0.0,13.25,0.0,0.0,25.0,32.71,100,0,1,0.43,1.61,57.43,0.0,25.0,25.0,9477,786,3587,True
85499,07/12/2020,23:44:59,76.4,0.15,0.0,0.0,13.24,0.0,0.0,13.25,0.0,0.0,25.03,32.71,100,0,1,0.43,1.61,57.43,0.0,25.03,25.03,9492,786,3587,True
85514,07/12/2020,23:45:14,76.4,0.14,0.0,0.0,13.26,0.0,0.0,13.25,0.0,0.0,25.06,32.7,100,0,1,0.43,1.61,57.43,0.0,25.06,25.06,9507,786,3587,True
85529,07/12/2020,23:45:29,76.6,0.14,0.0,0.0,13.25,0.0,0.0,13.24,0.0,0.0,25.08,32.69,100,0,1,0.43,1.61,57.43,0.0,25.08,25.08,9522,786,3587,True
85544,07/12/2020,23:45:44,76.6,0.14,0.0,0.0,13.25,0.0,0.0,13.26,0.0,0.0,25.08,32.69,100,0,1,0.43,1.61,57.43,0.0,25.08,25.08,9733,786,3587,True
85559,07/12/2020,23:45:59,76.6,0.15,0.0,0.0,13.25,0.0,0.0,13.25,0.0,0.0,25.08,32.68,100,0,1,0.43,1.61,57.43,0.0,25.08,25.08,9748,786,3587,True
85574,07/12/2020,23:46:14,76.6,0.13,0.0,0.0,13.27,0.0,0.0,13.26,0.0,0.0,25.08,32.67,100,0,1,0.43,1.61,57.43,0.0,25.08,25.08,9763,786,3587,True
85589,07/12/2020,23:46:29,76.6,0.14,0.0,0.0,13.27,0.0,0.0,13.27,0.0,0.0,25.1,32.67,100,0,1,0.43,1.61,57.43,0.0,25.11,25.1,9778,786,3587,True
85604,07/12/2020,23:46:44,76.7,0.14,0.0,0.0,13.27,0.0,0.0,13.26,0.0,0.0,25.12,32.66,100,0,1,0.43,1.61,57.43,0.0,25.12,25.13,9989,786,3587,True
85619,07/12/2020,23:46:59,76.7,0.13,0.0,0.0,13.26,0.0,0.0,13.27,0.0,0.0,25.12,32.66,100,0,1,0.43,1.61,57.43,0.0,25.12,25.12,10004,786,3587,True
85634,07/12/2020,23:47:14,76.7,0.15,0.0,0.0,13.27,0.0,0.0,13.27,0.0,0.0,25.13,32.65,100,0,1,0.43,1.61,57.43,0.0,25.13,25.13,10019,786,3587,True
85649,07/12/2020,23:47:29,76.7,0.15,0.0,0.0,13.27,0.0,0.0,13.27,0.0,0.0,25.07,32.65,100,0,1,0.43,1.61,57.43,0.0,25.06,25.06,10034,786,3587,True
85664,07/12/2020,23:47:44,76.7,0.15,0.0,0.0,13.27,0.0,0.0,13.27,0.0,0.0,25.07,32.63,100,0,1,0.43,1.61,57.43,0.0,25.08,25.07,10245,786,3587,True
85679,07/12/2020,23:47:59,76.7,0.15,0.0,0.0,13.27,0.0,0.0,13.27,0.0,0.0,25.1,32.64,100,0,1,0.43,1.61,57.43,0.0,25.1,25.1,10260,786,3587,True
85694,07/12/2020,23:48:14,76.7,0.14,0.0,0.0,13.26,0.0,0.0,13.26,0.0,0.0,25.12,32.62,100,0,1,0.43,1.61,57.43,0.0,25.12,25.11,10275,786,3587,True
85709,07/12/2020,23:48:29,76.7,0.13,0.0,0.0,13.23,0.0,0.0,13.26,0.01,0.0,25.12,32.62,100,0,1,0.43,1.61,57.43,0.0,25.12,25.13,10290,786,3587,True
85724,07/12/2020,23:48:44,76.8,0.14,0.0,0.0,13.23,0.0,0.0,13.24,0.0,0.0,25.14,32.61,100,0,1,0.43,1.61,57.43,0.0,25.15,25.14,10501,786,3587,True
85739,07/12/2020,23:48:59,76.7,0.14,0.0,0.0,13.25,0.0,0.0,13.23,0.0,0.0,25.13,32.61,100,0,1,0.43,1.61,57.43,0.0,25.13,25.13,10516,786,3587,True
85754,07/12/2020,23:49:14,76.8,0.13,0.0,0.0,13.24,0.0,0.0,13.25,0.0,0.0,25.14,32.6,100,0,1,0.43,1.61,57.43,0.0,25.14,25.14,10531,786,3587,True
85769,07/12/2020,23:49:29,76.8,0.14,0.0,0.0,13.26,0.0,0.0,13.25,0.0,0.0,25.14,32.6,100,0,1,0.43,1.61,57.43,0.0,25.15,25.14,10546,786,3587,True
85784,07/12/2020,23:49:44,76.8,0.14,0.0,0.0,13.25,0.0,0.0,13.25,0.0,0.0,25.15,32.59,100,0,1,0.43,1.61,57.43,0.0,25.15,25.15,10757,786,3587,True
85799,07/12/2020,23:49:59,76.8,0.15,0.0,0.0,13.24,0.0,0.0,13.25,0.0,0.0,25.15,32.58,100,0,1,0.43,1.61,57.43,0.0,25.15,25.15,10772,786,3587,True
85814,07/12/2020,23:50:14,76.8,0.15,0.0,0.0,13.24,0.0,0.0,13.23,0.0,0.0,25.16,32.57,100,0,1,0.43,1.61,57.43,0.0,25.16,25.17,10787,786,3587,True
85829,07/12/2020,23:50:29,76.8,0.13,0.0,0.0,13.25,0.0,0.0,13.25,0.0,0.0,25.17,32.57,100,0,1,0.43,1.61,57.43,0.0,25.17,25.17,10802,786,3587,True
85844,07/12/2020,23:50:44,76.8,0.15,0.0,0.0,13.25,0.0,0.0,13.24,0.0,0.0,25.15,32.56,100,0,1,0.43,1.61,57.43,0.0,25.14,25.14,11013,786,3587,True
85859,07/12/2020,23:50:59,76.7,0.15,0.0,0.0,13.24,0.0,0.0,13.23,0.0,0.0,25.06,32.55,100,0,1,0.43,1.61,57.43,0.0,25.06,25.06,11028,786,3587,True
85874,07/12/2020,23:51:14,76.6,0.14,0.0,0.0,13.23,0.0,0.0,13.24,0.0,0.0,24.95,32.56,100,0,1,0.43,1.61,57.43,0.0,24.95,24.95,11043,786,3587,True
85889,07/12/2020,23:51:29,76.6,0.15,0.0,0.0,13.25,0.0,0.0,13.25,0.0,0.0,24.91,32.55,100,0,1,0.43,1.61,57.43,0.0,24.91,24.91,11058,786,3587,True
85904,07/12/2020,23:51:44,76.6,0.15,0.0,0.0,13.24,0.0,0.0,13.24,0.0,0.0,24.91,32.54,100,0,1,0.43,1.61,57.43,0.0,24.91,24.92,11269,786,3587,True
85919,07/12/2020,23:51:59,76.6,0.15,0.0,0.0,13.24,0.0,0.0,13.23,0.0,0.0,24.95,32.54,100,0,1,0.43,1.61,57.43,0.0,24.95,24.95,11284,786,3587,True
85934,07/12/2020,23:52:14,76.7,0.14,0.0,0.0,13.23,0.0,0.0,13.23,0.0,0.0,24.99,32.52,100,0,1,0.43,1.61,57.43,0.0,24.99,24.99,11299,786,3587,True
85949,07/12/2020,23:52:29,76.7,0.14,0.0,0.0,13.24,0.0,0.0,13.24,0.0,0.0,25.01,32.52,100,0,1,0.43,1.61,57.43,0.0,25.02,25.01,11314,786,3587,True
85964,07/12/2020,23:52:44,76.7,0.15,0.0,0.0,13.25,0.0,0.0,13.27,0.0,0.0,25.05,32.51,100,0,1,0.43,1.61,57.43,0.0,25.05,25.05,11525,786,3587,True
85979,07/12/2020,23:52:59,76.8,0.13,0.0,0.0,13.25,0.0,0.0,13.25,0.0,0.0,25.06,32.51,100,0,1,0.43,1.61,57.43,0.0,25.06,25.06,11540,786,3587,True
85994,07/12/2020,23:53:14,76.8,0.13,0.0,0.0,13.24,0.0,0.0,13.25,0.0,0.0,25.05,32.5,100,0,1,0.43,1.61,57.43,0.0,25.05,25.04,11555,786,3587,True
86009,07/12/2020,23:53:29,76.7,0.15,0.0,0.0,13.26,0.0,0.0,13.24,0.0,0.0,24.96,32.5,100,0,1,0.43,1.61,57.43,0.0,24.96,24.96,11570,786,3587,True
86024,07/12/2020,23:53:44,76.6,0.14,0.0,0.0,13.24,0.0,0.0,13.26,0.0,0.0,24.94,32.49,100,0,1,0.43,1.61,57.43,0.0,24.94,24.94,11781,786,3587,True
86039,07/12/2020,23:53:59,76.7,0.15,0.0,0.0,13.26,0.0,0.0,13.26,0.0,0.0,24.96,32.49,100,0,1,0.43,1.61,57.43,0.0,24.96,24.96,11796,786,3587,True
86054,07/12/2020,23:54:14,76.7,0.15,0.0,0.0,13.27,0.0,0.0,13.27,0.0,0.0,24.99,32.47,100,0,1,0.43,1.61,57.43,0.0,24.99,24.99,11811,786,3587,True
86069,07/12/2020,23:54:29,76.7,0.14,0.0,0.0,13.26,0.0,0.0,13.26,0.0,0.0,25.0,32.47,100,0,1,0.43,1.61,57.43,0.0,25.01,25.01,11826,786,3587,True
86084,07/12/2020,23:54:44,76.7,0.15,0.0,0.0,13.26,0.0,0.0,13.27,0.0,0.0,25.03,32.47,100,0,1,0.43,1.61,57.43,0.0,25.03,25.03,12037,786,3587,True
86099,07/12/2020,23:54:59,76.8,0.15,0.0,0.0,13.26,0.0,0.0,13.26,0.0,0.0,25.02,32.46,100,0,1,0.43,1.61,57.43,0.0,25.02,25.01,12052,786,3587,True
86114,07/12/2020,23:55:14,76.8,0.13,0.0,0.0,13.26,0.0,0.0,13.26,0.0,0.0,25.02,32.46,100,0,1,0.43,1.61,57.43,0.0,25.02,25.01,12067,786,3587,True
86129,07/12/2020,23:55:29,76.8,0.14,0.0,0.0,13.26,0.0,0.0,13.26,0.0,0.0,25.0,32.45,100,0,1,0.43,1.61,57.43,0.0,25.0,25.0,12082,786,3587,True
86144,07/12/2020,23:55:44,76.6,0.13,0.0,0.0,13.26,0.0,0.0,13.26,0.0,0.0,24.89,32.44,100,0,1,0.43,1.61,57.43,0.0,24.89,24.89,12293,786,3587,True
86159,07/12/2020,23:55:59,76.6,0.15,0.0,0.0,13.27,0.0,0.0,13.27,0.01,0.0,24.88,32.44,100,0,1,0.43,1.61,57.43,0.0,24.88,24.88,12308,786,3587,True
86174,07/12/2020,23:56:14,76.6,0.15,0.0,0.0,13.27,0.0,0.0,13.26,0.0,0.0,24.9,32.43,100,0,1,0.43,1.61,57.43,0.0,24.9,24.9,12323,786,3587,True
86189,07/12/2020,23:56:29,76.4,0.14,0.0,0.0,13.26,0.0,0.0,13.25,0.0,0.0,24.84,32.43,100,0,1,0.43,1.61,57.43,0.0,24.85,24.84,12338,786,3587,True
86204,07/12/2020,23:56:44,76.4,0.15,0.0,0.0,13.23,0.0,0.0,13.23,0.0,0.0,24.8,32.42,100,0,1,0.43,1.61,57.43,0.0,24.79,24.79,12549,786,3587,True
86219,07/12/2020,23:56:59,76.2,0.15,0.0,0.0,13.24,0.0,0.0,13.23,0.0,0.0,24.73,32.42,100,0,1,0.43,1.61,57.43,0.0,24.72,24.73,12564,786,3587,True
86234,07/12/2020,23:57:14,76.2,0.15,0.0,0.0,13.23,0.0,0.0,13.25,0.0,0.0,24.71,32.41,100,0,1,0.43,1.61,57.43,-0.01,24.71,24.71,12579,786,3587,True
86249,07/12/2020,23:57:29,76.2,0.14,0.0,0.0,13.24,0.0,0.0,13.25,0.0,0.0,24.63,32.41,100,0,1,0.43,1.61,57.43,0.0,24.62,24.62,12594,786,3587,True
86264,07/12/2020,23:57:44,76.2,0.15,0.0,0.0,13.25,0.0,0.0,13.24,0.0,0.0,24.62,32.4,100,0,1,0.43,1.61,57.43,0.0,24.61,24.61,12805,786,3587,True
86279,07/12/2020,23:57:59,76.1,0.15,0.0,0.0,13.25,0.0,0.0,13.24,0.0,0.0,24.59,32.39,100,0,1,0.43,1.61,57.43,0.0,24.59,24.59,12820,786,3587,True
86294,07/12/2020,23:58:14,76.1,0.15,0.0,0.0,13.23,0.0,0.0,13.25,0.0,0.0,24.62,32.39,100,0,1,0.43,1.61,57.43,0.0,24.62,24.62,12835,786,3587,True
86309,07/12/2020,23:58:29,76.2,0.14,0.0,0.0,13.25,0.0,0.0,13.23,0.0,0.0,24.62,32.38,100,0,1,0.43,1.61,57.43,0.0,24.62,24.61,12850,786,3587,True
86324,07/12/2020,23:58:44,76.2,0.14,0.0,0.0,13.24,0.0,0.0,13.25,0.0,0.0,24.62,32.37,100,0,1,0.43,1.61,57.43,0.0,24.62,24.62,13061,786,3587,True
86339,07/12/2020,23:58:59,76.2,0.15,0.0,0.0,13.23,0.0,0.0,13.25,0.0,0.0,24.63,32.37,100,0,1,0.43,1.61,57.43,0.0,24.63,24.62,13076,786,3587,True
86354,07/12/2020,23:59:14,76.2,0.14,0.0,0.0,13.23,0.0,0.0,13.25,0.0,0.0,24.59,32.37,100,0,1,0.43,1.61,57.43,0.0,24.59,24.59,13091,786,3587,True
86369,07/12/2020,23:59:29,76.2,0.13,0.0,0.0,13.24,0.0,0.0,13.25,0.0,0.0,24.56,32.36,100,0,1,0.43,1.61,57.43,0.0,24.56,24.56,13106,786,3587,True
86384,07/12/2020,23:59:44,76.2,0.15,0.0,0.0,13.25,0.0,0.0,13.23,0.0,0.0,24.56,32.36,100,0,1,0.43,1.61,57.43,0.0,24.56,24.55,13317,786,3587,True
86399,07/12/2020,23:59:59,76.1,0.14,0.0,0.0,13.24,0.0,0.0,13.25,0.0,0.0,24.6,32.34,100,0,1,0.43,1.61,57.43,0.0,24.6,24.6,13332,786,3587,True
