64409,08/08/2020,17:53:29,105.1,17.91,0.09,2.11,13.2,0.15,1.98,13.2,0.0,0.0,41.24,45.55,100,0,7,0.45,18.43,74.25,0.14,41.24,41.24,3639,6152,3587,True
64424,08/08/2020,17:53:44,105.2,17.91,0.1,1.84,13.2,0.14,1.84,13.2,0.0,0.0,41.26,45.54,100,0,7,0.45,18.43,74.25,0.15,41.24,41.24,3850,6152,3587,True
64439,08/08/2020,17:53:59,105.3,17.91,0.09,1.84,13.19,0.15,2.24,13.2,0.0,0.0,41.24,45.54,100,0,7,0.45,18.43,74.25,0.16,41.25,41.25,3865,6152,3587,True
64454,08/08/2020,17:54:14,105.3,17.91,0.11,1.97,13.2,0.15,1.84,13.2,0.0,0.0,41.23,45.54,100,0,7,0.45,18.43,74.25,0.15,41.23,41.23,3880,6152,3587,True
64469,08/08/2020,17:54:29,105.3,17.91,0.1,2.11,13.2,0.15,1.84,13.19,0.0,0.0,41.23,45.53,100,0,7,0.45,18.43,74.25,0.15,41.23,41.23,3895,6152,3587,True
64484,08/08/2020,17:54:44,105.3,17.91,0.1,1.98,13.2,0.16,2.11,13.2,0.0,0.0,41.23,45.53,100,0,7,0.45,18.43,74.25,0.15,41.23,41.23,4106,6152,3587,True
64499,08/08/2020,17:54:59,105.3,17.91,0.11,1.98,13.2,0.13,1.98,13.2,0.0,0.0,41.24,45.53,100,0,7,0.45,18.43,74.25,0.14,41.25,41.25,4121,6152,3587,True
64514,08/08/2020,17:55:14,105.3,17.91,0.12,1.71,13.2,0.14,2.24,13.2,0.0,0.0,41.25,45.53,100,0,7,0.45,18.43,74.25,0.15,41.26,41.25,4136,6152,3587,True
64529,08/08/2020,17:55:29,105.3,17.91,0.1,2.11,13.2,0.16,1.97,13.2,0.0,0.0,41.26,45.52,100,0,7,0.45,18.43,74.25,0.14,41.26,41.26,4151,6152,3587,True
64544,08/08/2020,17:55:44,105.3,17.9,0.1,2.11,13.2,0.16,1.98,13.2,0.0,0.0,41.26,45.52,100,0,7,0.45,18.43,74.25,0.14,41.26,41.26,4362,6152,3587,True
64559,08/08/2020,17:55:59,105.3,17.91,0.12,2.24,13.2,0.16,1.98,13.2,0.0,0.0,41.25,45.52,100,0,7,0.45,18.43,74.25,0.14,41.26,41.25,4377,6152,3587,True
64574,08/08/2020,17:56:14,105.3,17.91,0.11,2.11,13.2,0.15,1.71,13.2,0.0,0.0,41.26,45.52,100,0,7,0.45,18.43,74.25,0.17,41.27,41.27,4392,6152,3587,True
64589,08/08/2020,17:56:29,105.5,17.9,0.11,1.71,13.2,0.15,1.84,13.2,0.0,0.0,41.26,45.52,100,0,7,0.45,18.43,74.25,0.16,41.27,41.26,4407,6152,3587,True
64604,08/08/2020,17:56:44,105.5,17.9,0.09,2.24,13.2,0.14,2.24,13.2,0.0,0.0,41.26,45.51,100,0,7,0.45,18.43,74.25,0.15,41.26,41.25,4618,6152,3587,True
64619,08/08/2020,17:56:59,105.5,17.89,0.11,1.97,13.2,0.14,1.98,13.2,0.0,0.0,41.25,45.52,100,0,7,0.45,18.43,74.25,0.15,41.25,41.25,4633,6152,3587,True
64634,08/08/2020,17:57:14,105.5,17.89,0.11,1.98,13.2,0.16,2.11,13.2,0.0,0.0,41.23,45.51,100,0,7,0.45,18.43,74.25,0.14,41.23,41.22,4648,6152,3587,True
64649,08/08/2020,17:57:29,105.5,17.9,0.11,2.11,13.19,0.15,2.11,13.2,0.0,0.0,41.22,45.51,100,0,7,0.45,18.43,74.25,0.14,41.21,41.22,4663,6152,3587,True
64664,08/08/2020,17:57:44,105.5,17.88,0.11,1.71,13.2,0.15,2.11,13.2,0.0,0.0,41.22,45.51,100,0,7,0.45,18.43,74.25,0.13,41.21,41.22,4874,6152,3587,True
64679,08/08/2020,17:57:59,105.5,17.88,0.09,2.11,13.19,0.15,2.11,13.2,0.0,0.0,41.21,45.52,100,0,7,0.45,18.43,74.25,0.14,41.21,41.21,4889,6152,3587,True
64694,08/08/2020,17:58:14,105.3,17.88,0.09,1.84,13.2,0.14,1.98,13.2,0.0,0.0,41.2,45.51,100,0,7,0.45,18.43,74.25,0.16,41.2,41.2,4904,6152,3587,True
64709,08/08/2020,17:58:29,105.3,17.87,0.11,2.11,13.19,0.15,1.97,13.2,0.0,0.0,41.19,45.51,100,0,7,0.45,18.43,74.25,0.15,41.19,41.19,4919,6152,3587,True
64724,08/08/2020,17:58:44,105.3,17.87,0.11,1.84,13.2,0.14,2.11,13.2,0.0,0.0,41.19,45.5,100,0,7,0.45,18.43,74.25,0.14,41.18,41.18,5130,6152,3587,True
64739,08/08/2020,17:58:59,105.3,17.87,0.11,1.71,13.2,0.15,1.84,13.19,0.0,0.0,41.19,45.5,100,0,7,0.45,18.43,74.25,0.13,41.19,41.19,5145,6152,3587,True
64754,08/08/2020,17:59:14,105.5,17.88,0.1,2.11,13.2,0.16,2.11,13.2,0.0,0.0,41.21,45.5,100,0,7,0.45,18.43,74.25,0.13,41.2,41.21,5160,6152,3587,True
64769,08/08/2020,17:59:29,105.3,17.87,0.12,1.98,13.2,0.15,1.84,13.2,0.0,0.0,41.21,45.5,100,0,7,0.45,18.43,74.25,0.15,41.21,41.21,5175,6152,3587,True
64784,08/08/2020,17:59:44,105.5,17.87,0.11,1.84,13.2,0.15,1.71,13.2,0.0,0.0,41.21,45.5,100,0,7,0.45,18.43,74.25,0.16,41.22,41.21,5386,6152,3587,True
64799,08/08/2020,17:59:59,105.5,17.87,0.1,2.11,13.2,0.16,1.97,13.2,0.0,0.0,41.21,45.5,100,0,7,0.45,18.43,74.25,0.13,41.22,41.21,5401,6152,3587,True
64814,08/08/2020,18:00:14,105.5,17.87,0.09,1.84,13.19,0.15,1.98,13.2,0.0,0.0,41.21,45.49,100,0,7,0.45,18.43,74.25,0.14,41.21,41.21,5416,6152,3587,True
64829,08/08/2020,18:00:29,105.5,17.87,0.1,1.98,13.19,0.14,1.58,13.2,0.0,0.0,41.22,45.49,100,0,7,0.45,18.43,74.25,0.15,41.22,41.22,5431,6152,3587,True
64844,08/08/2020,18:00:44,105.3,17.87,0.11,1.98,13.2,0.15,1.97,13.2,0.0,0.0,41.22,45.48,100,0,7,0.45,18.43,74.25,0.13,41.21,41.21,5642,6152,3587,True
64859,08/08/2020,18:00:59,105.3,17.86,0.11,1.71,13.2,0.15,1.98,13.2,0.0,0.0,41.2,45.48,100,0,7,0.45,18.43,74.25,0.14,41.2,41.2,5657,6152,3587,True
64874,08/08/2020,18:01:14,105.3,17.85,0.1,1.84,13.2,0.15,1.97,13.2,0.0,0.0,41.2,45.48,100,0,7,0.45,18.43,74.25,0.15,41.19,41.19,5672,6152,3587,True
64889,08/08/2020,18:01:29,105.3,17.86,0.11,2.24,13.2,0.15,1.98,13.2,0.0,0.0,41.17,45.48,100,0,7,0.45,18.43,74.25,0.13,41.18,41.18,5687,6152,3587,True
64904,08/08/2020,18:01:44,105.3,17.86,0.09,1.98,13.2,0.15,2.11,13.2,0.0,0.0,41.17,45.48,100,0,7,0.45,18.43,74.25,0.13,41.17,41.17,5898,6152,3587,True
64919,08/08/2020,18:01:59,105.2,17.85,0.11,1.98,13.2,0.14,1.98,13.2,0.0,0.0,41.16,45.48,100,0,7,0.45,18.43,74.25,0.15,41.16,41.16,5913,6152,3587,True
64934,08/08/2020,18:02:14,105.3,17.85,0.09,1.98,13.19,0.14,2.11,13.19,0.0,0.0,41.16,45.48,100,0,7,0.45,18.43,74.25,0.16,41.16,41.16,5928,6152,3587,True
64949,08/08/2020,18:02:29,105.3,17.84,0.11,1.71,13.2,0.15,2.11,13.2,0.0,0.0,41.17,45.47,100,0,7,0.45,18.43,74.25,0.13,41.17,41.16,5943,6152,3587,True
64964,08/08/2020,18:02:44,105.3,17.83,0.09,1.71,13.2,0.14,1.84,13.19,0.0,0.0,41.16,45.47,100,0,7,0.45,18.43,74.25,0.17,41.16,41.16,6154,6152,3587,True
64979,08/08/2020,18:02:59,105.2,17.84,0.1,1.71,13.2,0.14,1.98,13.2,0.0,0.0,41.15,45.47,100,0,7,0.45,18.43,74.25,0.15,41.15,41.15,6169,6152,3587,True
64994,08/08/2020,18:03:14,105.2,17.83,0.09,1.84,13.2,0.14,2.11,13.2,0.0,0.0,41.14,45.46,100,0,7,0.45,18.43,74.25,0.14,41.14,41.15,6184,6152,3587,True
65009,08/08/2020,18:03:29,105.2,17.84,0.12,2.11,13.19,0.15,2.11,13.2,0.0,0.0,41.13,45.47,100,0,7,0.45,18.43,74.25,0.17,41.14,41.13,6199,6152,3587,True
65024,08/08/2020,18:03:44,105.2,17.84,0.11,1.84,13.2,0.16,2.11,13.2,0.0,0.0,41.11,45.47,100,0,7,0.45,18.43,74.25,0.15,41.12,41.11,6410,6152,3587,True
65039,08/08/2020,18:03:59,105.2,17.84,0.11,2.24,13.2,0.15,1.84,13.2,0.0,0.0,41.1,45.45,100,0,7,0.45,18.43,74.25,0.14,41.1,41.1,6425,6152,3587,True
65054,08/08/2020,18:04:14,105.2,17.84,0.11,1.84,13.19,0.14,1.98,13.2,0.0,0.0,41.06,45.46,100,0,7,0.45,18.43,74.25,0.14,41.07,41.07,6440,6152,3587,True
65069,08/08/2020,18:04:29,105.2,17.84,0.1,1.71,13.2,0.14,1.98,13.2,0.0,0.0,41.07,45.46,100,0,7,0.45,18.43,74.25,0.13,41.07,41.07,6455,6152,3587,True
65084,08/08/2020,18:04:44,105.2,17.84,0.1,1.98,13.2,0.17,2.11,13.2,0.0,0.0,41.07,45.45,100,0,7,0.45,18.43,74.25,0.15,41.07,41.07,6666,6152,3587,True
65099,08/08/2020,18:04:59,105.2,17.84,0.09,1.71,13.2,0.14,1.98,13.2,0.0,0.0,41.09,45.44,100,0,7,0.45,18.43,74.25,0.13,41.08,41.08,6681,6152,3587,True
65114,08/08/2020,18:05:14,105.2,17.85,0.1,1.84,13.2,0.15,1.98,13.2,0.0,0.0,41.08,45.46,100,0,7,0.45,18.43,74.25,0.15,41.08,41.08,6696,6152,3587,True
65129,08/08/2020,18:05:29,105.3,17.85,0.1,1.84,13.2,0.14,1.84,13.2,0.0,0.0,41.07,45.45,100,0,7,0.45,18.43,74.25,0.15,41.07,41.07,6711,6152,3587,True
65144,08/08/2020,18:05:44,105.2,17.85,0.11,1.84,13.2,0.15,1.84,13.2,0.0,0.0,41.07,45.45,100,0,7,0.45,18.43,74.25,0.15,41.07,41.07,6922,6152,3587,True
65159,08/08/2020,18:05:59,105.2,17.86,0.1,1.84,13.2,0.16,2.11,13.2,0.0,0.0,41.06,45.45,100,0,7,0.45,18.43,74.25,0.15,41.06,41.05,6937,6152,3587,True
65174,08/08/2020,18:06:14,105.3,17.86,0.1,1.84,13.19,0.14,2.11,13.2,0.0,0.0,41.06,45.43,100,0,7,0.45,18.43,74.25,0.14,41.06,41.06,6952,6152,3587,True
65189,08/08/2020,18:06:29,105.3,17.85,0.11,1.98,13.2,0.15,1.98,13.19,0.0,0.0,41.07,45.44,100,0,7,0.45,18.43,74.25,0.15,41.07,41.07,6967,6152,3587,True
65204,08/08/2020,18:06:44,105.3,17.86,0.09,1.71,13.2,0.13,1.71,13.2,0.0,0.0,41.07,45.44,100,0,7,0.45,18.43,74.25,0.13,41.07,41.07,7178,6152,3587,True
65219,08/08/2020,18:06:59,105.3,17.85,0.1,1.98,13.2,0.16,1.71,13.19,0.0,0.0,41.06,45.43,100,0,7,0.45,18.43,74.25,0.14,41.06,41.06,7193,6152,3587,True
65234,08/08/2020,18:07:14,105.3,17.86,0.11,1.98,13.2,0.15,1.84,13.2,0.0,0.0,41.06,45.44,100,0,7,0.45,18.43,74.25,0.14,41.06,41.06,7208,6152,3587,True
65249,08/08/2020,18:07:29,105.3,17.84,0.12,1.84,13.2,0.16,1.84,13.2,0.0,0.0,41.06,45.44,100,0,7,0.45,18.43,74.25,0.15,41.06,41.06,7223,6152,3587,True
65264,08/08/2020,18:07:44,105.2,17.84,0.11,1.84,13.19,0.13,1.84,13.2,0.0,0.0,41.06,45.43,100,0,7,0.45,18.43,74.25,0.13,41.05,41.05,7434,6152,3587,True
65279,08/08/2020,18:07:59,105.2,17.84,0.11,2.11,13.2,0.15,1.84,13.2,0.0,0.0,41.05,45.43,100,0,7,0.45,18.43,74.25,0.16,41.05,41.05,7449,6152,3587,True
65294,08/08/2020,18:08:14,105.2,17.85,0.1,1.84,13.2,0.16,1.98,13.2,0.0,0.0,41.07,45.43,100,0,7,0.45,18.43,74.25,0.16,41.07,41.06,7464,6152,3587,True
65309,08/08/2020,18:08:29,105.2,17.84,0.1,1.84,13.2,0.16,1.98,13.19,0.0,0.0,41.07,45.43,100,0,7,0.45,18.43,74.25,0.15,41.07,41.07,7479,6152,3587,True
65324,08/08/2020,18:08:44,105.2,17.83,0.11,1.71,13.2,0.15,1.97,13.19,0.0,0.0,41.07,45.43,100,0,7,0.45,18.43,74.25,0.14,41.07,41.07,7690,6152,3587,True
65339,08/08/2020,18:08:59,105.3,17.84,0.1,2.11,13.2,0.16,1.98,13.2,0.0,0.0,41.08,45.42,100,0,7,0.45,18.43,74.25,0.16,41.07,41.07,7705,6152,3587,True
65354,08/08/2020,18:09:14,105.3,17.85,0.1,2.11,13.19,0.14,1.84,13.2,0.0,0.0,41.07,45.43,100,0,7,0.45,18.43,74.25,0.14,41.07,41.07,7720,6152,3587,True
65369,08/08/2020,18:09:29,105.3,17.84,0.11,1.98,13.2,0.16,1.84,13.2,0.0,0.0,41.08,45.43,100,0,7,0.45,18.43,74.25,0.15,41.08,41.07,7735,6152,3587,True
65384,08/08/2020,18:09:44,105.3,17.84,0.09,2.11,13.19,0.16,1.84,13.2,0.0,0.0,41.08,45.42,100,0,7,0.45,18.43,74.25,0.14,41.07,41.08,7946,6152,3587,True
65399,08/08/2020,18:09:59,105.3,17.86,0.11,2.11,13.19,0.15,1.98,13.2,0.0,0.0,41.07,45.42,100,0,7,0.45,18.43,74.25,0.16,41.07,41.07,7961,6152,3587,True
65414,08/08/2020,18:10:14,105.3,17.84,0.1,1.84,13.2,0.16,1.97,13.2,0.0,0.0,41.08,45.42,100,0,7,0.45,18.43,74.25,0.14,41.07,41.07,7976,6152,3587,True
65429,08/08/2020,18:10:29,105.3,17.86,0.11,1.84,13.2,0.13,1.84,13.2,0.0,0.0,41.05,45.42,100,0,7,0.45,18.43,74.25,0.13,41.06,41.05,7991,6152,3587,True
65444,08/08/2020,18:10:44,105.3,17.85,0.11,1.98,13.2,0.16,1.84,13.2,0.0,0.0,41.07,45.41,100,0,7,0.45,18.43,74.25,0.15,41.05,41.06,8202,6152,3587,True
65459,08/08/2020,18:10:59,105.3,17.84,0.09,2.11,13.2,0.15,1.98,13.2,0.0,0.0,41.06,45.42,100,0,7,0.45,18.43,74.25,0.13,41.06,41.06,8217,6152,3587,True
65474,08/08/2020,18:11:14,105.3,17.83,0.1,2.11,13.2,0.15,2.11,13.19,0.0,0.0,41.06,45.41,100,0,7,0.45,18.43,74.25,0.14,41.07,41.06,8232,6152,3587,True
65489,08/08/2020,18:11:29,105.3,17.84,0.11,1.84,13.19,0.14,1.97,13.19,0.0,0.0,41.05,45.41,100,0,7,0.45,18.43,74.25,0.15,41.05,41.05,8247,6152,3587,True
65504,08/08/2020,18:11:44,105.3,17.82,0.11,2.11,13.2,0.16,2.11,13.19,0.0,0.0,41.05,45.41,100,0,7,0.45,18.43,74.25,0.14,41.05,41.05,8458,6152,3587,True
65519,08/08/2020,18:11:59,105.2,17.83,0.1,1.84,13.2,0.15,1.98,13.19,0.0,0.0,41.05,45.41,100,0,7,0.45,18.43,74.25,0.15,41.05,41.04,8473,6152,3587,True
65534,08/08/2020,18:12:14,105.2,17.82,0.1,1.71,13.2,0.15,1.97,13.19,0.0,0.0,41.05,45.4,100,0,7,0.45,18.43,74.25,0.16,41.05,41.05,8488,6152,3587,True
65549,08/08/2020,18:12:29,105.2,17.83,0.1,1.98,13.2,0.14,2.11,13.2,0.0,0.0,41.06,45.4,100,0,7,0.45,18.43,74.25,0.15,41.06,41.05,8503,6152,3587,True
65564,08/08/2020,18:12:44,105.1,17.79,0.1,1.98,13.2,0.16,1.84,13.19,0.0,0.0,41.05,45.4,100,0,7,0.45,18.43,74.25,0.15,41.05,41.05,8714,6152,3587,True
65579,08/08/2020,18:12:59,105.1,17.81,0.11,1.71,13.2,0.14,1.84,13.2,0.0,0.0,41.03,45.4,100,0,7,0.45,18.43,74.25,0.14,41.03,41.04,8729,6152,3587,True
65594,08/08/2020,18:13:14,105.1,17.8,0.1,1.84,13.2,0.14,1.84,13.2,0.0,0.0,41.03,45.4,100,0,7,0.45,18.43,74.25,0.15,41.03,41.03,8744,6152,3587,True
65609,08/08/2020,18:13:29,105.1,17.79,0.11,1.98,13.19,0.16,2.11,13.2,0.0,0.0,41.03,45.4,100,0,7,0.45,18.43,74.25,0.15,41.03,41.02,8759,6152,3587,True
65624,08/08/2020,18:13:44,105.1,17.79,0.1,1.84,13.2,0.16,2.11,13.2,0.0,0.0,41.01,45.4,100,0,7,0.45,18.43,74.25,0.15,41.01,41.01,8970,6152,3587,True
65639,08/08/2020,18:13:59,105.1,17.79,0.11,1.98,13.19,0.17,1.98,13.2,0.0,0.0,41.01,45.4,100,0,7,0.45,18.43,74.25,0.14,41.01,41.01,8985,6152,3587,True
65654,08/08/2020,18:14:14,105.1,17.79,0.11,1.97,13.19,0.14,1.71,13.2,0.0,0.0,41.0,45.4,100,0,7,0.45,18.43,74.25,0.15,41.0,41.0,9000,6152,3587,True
65669,08/08/2020,18:14:29,105.1,17.79,0.1,1.84,13.2,0.15,1.84,13.19,0.0,0.0,41.0,45.39,100,0,7,0.45,18.43,74.25,0.15,41.0,41.0,9015,6152,3587,True
65684,08/08/2020,18:14:44,105.1,17.78,0.11,1.98,13.2,0.15,1.84,13.2,0.0,0.0,41.0,45.39,100,0,7,0.45,18.43,74.25,0.14,41.0,41.0,9226,6152,3587,True
65699,08/08/2020,18:14:59,105.1,17.79,0.11,1.97,13.19,0.14,1.84,13.2,0.0,0.0,40.99,45.39,100,0,7,0.45,18.43,74.25,0.16,40.99,40.99,9241,6152,3587,True
65714,08/08/2020,18:15:14,105.1,17.78,0.11,1.98,13.2,0.14,1.84,13.2,0.0,0.0,40.99,45.39,100,0,7,0.45,18.43,74.25,0.16,40.99,40.99,9256,6152,3587,True
65729,08/08/2020,18:15:29,105.1,17.79,0.1,1.84,13.2,0.14,1.84,13.2,0.0,0.0,40.96,45.38,100,0,7,0.45,18.43,74.25,0.16,40.97,40.96,9271,6152,3587,True
65744,08/08/2020,18:15:44,105.1,17.78,0.09,1.98,13.2,0.13,1.71,13.2,0.0,0.0,40.96,45.39,100,0,7,0.45,18.43,74.25,0.16,40.95,40.96,9482,6152,3587,True
65759,08/08/2020,18:15:59,105.1,17.78,0.09,1.97,13.2,0.15,2.11,13.19,0.0,0.0,40.95,45.37,100,0,7,0.45,18.43,74.25,0.15,40.95,40.95,9497,6152,3587,True
65774,08/08/2020,18:16:14,105.1,17.77,0.11,1.84,13.2,0.14,1.84,13.2,0.0,0.0,40.96,45.37,100,0,7,0.45,18.43,74.25,0.15,40.96,40.96,9512,6152,3587,True
65789,08/08/2020,18:16:29,105.1,17.76,0.1,1.84,13.19,0.14,1.84,13.19,0.0,0.0,40.96,45.38,100,0,7,0.45,18.43,74.25,0.15,40.97,40.97,9527,6152,3587,True
65804,08/08/2020,18:16:44,105.1,17.76,0.11,2.11,13.19,0.14,2.11,13.2,0.0,0.0,40.96,45.36,100,0,7,0.45,18.43,74.25,0.14,40.97,40.97,9738,6152,3587,True
65819,08/08/2020,18:16:59,105.1,17.75,0.1,1.84,13.2,0.15,1.84,13.2,0.0,0.0,40.96,45.38,100,0,7,0.45,18.43,74.25,0.12,40.95,40.96,9753,6152,3587,True
65834,08/08/2020,18:17:14,105.1,17.75,0.1,1.97,13.2,0.14,1.97,13.2,0.0,0.0,40.97,45.37,100,0,7,0.45,18.43,74.25,0.17,40.97,40.97,9768,6152,3587,True
65849,08/08/2020,18:17:29,105.1,17.75,0.1,1.84,13.19,0.15,1.97,13.2,0.0,0.0,40.97,45.37,100,0,7,0.45,18.43,74.25,0.15,40.97,40.96,9783,6152,3587,True
65864,08/08/2020,18:17:44,105.1,17.77,0.11,1.84,13.2,0.15,2.11,13.2,0.0,0.0,40.97,45.36,100,0,7,0.45,18.43,74.25,0.16,40.97,40.97,9994,6152,3587,True
65879,08/08/2020,18:17:59,105.1,17.75,0.1,1.98,13.2,0.14,1.71,13.2,0.0,0.0,40.96,45.36,100,0,7,0.45,18.43,74.25,0.15,40.97,40.97,10009,6152,3587,True
65894,08/08/2020,18:18:14,105.1,17.76,0.11,1.98,13.19,0.14,1.98,13.2,0.0,0.0,40.95,45.36,100,0,7,0.45,18.43,74.25,0.14,40.95,40.96,10024,6152,3587,True
65909,08/08/2020,18:18:29,105.1,17.75,0.11,2.11,13.19,0.16,1.97,13.2,0.0,0.0,40.94,45.36,100,0,7,0.45,18.43,74.25,0.15,40.94,40.95,10039,6152,3587,True
65924,08/08/2020,18:18:44,105.1,17.75,0.11,1.98,13.2,0.15,1.84,13.2,0.0,0.0,40.95,45.36,100,0,7,0.45,18.43,74.25,0.15,40.94,40.93,10250,6152,3587,True
65939,08/08/2020,18:18:59,105.0,17.75,0.11,1.97,13.2,0.13,1.97,13.19,0.0,0.0,40.93,45.36,100,0,7,0.45,18.43,74.25,0.15,40.93,40.93,10265,6152,3587,True
65954,08/08/2020,18:19:14,105.0,17.73,0.11,1.84,13.2,0.13,1.84,13.2,0.0,0.0,40.93,45.36,100,0,7,0.45,18.43,74.25,0.15,40.93,40.92,10280,6152,3587,True
65969,08/08/2020,18:19:29,105.0,17.74,0.1,1.98,13.2,0.15,1.71,13.19,0.0,0.0,40.93,45.36,100,0,7,0.45,18.43,74.25,0.14,40.93,40.94,10295,6152,3587,True
65984,08/08/2020,18:19:44,104.9,17.73,0.1,1.97,13.2,0.14,2.11,13.2,0.0,0.0,40.93,45.36,100,0,7,0.45,18.43,74.25,0.15,40.93,40.93,10506,6152,3587,True
65999,08/08/2020,18:19:59,104.9,17.73,0.1,2.11,13.2,0.15,1.98,13.2,0.0,0.0,40.93,45.35,100,0,7,0.45,18.43,74.25,0.15,40.93,40.93,10521,6152,3587,True
66014,08/08/2020,18:20:14,104.9,17.72,0.11,1.84,13.2,0.17,1.84,13.2,0.0,0.0,40.9,45.35,100,0,7,0.45,18.43,74.25,0.14,40.9,40.9,10536,6152,3587,True
66029,08/08/2020,18:20:29,104.9,17.72,0.11,1.97,13.2,0.16,2.11,13.2,0.0,0.0,40.9,45.35,100,0,7,0.45,18.43,74.25,0.15,40.9,40.9,10551,6152,3587,True
66044,08/08/2020,18:20:44,104.9,17.72,0.1,1.84,13.2,0.13,1.84,13.19,0.0,0.0,40.9,45.35,100,0,7,0.45,18.43,74.25,0.14,40.9,40.9,10762,6152,3587,True
66059,08/08/2020,18:20:59,104.9,17.72,0.11,1.84,13.19,0.13,1.71,13.19,0.0,0.0,40.9,45.34,100,0,7,0.45,18.43,74.25,0.12,40.9,40.91,10777,6152,3587,True
66074,08/08/2020,18:21:14,104.9,17.72,0.1,1.84,13.2,0.14,1.84,13.2,0.0,0.0,40.89,45.35,100,0,7,0.45,18.43,74.25,0.15,40.89,40.89,10792,6152,3587,True
66089,08/08/2020,18:21:29,104.9,17.72,0.11,1.97,13.19,0.16,1.84,13.2,0.0,0.0,40.89,45.34,100,0,7,0.45,18.43,74.25,0.15,40.9,40.9,10807,6152,3587,True
66104,08/08/2020,18:21:44,105.0,17.72,0.11,1.97,13.2,0.15,1.98,13.2,0.0,0.0,40.9,45.34,100,0,7,0.45,18.43,74.25,0.15,40.9,40.9,11018,6152,3587,True
66119,08/08/2020,18:21:59,105.0,17.72,0.09,1.98,13.2,0.15,1.98,13.2,0.0,0.0,40.89,45.34,100,0,7,0.45,18.43,74.25,0.13,40.89,40.9,11033,6152,3587,True
66134,08/08/2020,18:22:14,104.9,17.72,0.09,1.84,13.19,0.14,1.84,13.2,0.0,0.0,40.88,45.34,100,0,7,0.45,18.43,74.25,0.14,40.88,40.88,11048,6152,3587,True
66149,08/08/2020,18:22:29,104.9,17.72,0.09,1.84,13.2,0.14,1.71,13.2,0.0,0.0,40.88,45.33,100,0,7,0.45,18.43,74.25,0.13,40.87,40.88,11063,6152,3587,True
66164,08/08/2020,18:22:44,104.9,17.71,0.1,2.11,13.2,0.15,1.98,13.19,0.0,0.0,40.87,45.33,100,0,7,0.45,18.43,74.25,0.13,40.87,40.86,11274,6152,3587,True
66179,08/08/2020,18:22:59,104.9,17.72,0.1,1.98,13.19,0.15,1.97,13.2,0.0,0.0,40.85,45.33,100,0,7,0.45,18.43,74.25,0.14,40.86,40.85,11289,6152,3587,True
66194,08/08/2020,18:23:14,104.9,17.72,0.1,1.84,13.2,0.14,1.84,13.2,0.0,0.0,40.85,45.33,100,0,7,0.45,18.43,74.25,0.15,40.85,40.85,11304,6152,3587,True
66209,08/08/2020,18:23:29,104.9,17.7,0.11,1.84,13.19,0.14,1.84,13.19,0.0,0.0,40.85,45.34,100,0,7,0.45,18.43,74.25,0.15,40.85,40.85,11319,6152,3587,True
66224,08/08/2020,18:23:44,104.9,17.71,0.1,1.97,13.2,0.14,1.97,13.19,0.0,0.0,40.84,45.33,100,0,7,0.45,18.43,74.25,0.15,40.84,40.84,11530,6152,3587,True
66239,08/08/2020,18:23:59,104.9,17.69,0.11,1.71,13.19,0.14,1.71,13.2,0.0,0.0,40.83,45.33,100,0,7,0.45,18.43,74.25,0.15,40.83,40.84,11545,6152,3587,True
66254,08/08/2020,18:24:14,104.9,17.7,0.09,1.98,13.19,0.14,1.84,13.19,0.0,0.0,40.84,45.33,100,0,7,0.45,18.43,74.25,0.14,40.84,40.84,11560,6152,3587,True
66269,08/08/2020,18:24:29,104.9,17.69,0.1,1.84,13.2,0.14,1.98,13.2,0.0,0.0,40.85,45.33,100,0,7,0.45,18.43,74.25,0.15,40.84,40.85,11575,6152,3587,True
66284,08/08/2020,18:24:44,104.9,17.69,0.1,1.84,13.19,0.16,1.97,13.2,0.0,0.0,40.85,45.33,100,0,7,0.45,18.43,74.25,0.14,40.85,40.85,11786,6152,3587,True
66299,08/08/2020,18:24:59,104.9,17.7,0.1,2.11,13.19,0.13,1.84,13.2,0.0,0.0,40.85,45.32,100,0,7,0.45,18.43,74.25,0.15,40.85,40.86,11801,6152,3587,True
66314,08/08/2020,18:25:14,104.9,17.68,0.11,1.97,13.19,0.14,2.11,13.2,0.0,0.0,40.85,45.32,100,0,7,0.45,18.43,74.25,0.16,40.85,40.85,11816,6152,3587,True
66329,08/08/2020,18:25:29,104.9,17.68,0.11,1.97,13.2,0.15,1.71,13.2,0.0,0.0,40.86,45.32,100,0,7,0.45,18.43,74.25,0.14,40.87,40.86,11831,6152,3587,True
66344,08/08/2020,18:25:44,104.9,17.68,0.09,1.71,13.2,0.14,1.98,13.2,0.0,0.0,40.87,45.32,100,0,7,0.45,18.43,74.25,0.14,40.86,40.87,12042,6152,3587,True
66359,08/08/2020,18:25:59,104.9,17.67,0.11,2.11,13.19,0.15,2.11,13.19,0.0,0.0,40.86,45.32,100,0,7,0.45,18.43,74.25,0.15,40.87,40.87,12057,6152,3587,True
66374,08/08/2020,18:26:14,104.9,17.67,0.11,1.98,13.19,0.14,1.84,13.2,0.0,0.0,40.85,45.32,100,0,7,0.45,18.43,74.25,0.16,40.86,40.86,12072,6152,3587,True
66389,08/08/2020,18:26:29,104.9,17.67,0.09,1.97,13.19,0.13,1.84,13.2,0.0,0.0,40.85,45.31,100,0,7,0.45,18.43,74.25,0.15,40.85,40.86,12087,6152,3587,True
66404,08/08/2020,18:26:44,104.9,17.66,0.09,1.71,13.19,0.14,1.84,13.2,0.0,0.0,40.85,45.31,100,0,7,0.45,18.43,74.25,0.15,40.84,40.85,12298,6152,3587,True
66419,08/08/2020,18:26:59,104.9,17.67,0.1,1.84,13.19,0.13,1.84,13.2,0.0,0.0,40.83,45.31,100,0,7,0.45,18.43,74.25,0.15,40.83,40.83,12313,6152,3587,True
66434,08/08/2020,18:27:14,104.9,17.66,0.1,1.84,13.19,0.14,1.71,13.2,0.0,0.0,40.82,45.31,100,0,7,0.45,18.43,74.25,0.13,40.83,40.82,12328,6152,3587,True
66449,08/08/2020,18:27:29,104.9,17.66,0.11,1.98,13.2,0.13,1.71,13.2,0.0,0.0,40.81,45.31,100,0,7,0.45,18.43,74.25,0.14,40.82,40.81,12343,6152,3587,True
66464,08/08/2020,18:27:44,104.9,17.64,0.11,1.97,13.19,0.14,1.97,13.2,0.0,0.0,40.8,45.31,100,0,7,0.45,18.43,74.25,0.14,40.81,40.8,12554,6152,3587,True
66479,08/08/2020,18:27:59,104.9,17.64,0.09,1.84,13.2,0.14,1.97,13.19,0.0,0.0,40.8,45.31,100,0,7,0.45,18.43,74.25,0.15,40.8,40.79,12569,6152,3587,True
66494,08/08/2020,18:28:14,104.8,17.64,0.11,1.71,13.19,0.16,1.98,13.2,0.0,0.0,40.77,45.3,100,0,7,0.45,18.43,74.25,0.14,40.77,40.77,12584,6152,3587,True
66509,08/08/2020,18:28:29,104.8,17.63,0.1,1.98,13.2,0.14,1.84,13.19,0.0,0.0,40.75,45.3,100,0,7,0.45,18.43,74.25,0.16,40.74,40.75,12599,6152,3587,True
66524,08/08/2020,18:28:44,104.7,17.64,0.1,1.84,13.19,0.14,1.84,13.2,0.0,0.0,40.72,45.3,100,0,7,0.45,18.43,74.25,0.14,40.71,40.71,12810,6152,3587,True
66539,08/08/2020,18:28:59,104.7,17.63,0.11,1.84,13.19,0.14,1.84,13.19,0.0,0.0,40.72,45.3,100,0,7,0.45,18.43,74.25,0.15,40.72,40.72,12825,6152,3587,True
66554,08/08/2020,18:29:14,104.7,17.63,0.11,1.84,13.19,0.15,1.97,13.19,0.0,0.0,40.71,45.3,100,0,7,0.45,18.43,74.25,0.15,40.71,40.72,12840,6152,3587,True
66569,08/08/2020,18:29:29,104.6,17.63,0.11,1.97,13.2,0.15,2.11,13.19,0.0,0.0,40.72,45.3,100,0,7,0.45,18.43,74.25,0.16,40.72,40.72,12855,6152,3587,True
66584,08/08/2020,18:29:44,104.7,17.64,0.1,1.97,13.2,0.15,1.97,13.19,0.0,0.0,40.72,45.29,100,0,7,0.45,18.43,74.25,0.14,40.73,40.73,13066,6152,3587,True
66599,08/08/2020,18:29:59,104.7,17.64,0.1,1.84,13.19,0.15,1.98,13.19,0.0,0.0,40.73,45.3,100,0,7,0.45,18.43,74.25,0.14,40.73,40.73,13081,6152,3587,True
66614,08/08/2020,18:30:14,104.7,17.63,0.11,2.11,13.19,0.16,2.11,13.2,0.0,0.0,40.72,45.29,100,0,7,0.45,18.43,74.25,0.15,40.71,40.71,13096,6152,3587,True
66629,08/08/2020,18:30:29,104.7,17.63,0.11,1.98,13.19,0.14,1.84,13.19,0.0,0.0,40.7,45.29,100,0,7,0.45,18.43,74.25,0.14,40.71,40.71,13111,6152,3587,True
66644,08/08/2020,18:30:44,104.6,17.62,0.11,1.84,13.19,0.15,1.84,13.2,0.0,0.0,40.7,45.29,100,0,7,0.45,18.43,74.25,0.14,40.69,40.7,13322,6152,3587,True
66659,08/08/2020,18:30:59,104.6,17.62,0.11,1.84,13.19,0.15,1.97,13.19,0.0,0.0,40.71,45.29,100,0,7,0.45,18.43,74.25,0.14,40.71,40.71,13337,6152,3587,True
66674,08/08/2020,18:31:14,104.6,17.6,0.11,1.97,13.19,0.15,1.98,13.2,0.0,0.0,40.71,45.28,100,0,7,0.45,18.43,74.25,0.14,40.71,40.71,13352,6152,3587,True
66689,08/08/2020,18:31:29,104.6,17.6,0.11,1.97,13.2,0.16,1.84,13.2,0.0,0.0,40.71,45.28,100,0,7,0.45,18.43,74.25,0.12,40.71,40.71,13367,6152,3587,True
66704,08/08/2020,18:31:44,104.6,17.62,0.1,1.84,13.2,0.16,1.71,13.2,0.0,0.0,40.69,45.28,100,0,7,0.45,18.43,74.25,0.14,40.69,40.69,13578,6152,3587,True
66719,08/08/2020,18:31:59,104.6,17.6,0.11,1.84,13.19,0.14,1.98,13.19,0.0,0.0,40.68,45.28,100,0,7,0.45,18.43,74.25,0.13,40.68,40.68,13593,6152,3587,True
66734,08/08/2020,18:32:14,104.6,17.6,0.1,1.71,13.2,0.14,1.98,13.19,0.0,0.0,40.67,45.28,100,0,7,0.45,18.43,74.25,0.13,40.68,40.68,13608,6152,3587,True
66749,08/08/2020,18:32:29,104.6,17.6,0.08,1.84,13.19,0.14,1.71,13.19,0.0,0.0,40.69,45.28,100,0,7,0.45,18.43,74.25,0.13,40.68,40.68,13623,6152,3587,True
66764,08/08/2020,18:32:44,104.6,17.61,0.11,1.84,13.19,0.16,1.84,13.19,0.0,0.0,40.68,45.27,100,0,7,0.45,18.43,74.25,0.14,40.68,40.69,13834,6152,3587,True
66779,08/08/2020,18:32:59,104.6,17.6,0.11,1.98,13.19,0.15,2.11,13.19,0.0,0.0,40.68,45.28,100,0,7,0.45,18.43,74.25,0.14,40.68,40.67,13849,6152,3587,True
66794,08/08/2020,18:33:14,104.6,17.6,0.1,1.84,13.19,0.14,1.97,13.19,0.0,0.0,40.65,45.28,100,0,7,0.45,18.43,74.25,0.14,40.65,40.65,13864,6152,3587,True
66809,08/08/2020,18:33:29,104.6,17.6,0.09,1.71,13.19,0.14,1.84,13.19,0.0,0.0,40.63,45.27,100,0,7,0.45,18.43,74.25,0.15,40.63,40.63,13879,6152,3587,True
66824,08/08/2020,18:33:44,104.4,17.59,0.1,1.97,13.19,0.13,2.11,13.2,0.0,0.0,40.63,45.27,100,0,7,0.45,18.43,74.25,0.14,40.63,40.62,14090,6152,3587,True
66839,08/08/2020,18:33:59,104.4,17.59,0.09,1.98,13.19,0.15,1.84,13.2,0.0,0.0,40.62,45.26,100,0,7,0.45,18.43,74.25,0.14,40.62,40.62,14105,6152,3587,True
66854,08/08/2020,18:34:14,104.3,17.59,0.12,1.98,13.2,0.16,2.11,13.19,0.0,0.0,40.61,45.26,100,0,7,0.45,18.43,74.25,0.15,40.61,40.61,14120,6152,3587,True
66869,08/08/2020,18:34:29,104.3,17.59,0.11,1.97,13.2,0.14,1.71,13.19,0.0,0.0,40.6,45.27,100,0,7,0.45,18.43,74.25,0.14,40.6,40.6,14135,6152,3587,True
66884,08/08/2020,18:34:44,104.3,17.58,0.11,1.84,13.19,0.15,1.97,13.2,0.0,0.0,40.6,45.26,100,0,7,0.45,18.43,74.25,0.15,40.6,40.59,14346,6152,3587,True
66899,08/08/2020,18:34:59,104.3,17.56,0.09,1.84,13.2,0.13,1.71,13.2,0.0,0.0,40.59,45.27,100,0,7,0.45,18.43,74.25,0.13,40.6,40.59,14361,6152,3587,True
66914,08/08/2020,18:35:14,104.4,17.56,0.11,1.84,13.19,0.14,1.98,13.19,0.0,0.0,40.58,45.26,100,0,7,0.45,18.43,74.25,0.15,40.58,40.58,14376,6152,3587,True
66929,08/08/2020,18:35:29,104.3,17.56,0.11,1.97,13.19,0.14,1.97,13.2,0.0,0.0,40.59,45.26,100,0,7,0.45,18.43,74.25,0.14,40.6,40.6,14391,6152,3587,True
66944,08/08/2020,18:35:44,104.3,17.56,0.12,2.11,13.19,0.15,1.97,13.2,0.0,0.0,40.6,45.25,100,0,7,0.45,18.43,74.25,0.15,40.6,40.6,14602,6152,3587,True
66959,08/08/2020,18:35:59,104.3,17.56,0.11,2.11,13.2,0.14,1.84,13.19,0.0,0.0,40.61,45.25,100,0,7,0.45,18.43,74.25,0.16,40.61,40.61,14617,6152,3587,True
66974,08/08/2020,18:36:14,104.3,17.56,0.11,1.97,13.19,0.16,1.84,13.19,0.0,0.0,40.61,45.25,100,0,7,0.45,18.43,74.25,0.15,40.6,40.61,14632,6152,3587,True
66989,08/08/2020,18:36:29,104.3,17.54,0.11,1.97,13.19,0.15,1.71,13.19,0.0,0.0,40.61,45.25,100,0,7,0.45,18.43,74.25,0.16,40.61,40.6,14647,6152,3587,True
67004,08/08/2020,18:36:44,104.3,17.54,0.1,1.84,13.2,0.14,1.98,13.19,0.0,0.0,40.58,45.24,100,0,7,0.45,18.43,74.25,0.14,40.58,40.58,14858,6152,3587,True
67019,08/08/2020,18:36:59,104.3,17.55,0.12,2.11,13.2,0.16,1.97,13.19,0.0,0.0,40.58,45.24,100,0,7,0.45,18.43,74.25,0.15,40.58,40.58,14873,6152,3587,True
67034,08/08/2020,18:37:14,104.3,17.55,0.1,1.97,13.2,0.15,1.98,13.2,0.0,0.0,40.57,45.24,100,0,7,0.45,18.43,74.25,0.16,40.56,40.56,14888,6152,3587,True
67049,08/08/2020,18:37:29,104.3,17.54,0.11,1.84,13.2,0.13,1.98,13.19,0.0,0.0,40.54,45.23,100,0,7,0.45,18.43,74.25,0.13,40.53,40.54,14903,6152,3587,True
67064,08/08/2020,18:37:44,104.2,17.52,0.11,1.97,13.2,0.15,1.71,13.19,0.0,0.0,40.55,45.24,100,0,7,0.45,18.43,74.25,0.14,40.54,40.54,15114,6152,3587,True
67079,08/08/2020,18:37:59,104.2,17.54,0.09,1.84,13.2,0.14,1.84,13.19,0.0,0.0,40.54,45.23,100,0,7,0.45,18.43,74.25,0.15,40.54,40.54,15129,6152,3587,True
67094,08/08/2020,18:38:14,104.2,17.52,0.1,1.98,13.2,0.14,1.84,13.2,0.0,0.0,40.53,45.24,100,0,7,0.45,18.43,74.25,0.13,40.54,40.54,15144,6152,3587,True
67109,08/08/2020,18:38:29,104.2,17.52,0.1,1.84,13.19,0.14,1.84,13.19,0.0,0.0,40.53,45.23,100,0,7,0.45,18.43,74.25,0.15,40.53,40.53,15159,6152,3587,True
67124,08/08/2020,18:38:44,104.2,17.52,0.1,1.58,13.19,0.14,1.84,13.19,0.0,0.0,40.53,45.23,100,0,7,0.45,18.43,74.25,0.14,40.53,40.52,10,6153,3587,True
67139,08/08/2020,18:38:59,104.1,17.51,0.09,1.84,13.19,0.14,1.98,13.19,0.0,0.0,40.5,45.23,100,0,7,0.45,18.43,74.25,0.14,40.5,40.51,25,6153,3587,True
67154,08/08/2020,18:39:14,104.1,17.51,0.1,1.84,13.19,0.15,1.97,13.19,0.0,0.0,40.49,45.22,100,0,7,0.45,18.43,74.25,0.14,40.49,40.5,40,6153,3587,True
67169,08/08/2020,18:39:29,104.1,17.49,0.09,1.71,13.2,0.14,1.84,13.19,0.0,0.0,40.5,45.22,100,0,7,0.45,18.43,74.25,0.13,40.5,40.5,55,6153,3587,True
67184,08/08/2020,18:39:44,104.1,17.48,0.1,1.84,13.19,0.14,1.71,13.2,0.0,0.0,40.49,45.22,100,0,7,0.45,18.43,74.25,0.14,40.5,40.49,266,6153,3587,True
67199,08/08/2020,18:39:59,104.0,17.49,0.1,1.84,13.19,0.14,1.84,13.19,0.0,0.0,40.49,45.21,100,0,7,0.45,18.43,74.25,0.14,40.49,40.49,281,6153,3587,True
67214,08/08/2020,18:40:14,104.1,17.48,0.11,1.97,13.19,0.16,1.84,13.2,0.0,0.0,40.49,45.22,100,0,7,0.45,18.43,74.25,0.13,40.49,40.49,296,6153,3587,True
67229,08/08/2020,18:40:29,104.1,17.48,0.1,1.84,13.2,0.13,1.97,13.19,0.0,0.0,40.5,45.21,100,0,7,0.45,18.43,74.25,0.14,40.49,40.5,311,6153,3587,True
67244,08/08/2020,18:40:44,104.1,17.48,0.11,1.98,13.2,0.14,1.84,13.19,0.0,0.0,40.49,45.21,100,0,7,0.45,18.43,74.25,0.14,40.49,40.5,522,6153,3587,True
67259,08/08/2020,18:40:59,104.0,17.47,0.11,1.97,13.19,0.15,1.84,13.19,0.0,0.0,40.49,45.21,100,0,7,0.45,18.43,74.25,0.14,40.49,40.49,537,6153,3587,True
67274,08/08/2020,18:41:14,104.0,17.47,0.1,1.84,13.19,0.15,1.71,13.2,0.0,0.0,40.49,45.21,100,0,7,0.45,18.43,74.25,0.14,40.5,40.5,552,6153,3587,True
67289,08/08/2020,18:41:29,103.9,17.46,0.1,1.84,13.2,0.14,1.84,13.2,0.0,0.0,40.49,45.2,100,0,7,0.45,18.43,74.25,0.14,40.5,40.49,567,6153,3587,True
67304,08/08/2020,18:41:44,103.9,17.45,0.1,1.84,13.19,0.15,1.84,13.2,0.0,0.0,40.49,45.2,100,0,7,0.45,18.43,74.25,0.14,40.49,40.49,778,6153,3587,True
67319,08/08/2020,18:41:59,103.9,17.45,0.11,1.98,13.19,0.14,1.98,13.2,0.0,0.0,40.47,45.2,100,0,7,0.45,18.43,74.25,0.15,40.47,40.47,793,6153,3587,True
67334,08/08/2020,18:42:14,103.8,17.45,0.1,1.98,13.19,0.14,1.84,13.19,0.0,0.0,40.44,45.2,100,0,7,0.45,18.43,74.25,0.14,40.44,40.44,808,6153,3587,True
67349,08/08/2020,18:42:29,103.8,17.44,0.11,1.84,13.2,0.15,1.97,13.2,0.0,0.0,40.43,45.2,100,0,7,0.45,18.43,74.25,0.14,40.43,40.43,823,6153,3587,True
67364,08/08/2020,18:42:44,103.8,17.44,0.11,1.84,13.19,0.15,1.84,13.2,0.0,0.0,40.43,45.2,100,0,7,0.45,18.43,74.25,0.14,40.43,40.43,1034,6153,3587,True
67379,08/08/2020,18:42:59,103.8,17.44,0.12,1.97,13.19,0.16,1.97,13.2,0.0,0.0,40.41,45.19,100,0,7,0.45,18.43,74.25,0.15,40.41,40.41,1049,6153,3587,True
67394,08/08/2020,18:43:14,103.8,17.44,0.11,1.97,13.2,0.16,1.97,13.19,0.0,0.0,40.4,45.19,100,0,7,0.45,18.43,74.25,0.15,40.4,40.4,1064,6153,3587,True
67409,08/08/2020,18:43:29,103.8,17.43,0.1,1.84,13.2,0.14,1.84,13.2,0.0,0.0,40.4,45.18,100,0,7,0.45,18.43,74.25,0.15,40.4,40.41,1079,6153,3587,True
67424,08/08/2020,18:43:44,103.8,17.43,0.11,1.97,13.19,0.14,1.84,13.19,0.0,0.0,40.39,45.19,100,0,7,0.45,18.43,74.25,0.14,40.39,40.39,1290,6153,3587,True
67439,08/08/2020,18:43:59,103.8,17.43,0.1,1.97,13.2,0.13,1.71,13.19,0.0,0.0,40.39,45.19,100,0,7,0.45,18.43,74.25,0.14,40.38,40.38,1305,6153,3587,True
67454,08/08/2020,18:44:14,103.8,17.42,0.1,2.11,13.19,0.14,1.98,13.2,0.0,0.0,40.39,45.19,100,0,7,0.45,18.43,74.25,0.14,40.4,40.39,1320,6153,3587,True
67469,08/08/2020,18:44:29,103.8,17.42,0.11,2.11,13.2,0.14,1.84,13.19,0.0,0.0,40.4,45.18,100,0,7,0.45,18.43,74.25,0.15,40.41,40.41,1335,6153,3587,True
67484,08/08/2020,18:44:44,103.9,17.4,0.1,1.84,13.19,0.15,2.11,13.2,0.0,0.0,40.41,45.18,100,0,7,0.45,18.43,74.25,0.14,40.41,40.41,1546,6153,3587,True
67499,08/08/2020,18:44:59,103.8,17.4,0.1,1.84,13.2,0.14,1.84,13.2,0.0,0.0,40.41,45.18,100,0,7,0.45,18.43,74.25,0.13,40.41,40.41,1561,6153,3587,True
67514,08/08/2020,18:45:14,103.9,17.42,0.1,1.84,13.19,0.14,1.84,13.2,0.0,0.0,40.4,45.18,100,0,7,0.45,18.43,74.25,0.15,40.41,40.4,1576,6153,3587,True
67529,08/08/2020,18:45:29,103.9,17.4,0.11,1.97,13.19,0.15,1.84,13.2,0.0,0.0,40.41,45.18,100,0,7,0.45,18.43,74.25,0.14,40.41,40.41,1591,6153,3587,True
67544,08/08/2020,18:45:44,103.8,17.39,0.09,1.84,13.2,0.14,1.98,13.2,0.0,0.0,40.4,45.17,100,0,7,0.45,18.43,74.25,0.14,40.39,40.4,1802,6153,3587,True
67559,08/08/2020,18:45:59,103.8,17.39,0.11,1.97,13.19,0.15,1.98,13.19,0.0,0.0,40.39,45.17,100,0,7,0.45,18.43,74.25,0.14,40.39,40.39,1817,6153,3587,True
67574,08/08/2020,18:46:14,103.8,17.38,0.11,1.97,13.19,0.14,1.84,13.2,0.0,0.0,40.37,45.16,100,0,7,0.45,18.43,74.25,0.15,40.37,40.36,1832,6153,3587,True
67589,08/08/2020,18:46:29,103.7,17.37,0.11,1.84,13.19,0.14,1.84,13.19,0.0,0.0,40.36,45.16,100,0,7,0.45,18.43,74.25,0.15,40.36,40.35,1847,6153,3587,True
67604,08/08/2020,18:46:44,103.6,17.38,0.11,1.84,13.19,0.15,1.98,13.19,0.0,0.0,40.34,45.16,100,0,7,0.45,18.43,74.25,0.13,40.34,40.34,2058,6153,3587,True
67619,08/08/2020,18:46:59,103.6,17.37,0.11,1.84,13.2,0.14,1.84,13.2,0.0,0.0,40.34,45.16,100,0,7,0.45,18.43,74.25,0.15,40.35,40.35,2073,6153,3587,True
67634,08/08/2020,18:47:14,103.7,17.37,0.1,1.84,13.19,0.15,1.97,13.19,0.0,0.0,40.36,45.15,100,0,7,0.45,18.43,74.25,0.15,40.37,40.36,2088,6153,3587,True
67649,08/08/2020,18:47:29,103.7,17.37,0.11,1.97,13.19,0.15,1.98,13.19,0.0,0.0,40.36,45.16,100,0,7,0.45,18.43,74.25,0.15,40.36,40.36,2103,6153,3587,True
67664,08/08/2020,18:47:44,103.7,17.35,0.11,1.97,13.19,0.15,1.84,13.2,0.0,0.0,40.35,45.15,100,0,7,0.45,18.43,74.25,0.15,40.36,40.36,2314,6153,3587,True
67679,08/08/2020,18:47:59,103.6,17.34,0.11,1.97,13.19,0.15,1.97,13.19,0.0,0.0,40.36,45.15,100,0,7,0.45,18.43,74.25,0.15,40.35,40.35,2329,6153,3587,True
67694,08/08/2020,18:48:14,103.4,17.33,0.11,1.84,13.19,0.14,1.84,13.19,0.0,0.0,40.35,45.15,100,0,7,0.45,18.43,74.25,0.14,40.35,40.35,2344,6153,3587,True
67709,08/08/2020,18:48:29,103.4,17.33,0.11,1.84,13.19,0.14,1.98,13.19,0.0,0.0,40.35,45.15,100,0,7,0.45,18.43,74.25,0.14,40.35,40.35,2359,6153,3587,True
67724,08/08/2020,18:48:44,103.4,17.33,0.11,1.97,13.2,0.15,1.84,13.19,0.0,0.0,40.35,45.14,100,0,7,0.45,18.43,74.25,0.14,40.34,40.34,2570,6153,3587,True
67739,08/08/2020,18:48:59,103.2,17.32,0.1,1.97,13.2,0.16,1.97,13.2,0.0,0.0,40.33,45.14,100,0,7,0.45,18.43,74.25,0.14,40.32,40.32,2585,6153,3587,True
67754,08/08/2020,18:49:14,103.2,17.32,0.11,1.97,13.19,0.16,1.98,13.19,0.0,0.0,40.33,45.14,100,0,7,0.45,18.43,74.25,0.14,40.34,40.33,2600,6153,3587,True
67769,08/08/2020,18:49:29,103.2,17.3,0.11,1.84,13.19,0.14,1.84,13.2,0.0,0.0,40.32,45.15,100,0,7,0.45,18.43,74.25,0.14,40.32,40.32,2615,6153,3587,True
67784,08/08/2020,18:49:44,103.2,17.3,0.1,1.97,13.19,0.15,1.84,13.19,0.0,0.0,40.33,45.14,100,0,7,0.45,18.43,74.25,0.14,40.32,40.32,2826,6153,3587,True
67799,08/08/2020,18:49:59,103.2,17.29,0.11,1.84,13.19,0.15,1.84,13.2,0.0,0.0,40.32,45.13,100,0,7,0.45,18.43,74.25,0.14,40.32,40.32,2841,6153,3587,True
67814,08/08/2020,18:50:14,103.2,17.29,0.1,1.84,13.19,0.15,1.84,13.2,0.0,0.0,40.32,45.12,100,0,7,0.45,18.43,74.25,0.14,40.32,40.31,2856,6153,3587,True
67829,08/08/2020,18:50:29,103.3,17.29,0.1,1.84,13.19,0.14,1.84,13.2,0.0,0.0,40.33,45.12,100,0,7,0.45,18.43,74.25,0.15,40.33,40.33,2871,6153,3587,True
67844,08/08/2020,18:50:44,103.3,17.29,0.1,1.97,13.2,0.14,1.97,13.19,0.0,0.0,40.32,45.13,100,0,7,0.45,18.43,74.25,0.14,40.32,40.32,3082,6153,3587,True
67859,08/08/2020,18:50:59,103.3,17.27,0.11,1.97,13.19,0.14,1.84,13.19,0.0,0.0,40.33,45.12,100,0,7,0.45,18.43,74.25,0.15,40.33,40.33,3097,6153,3587,True
67874,08/08/2020,18:51:14,103.3,17.26,0.1,1.84,13.19,0.15,1.97,13.2,0.0,0.0,40.32,45.12,100,0,7,0.45,18.43,74.25,0.15,40.33,40.33,3112,6153,3587,True
67889,08/08/2020,18:51:29,103.3,17.27,0.11,1.84,13.19,0.14,1.97,13.19,0.0,0.0,40.31,45.12,100,0,7,0.45,18.43,74.25,0.14,40.3,40.31,3127,6153,3587,True
67904,08/08/2020,18:51:44,103.3,17.26,0.11,1.97,13.19,0.14,1.97,13.2,0.0,0.0,40.3,45.12,100,0,7,0.45,18.43,74.25,0.15,40.3,40.3,3338,6153,3587,True
67919,08/08/2020,18:51:59,103.3,17.25,0.11,2.11,13.19,0.15,1.98,13.2,0.0,0.0,40.29,45.12,100,0,7,0.45,18.43,74.25,0.15,40.29,40.3,3353,6153,3587,True
67934,08/08/2020,18:52:14,103.2,17.25,0.12,1.98,13.19,0.16,2.11,13.19,0.0,0.0,40.3,45.11,100,0,7,0.45,18.43,74.25,0.16,40.3,40.3,3368,6153,3587,True
67949,08/08/2020,18:52:29,103.3,17.25,0.11,2.11,13.2,0.14,1.98,13.19,0.0,0.0,40.29,45.11,100,0,7,0.45,18.43,74.25,0.15,40.3,40.3,3383,6153,3587,True
67964,08/08/2020,18:52:44,103.2,17.25,0.11,1.97,13.2,0.14,1.97,13.19,0.0,0.0,40.27,45.1,100,0,7,0.45,18.43,74.25,0.15,40.27,40.26,3594,6153,3587,True
67979,08/08/2020,18:52:59,103.2,17.23,0.11,1.84,13.2,0.15,1.98,13.19,0.0,0.0,40.25,45.11,100,0,7,0.45,18.43,74.25,0.15,40.25,40.25,3609,6153,3587,True
67994,08/08/2020,18:53:14,103.0,17.22,0.1,1.84,13.19,0.15,1.84,13.19,0.0,0.0,40.25,45.11,100,0,7,0.45,18.43,74.25,0.15,40.25,40.25,3624,6153,3587,True
68009,08/08/2020,18:53:29,102.8,17.21,0.1,1.98,13.19,0.14,1.97,13.19,0.0,0.0,40.24,45.09,100,0,7,0.45,18.43,74.25,0.14,40.24,40.23,3639,6153,3587,True
68024,08/08/2020,18:53:44,102.3,17.21,0.11,1.98,13.19,0.14,1.97,13.19,0.0,0.0,40.23,45.1,100,0,7,0.45,18.43,74.25,0.15,40.23,40.23,3850,6153,3587,True
68039,08/08/2020,18:53:59,102.0,17.18,0.09,1.84,13.2,0.15,1.84,13.19,0.0,0.0,40.24,45.1,100,0,7,0.45,18.43,74.25,0.14,40.23,40.24,3865,6153,3587,True
68054,08/08/2020,18:54:14,101.8,17.19,0.1,1.97,13.19,0.14,1.84,13.19,0.0,0.0,40.22,45.1,100,0,7,0.45,18.43,74.25,0.14,40.23,40.23,3880,6153,3587,True
68069,08/08/2020,18:54:29,101.8,17.18,0.11,1.98,13.19,0.14,1.97,13.19,0.0,0.0,40.22,45.09,100,0,7,0.45,18.43,74.25,0.15,40.22,40.22,3895,6153,3587,True
68084,08/08/2020,18:54:44,101.8,17.17,0.1,1.97,13.19,0.14,1.84,13.19,0.0,0.0,40.23,45.09,100,0,7,0.45,18.43,74.25,0.14,40.22,40.22,4106,6153,3587,True
68099,08/08/2020,18:54:59,101.8,17.15,0.11,1.97,13.19,0.15,1.97,13.19,0.0,0.0,40.22,45.09,100,0,7,0.45,18.43,74.25,0.15,40.21,40.21,4121,6153,3587,True
68114,08/08/2020,18:55:14,101.8,17.17,0.11,1.97,13.19,0.14,1.84,13.2,0.0,0.0,40.21,45.08,100,0,7,0.45,18.43,74.25,0.15,40.21,40.21,4136,6153,3587,True
68129,08/08/2020,18:55:29,101.8,17.14,0.11,1.97,13.19,0.14,1.84,13.2,0.0,0.0,40.21,45.08,100,0,7,0.45,18.43,74.25,0.15,40.22,40.22,4151,6153,3587,True
68144,08/08/2020,18:55:44,101.8,17.13,0.1,1.84,13.19,0.14,1.84,13.19,0.0,0.0,40.22,45.08,100,0,7,0.45,18.43,74.25,0.14,40.21,40.21,4362,6153,3587,True
68159,08/08/2020,18:55:59,101.8,17.13,0.11,1.84,13.19,0.16,1.98,13.19,0.0,0.0,40.22,45.07,100,0,7,0.45,18.43,74.25,0.15,40.22,40.22,4377,6153,3587,True
68174,08/08/2020,18:56:14,101.8,17.09,0.11,1.97,13.19,0.16,1.97,13.19,0.0,0.0,40.22,45.07,100,0,7,0.45,18.43,74.25,0.15,40.21,40.22,4392,6153,3587,True
68189,08/08/2020,18:56:29,101.8,17.07,0.1,1.84,13.19,0.15,1.84,13.19,0.0,0.0,40.22,45.07,100,0,7,0.45,18.43,74.25,0.14,40.21,40.22,4407,6153,3587,True
68204,08/08/2020,18:56:44,101.8,17.05,0.11,1.97,13.19,0.15,2.11,13.19,0.0,0.0,40.23,45.07,100,0,7,0.45,18.43,74.25,0.14,40.23,40.22,4618,6153,3587,True
68219,08/08/2020,18:56:59,101.8,17.02,0.1,1.84,13.2,0.14,1.84,13.19,0.0,0.0,40.2,45.07,100,0,7,0.45,18.43,74.25,0.15,40.19,40.19,4633,6153,3587,True
68234,08/08/2020,18:57:14,101.8,17.0,0.11,1.97,13.19,0.15,1.84,13.19,0.0,0.0,40.18,45.06,100,0,7,0.45,18.43,74.25,0.15,40.19,40.19,4648,6153,3587,True
68249,08/08/2020,18:57:29,101.8,16.98,0.11,1.98,13.2,0.15,1.97,13.19,0.0,0.0,40.17,45.06,100,0,7,0.45,18.43,74.25,0.15,40.17,40.18,4663,6153,3587,True
68264,08/08/2020,18:57:44,101.8,16.96,0.1,1.97,13.19,0.15,1.84,13.19,0.0,0.0,40.18,45.06,100,0,7,0.45,18.43,74.25,0.14,40.18,40.18,4874,6153,3587,True
68279,08/08/2020,18:57:59,101.8,16.94,0.11,1.84,13.19,0.15,1.97,13.19,0.0,0.0,40.16,45.05,100,0,7,0.45,18.43,74.25,0.16,40.16,40.16,4889,6153,3587,True
68294,08/08/2020,18:58:14,101.8,16.93,0.11,1.97,13.19,0.14,1.84,13.19,0.0,0.0,40.14,45.05,100,0,7,0.45,18.43,74.25,0.15,40.14,40.15,4904,6153,3587,True
68309,08/08/2020,18:58:29,101.8,16.92,0.11,1.84,13.19,0.14,2.11,13.19,0.0,0.0,40.14,45.05,100,0,7,0.45,18.43,74.25,0.14,40.14,40.14,4919,6153,3587,True
68324,08/08/2020,18:58:44,101.8,16.91,0.1,1.84,13.2,0.15,1.84,13.19,0.0,0.0,40.12,45.05,100,0,7,0.45,18.43,74.25,0.14,40.12,40.12,5130,6153,3587,True
68339,08/08/2020,18:58:59,101.8,16.9,0.11,1.84,13.19,0.15,1.98,13.19,0.0,0.0,40.12,45.04,100,0,7,0.45,18.43,74.25,0.16,40.12,40.12,5145,6153,3587,True
68354,08/08/2020,18:59:14,101.8,16.9,0.1,1.97,13.2,0.14,1.97,13.19,0.0,0.0,40.12,45.04,100,0,7,0.45,18.43,74.25,0.14,40.11,40.12,5160,6153,3587,True
68369,08/08/2020,18:59:29,101.8,16.9,0.1,1.84,13.19,0.14,1.97,13.19,0.0,0.0,40.11,45.04,100,0,7,0.45,18.43,74.25,0.16,40.11,40.11,5175,6153,3587,True
68384,08/08/2020,18:59:44,101.8,16.89,0.11,1.97,13.2,0.15,1.84,13.19,0.0,0.0,40.12,45.04,100,0,7,0.45,18.43,74.25,0.14,40.11,40.12,5386,6153,3587,True
68399,08/08/2020,18:59:59,101.8,16.87,0.11,1.97,13.19,0.14,1.84,13.2,0.0,0.0,40.11,45.04,100,0,7,0.45,18.43,74.25,0.14,40.12,40.11,5401,6153,3587,True
68414,08/08/2020,19:00:14,101.8,16.86,0.1,1.97,13.19,0.15,1.97,13.19,0.0,0.0,40.08,45.03,100,0,7,0.45,18.43,74.25,0.15,40.09,40.09,5416,6153,3587,True
68429,08/08/2020,19:00:29,101.8,16.86,0.1,1.97,13.19,0.14,1.84,13.19,0.0,0.0,40.09,45.03,100,0,7,0.45,18.43,74.25,0.14,40.09,40.09,5431,6153,3587,True
68444,08/08/2020,19:00:44,101.8,16.85,0.1,1.84,13.19,0.15,1.97,13.19,0.0,0.0,40.08,45.03,100,0,7,0.45,18.43,74.25,0.15,40.09,40.09,5642,6153,3587,True
68459,08/08/2020,19:00:59,101.8,16.83,0.1,1.84,13.19,0.15,1.84,13.19,0.0,0.0,40.08,45.02,100,0,7,0.45,18.43,74.25,0.13,40.07,40.08,5657,6153,3587,True
68474,08/08/2020,19:01:14,101.8,16.82,0.11,1.84,13.19,0.13,1.71,13.19,0.0,0.0,40.08,45.03,100,0,7,0.45,18.43,74.25,0.14,40.08,40.07,5672,6153,3587,True
68489,08/08/2020,19:01:29,101.8,16.81,0.11,1.97,13.19,0.14,1.84,13.19,0.0,0.0,40.06,45.03,100,0,7,0.45,18.43,74.25,0.15,40.07,40.07,5687,6153,3587,True
68504,08/08/2020,19:01:44,101.8,16.8,0.1,1.84,13.19,0.14,1.98,13.2,0.0,0.0,40.05,45.02,100,0,7,0.45,18.43,74.25,0.14,40.05,40.05,5898,6153,3587,True
68519,08/08/2020,19:01:59,101.8,16.8,0.11,1.84,13.19,0.15,1.98,13.19,0.0,0.0,40.04,45.02,100,0,7,0.45,18.43,74.25,0.15,40.03,40.03,5913,6153,3587,True
68534,08/08/2020,19:02:14,101.8,16.78,0.11,1.84,13.2,0.14,1.84,13.19,0.0,0.0,40.04,45.02,100,0,7,0.45,18.43,74.25,0.14,40.04,40.04,5928,6153,3587,True
68549,08/08/2020,19:02:29,101.8,16.78,0.11,1.84,13.2,0.15,1.84,13.19,0.0,0.0,40.04,45.01,100,0,7,0.45,18.43,74.25,0.14,40.04,40.04,5943,6153,3587,True
68564,08/08/2020,19:02:44,101.8,16.76,0.11,1.84,13.19,0.15,1.98,13.19,0.0,0.0,40.02,45.01,100,0,7,0.45,18.43,74.25,0.16,40.03,40.03,6154,6153,3587,True
68579,08/08/2020,19:02:59,101.8,16.76,0.11,2.11,13.19,0.14,1.97,13.19,0.0,0.0,40.02,45.0,100,0,7,0.45,18.43,74.25,0.15,40.02,40.02,6169,6153,3587,True
68594,08/08/2020,19:03:14,101.8,16.74,0.11,1.71,13.19,0.15,1.98,13.2,0.0,0.0,40.02,45.01,100,0,7,0.45,18.43,74.25,0.15,40.03,40.02,6184,6153,3587,True
68609,08/08/2020,19:03:29,101.8,16.74,0.11,1.98,13.19,0.15,1.97,13.19,0.0,0.0,40.01,45.0,100,0,7,0.45,18.43,74.25,0.15,40.02,40.02,6199,6153,3587,True
68624,08/08/2020,19:03:44,101.8,16.73,0.11,1.84,13.19,0.15,1.84,13.19,0.0,0.0,40.01,45.0,100,0,7,0.45,18.43,74.25,0.15,40.02,40.01,6410,6153,3587,True
68639,08/08/2020,19:03:59,101.8,16.72,0.12,1.97,13.19,0.14,1.84,13.19,0.0,0.0,40.0,45.0,100,0,7,0.45,18.43,74.25,0.14,40.01,40.0,6425,6153,3587,True
68654,08/08/2020,19:04:14,101.8,16.71,0.1,1.84,13.2,0.14,1.84,13.19,0.0,0.0,40.0,45.0,100,0,7,0.45,18.43,74.25,0.15,40.0,40.0,6440,6153,3587,True
68669,08/08/2020,19:04:29,101.8,16.7,0.11,1.84,13.2,0.14,1.97,13.19,0.0,0.0,40.0,44.99,100,0,7,0.45,18.43,74.25,0.14,40.0,40.0,6455,6153,3587,True
68684,08/08/2020,19:04:44,101.8,16.7,0.11,1.71,13.19,0.14,1.84,13.19,0.0,0.0,40.0,44.99,100,0,7,0.45,18.43,74.25,0.15,40.0,40.0,6666,6153,3587,True
68699,08/08/2020,19:04:59,101.8,16.67,0.1,1.84,13.2,0.15,1.84,13.2,0.0,0.0,39.99,44.99,100,0,7,0.45,18.43,74.25,0.15,39.99,39.99,6681,6153,3587,True
68714,08/08/2020,19:05:14,101.8,16.67,0.11,1.97,13.19,0.14,1.84,13.19,0.0,0.0,39.98,44.99,100,0,7,0.45,18.43,74.25,0.14,39.99,39.98,6696,6153,3587,True
68729,08/08/2020,19:05:29,101.8,16.65,0.11,1.97,13.19,0.15,1.97,13.19,0.0,0.0,39.98,44.98,100,0,7,0.45,18.43,74.25,0.15,39.99,39.99,6711,6153,3587,True
68744,08/08/2020,19:05:44,101.8,16.63,0.11,1.98,13.19,0.15,1.98,13.2,0.0,0.0,39.97,44.97,100,0,7,0.45,18.43,74.25,0.14,39.97,39.98,6922,6153,3587,True
68759,08/08/2020,19:05:59,101.8,16.63,0.1,1.84,13.19,0.14,1.84,13.19,0.0,0.0,39.97,44.97,100,0,7,0.45,18.43,74.25,0.16,39.97,39.97,6937,6153,3587,True
68774,08/08/2020,19:06:14,101.8,16.62,0.11,1.71,13.19,0.14,1.84,13.19,0.0,0.0,39.96,44.97,100,0,7,0.45,18.43,74.25,0.14,39.97,39.97,6952,6153,3587,True
68789,08/08/2020,19:06:29,101.8,16.59,0.1,1.97,13.2,0.15,1.97,13.19,0.0,0.0,39.95,44.96,100,0,7,0.45,18.43,74.25,0.15,39.95,39.95,6967,6153,3587,True
68804,08/08/2020,19:06:44,101.8,16.59,0.11,1.97,13.19,0.15,1.71,13.19,0.0,0.0,39.94,44.96,100,0,7,0.45,18.43,74.25,0.14,39.94,39.94,7178,6153,3587,True
68819,08/08/2020,19:06:59,101.8,16.58,0.1,1.71,13.2,0.15,1.97,13.19,0.0,0.0,39.93,44.96,100,0,7,0.45,18.43,74.25,0.15,39.93,39.92,7193,6153,3587,True
68834,08/08/2020,19:07:14,101.8,16.57,0.11,1.97,13.19,0.14,1.98,13.19,0.0,0.0,39.92,44.96,100,0,7,0.45,18.43,74.25,0.14,39.93,39.92,7208,6153,3587,True
68849,08/08/2020,19:07:29,101.8,16.55,0.11,1.84,13.19,0.14,1.84,13.19,0.0,0.0,39.93,44.96,100,0,7,0.45,18.43,74.25,0.14,39.93,39.93,7223,6153,3587,True
68864,08/08/2020,19:07:44,101.8,16.54,0.1,1.71,13.19,0.14,1.97,13.19,0.0,0.0,39.93,44.96,100,0,7,0.45,18.43,74.25,0.15,39.92,39.93,7434,6153,3587,True
68879,08/08/2020,19:07:59,101.8,16.51,0.11,1.84,13.19,0.15,1.84,13.19,0.0,0.0,39.92,44.95,100,0,7,0.45,18.43,74.25,0.14,39.91,39.92,7449,6153,3587,True
68894,08/08/2020,19:08:14,101.8,16.5,0.11,2.11,13.2,0.14,2.11,13.19,0.0,0.0,39.9,44.95,100,0,7,0.45,18.43,74.25,0.15,39.9,39.9,7464,6153,3587,True
68909,08/08/2020,19:08:29,101.8,16.48,0.11,1.71,13.19,0.14,1.97,13.19,0.0,0.0,39.88,44.95,100,0,7,0.45,18.43,74.25,0.14,39.88,39.88,7479,6153,3587,True
68924,08/08/2020,19:08:44,101.8,16.47,0.12,1.97,13.19,0.15,1.97,13.2,0.0,0.0,39.87,44.95,100,0,7,0.45,18.43,74.25,0.14,39.87,39.87,7690,6153,3587,True
68939,08/08/2020,19:08:59,101.8,16.44,0.12,1.84,13.19,0.13,1.97,13.19,0.0,0.0,39.86,44.95,100,0,7,0.45,18.43,74.25,0.15,39.87,39.86,7705,6153,3587,True
68954,08/08/2020,19:09:14,101.8,16.43,0.12,1.84,13.19,0.14,1.84,13.2,0.0,0.0,39.85,44.94,100,0,7,0.45,18.43,74.25,0.15,39.85,39.85,7720,6153,3587,True
68969,08/08/2020,19:09:29,101.8,16.4,0.11,1.97,13.19,0.14,1.98,13.2,0.0,0.0,39.84,44.94,100,0,7,0.45,18.43,74.25,0.15,39.86,39.85,7735,6153,3587,True
68984,08/08/2020,19:09:44,101.8,16.4,0.1,2.11,13.2,0.15,1.71,13.19,0.0,0.0,39.82,44.93,100,0,7,0.45,18.43,74.25,0.16,39.82,39.83,7946,6153,3587,True
68999,08/08/2020,19:09:59,101.8,16.39,0.12,1.98,13.19,0.16,2.11,13.19,0.0,0.0,39.82,44.93,100,0,7,0.45,18.43,74.25,0.13,39.82,39.82,7961,6153,3587,True
69014,08/08/2020,19:10:14,101.8,16.36,0.12,1.84,13.19,0.15,1.84,13.19,0.0,0.0,39.8,44.93,100,0,7,0.45,18.43,74.25,0.16,39.8,39.8,7976,6153,3587,True
69029,08/08/2020,19:10:29,101.8,16.36,0.11,1.84,13.19,0.14,2.11,13.2,0.0,0.0,39.79,44.93,100,0,7,0.45,18.43,74.25,0.15,39.79,39.79,7991,6153,3587,True
69044,08/08/2020,19:10:44,101.8,16.32,0.12,1.84,13.19,0.14,1.84,13.19,0.0,0.0,39.79,44.93,100,0,7,0.45,18.43,74.25,0.15,39.79,39.79,8202,6153,3587,True
69059,08/08/2020,19:10:59,101.8,16.32,0.12,1.84,13.19,0.13,1.71,13.2,0.0,0.0,39.8,44.92,100,0,7,0.45,18.43,74.25,0.14,39.8,39.8,8217,6153,3587,True
69074,08/08/2020,19:11:14,101.8,16.29,0.1,1.84,13.19,0.14,1.84,13.19,0.0,0.0,39.8,44.92,100,0,7,0.45,18.43,74.25,0.15,39.78,39.8,8232,6153,3587,True
69089,08/08/2020,19:11:29,101.8,16.28,0.11,1.98,13.19,0.14,1.84,13.19,0.0,0.0,39.81,44.92,100,0,7,0.45,18.43,74.25,0.14,39.8,39.8,8247,6153,3587,True
69104,08/08/2020,19:11:44,101.8,16.26,0.12,1.71,13.2,0.15,2.24,13.19,0.0,0.0,39.78,44.91,100,0,7,0.45,18.43,74.25,0.14,39.77,39.78,8458,6153,3587,True
69119,08/08/2020,19:11:59,101.8,16.24,0.11,1.71,13.19,0.15,1.97,13.2,0.0,0.0,39.79,44.91,100,0,7,0.45,18.43,74.25,0.15,39.79,39.79,8473,6153,3587,True
69134,08/08/2020,19:12:14,101.8,16.22,0.12,1.84,13.19,0.13,1.84,13.19,0.0,0.0,39.79,44.9,100,0,7,0.45,18.43,74.25,0.13,39.78,39.78,8488,6153,3587,True
69149,08/08/2020,19:12:29,101.8,16.2,0.13,1.84,13.19,0.15,1.71,13.19,0.0,0.0,39.79,44.91,100,0,7,0.45,18.43,74.25,0.15,39.78,39.79,8503,6153,3587,True
69164,08/08/2020,19:12:44,101.8,16.17,0.12,1.98,13.2,0.14,1.97,13.2,0.0,0.0,39.77,44.91,100,0,7,0.45,18.43,74.25,0.15,39.77,39.77,8714,6153,3587,True
69179,08/08/2020,19:12:59,101.8,16.16,0.11,2.24,13.19,0.14,1.97,13.19,0.0,0.0,39.76,44.9,100,0,7,0.45,18.43,74.25,0.14,39.76,39.76,8729,6153,3587,True
69194,08/08/2020,19:13:14,101.8,16.13,0.11,1.84,13.19,0.16,1.84,13.19,0.0,0.0,39.77,44.9,100,0,7,0.45,18.43,74.25,0.14,39.76,39.76,8744,6153,3587,True
69209,08/08/2020,19:13:29,101.8,16.12,0.11,1.71,13.19,0.15,1.84,13.19,0.0,0.0,39.74,44.89,100,0,7,0.45,18.43,74.25,0.12,39.74,39.74,8759,6153,3587,True
69224,08/08/2020,19:13:44,101.8,16.09,0.11,1.97,13.2,0.15,1.97,13.2,0.0,0.0,39.72,44.89,100,0,7,0.45,18.43,74.25,0.16,39.73,39.72,8970,6153,3587,True
69239,08/08/2020,19:13:59,101.8,16.08,0.1,1.84,13.19,0.13,1.84,13.19,0.0,0.0,39.72,44.89,100,0,7,0.45,18.43,74.25,0.13,39.73,39.71,8985,6153,3587,True
69254,08/08/2020,19:14:14,101.8,16.05,0.12,1.97,13.19,0.15,1.84,13.2,0.0,0.0,39.71,44.88,100,0,7,0.45,18.43,74.25,0.14,39.71,39.72,9000,6153,3587,True
69269,08/08/2020,19:14:29,101.8,16.03,0.12,1.84,13.19,0.15,2.11,13.19,0.0,0.0,39.73,44.88,100,0,7,0.45,18.43,74.25,0.16,39.73,39.73,9015,6153,3587,True
69284,08/08/2020,19:14:44,101.8,16.01,0.13,2.11,13.19,0.14,2.11,13.19,0.0,0.0,39.73,44.88,100,0,7,0.45,18.43,74.25,0.14,39.73,39.74,9226,6153,3587,True
69299,08/08/2020,19:14:59,101.8,15.98,0.14,1.98,13.19,0.14,1.84,13.19,0.0,0.0,39.73,44.87,100,0,7,0.45,18.43,74.25,0.16,39.74,39.73,9241,6153,3587,True
69314,08/08/2020,19:15:14,101.8,15.97,0.12,1.84,13.19,0.15,1.98,13.19,0.0,0.0,39.73,44.87,100,0,7,0.45,18.43,74.25,0.13,39.74,39.74,9256,6153,3587,True
