28787,10/12/2020,07:59:47,71.0,17.49,2.97,51.5,13.31,3.89,52.04,13.31,0.0,0.0,22.76,22.19,60,0,11,0.0,22.94,105.97,3.9,22.76,22.76,303,4611,3588,True
28802,10/12/2020,08:00:02,71.0,17.33,3.02,52.44,13.31,3.91,52.04,13.31,0.0,0.0,22.77,22.31,61,0,11,0.0,22.94,105.97,3.91,22.77,22.77,514,4611,3588,True
28817,10/12/2020,08:00:17,71.0,17.38,3.0,52.3,13.31,3.91,52.17,13.31,0.0,0.0,22.79,22.43,62,0,11,0.0,22.94,105.97,3.92,22.8,22.79,529,4611,3588,True
28832,10/12/2020,08:00:32,71.0,17.37,3.02,52.61,13.31,3.95,52.61,13.31,0.0,0.0,22.84,22.53,62,0,11,0.0,22.94,105.97,3.95,22.84,22.84,544,4611,3588,True
28847,10/12/2020,08:00:47,71.0,17.48,3.01,52.57,13.32,3.96,52.7,13.31,0.0,0.0,22.87,22.65,63,0,11,0.0,22.94,105.97,3.96,22.86,22.86,559,4611,3588,True
28862,10/12/2020,08:01:02,71.0,17.41,3.03,53.01,13.32,3.98,52.97,13.32,0.0,0.0,22.86,22.74,64,0,11,0.0,22.94,105.97,3.97,22.87,22.87,770,4611,3588,True
28877,10/12/2020,08:01:17,71.0,17.41,3.05,53.14,13.32,3.99,53.14,13.32,0.0,0.0,22.88,22.83,64,0,11,0.0,22.94,105.97,4.0,22.87,22.88,785,4611,3588,True
28892,10/12/2020,08:01:32,71.0,17.38,3.06,53.41,13.32,4.0,53.41,13.32,0.0,0.0,22.91,22.91,64,0,11,0.0,22.94,105.97,4.01,22.91,22.91,800,4611,3588,True
28907,10/12/2020,08:01:47,71.0,17.37,3.08,53.67,13.32,4.03,53.54,13.32,0.0,0.0,22.92,22.97,64,0,11,0.0,22.94,105.97,4.03,22.91,22.91,815,4611,3588,True
28922,10/12/2020,08:02:02,71.0,17.44,3.09,53.81,13.32,4.05,53.94,13.32,0.0,0.0,22.92,23.04,64,0,11,0.0,22.94,105.97,4.05,22.92,22.93,1026,4611,3588,True
28937,10/12/2020,08:02:17,71.0,17.44,3.1,54.07,13.32,4.06,54.07,13.32,0.0,0.0,22.92,23.1,64,0,11,0.0,22.94,105.97,4.07,22.93,22.93,1041,4611,3588,True
28952,10/12/2020,08:02:32,71.6,17.35,3.12,54.21,13.32,4.08,54.21,13.33,0.0,0.0,22.95,23.15,64,0,11,0.0,22.94,105.97,4.08,22.95,22.95,1056,4611,3588,True
28967,10/12/2020,08:02:47,71.9,17.34,3.12,54.74,13.32,4.09,54.25,13.32,0.0,0.0,22.97,23.21,64,0,11,0.0,22.94,105.97,4.1,22.97,22.98,1071,4611,3588,True
28982,10/12/2020,08:03:02,72.2,17.36,3.13,54.74,13.32,4.09,54.74,13.32,0.0,0.0,22.98,23.26,64,0,11,0.0,22.94,105.97,4.11,22.99,22.99,1282,4611,3588,True
28997,10/12/2020,08:03:17,72.3,17.33,3.14,54.74,13.32,4.12,54.87,13.32,0.0,0.0,23.03,23.31,65,0,11,0.0,22.94,105.97,4.14,23.03,23.01,1297,4611,3588,True
29012,10/12/2020,08:03:32,72.5,17.35,3.16,55.01,13.32,4.14,55.27,13.32,0.0,0.0,23.07,23.34,64,0,11,0.0,22.94,105.97,4.13,23.05,23.05,1312,4611,3588,True
29027,10/12/2020,08:03:47,72.5,17.29,3.2,55.18,13.33,4.14,55.41,13.32,0.0,0.0,23.06,23.37,64,0,11,0.0,22.94,105.97,4.14,23.06,23.06,1327,4611,3588,True
29042,10/12/2020,08:04:02,72.6,17.25,3.2,55.41,13.32,4.17,55.27,13.32,0.0,0.0,23.08,23.42,65,0,11,0.0,22.94,105.97,4.15,23.08,23.08,1538,4611,3588,True
29057,10/12/2020,08:04:17,72.7,17.24,3.23,55.27,13.32,4.18,55.67,13.32,0.0,0.0,23.08,23.44,64,0,11,0.0,22.94,105.97,4.16,23.07,23.08,1553,4611,3588,True
29072,10/12/2020,08:04:32,72.7,17.24,3.23,55.81,13.32,4.18,56.07,13.32,0.0,0.0,23.12,23.48,65,0,11,0.0,22.94,105.97,4.19,23.13,23.13,1568,4611,3588,True
29087,10/12/2020,08:04:47,72.9,17.31,3.25,56.07,13.33,4.2,56.21,13.33,0.0,0.0,23.15,23.51,64,0,11,0.0,22.94,105.97,4.21,23.14,23.14,1583,4611,3588,True
29102,10/12/2020,08:05:02,72.9,17.26,3.25,56.38,13.33,4.25,56.25,13.32,0.0,0.0,23.2,23.54,65,0,11,0.0,22.94,105.97,4.22,23.2,23.19,1794,4611,3588,True
29117,10/12/2020,08:05:17,72.9,17.34,3.25,56.11,13.33,4.25,56.21,13.33,0.0,0.0,23.24,23.58,65,0,11,0.0,22.94,105.97,4.24,23.22,23.22,1809,4611,3588,True
29132,10/12/2020,08:05:32,73.1,17.31,3.25,56.87,13.32,4.27,56.34,13.32,0.0,0.0,23.26,23.61,65,0,11,0.0,22.94,105.97,4.26,23.26,23.26,1824,4611,3588,True
29147,10/12/2020,08:05:47,73.2,17.35,3.27,56.91,13.32,4.26,56.78,13.33,0.0,0.0,23.27,23.63,65,0,11,0.0,22.94,105.97,4.25,23.27,23.27,1839,4611,3588,True
29162,10/12/2020,08:06:02,73.3,17.42,3.29,57.27,13.32,4.28,56.91,13.33,0.0,0.0,23.29,23.66,64,0,11,0.0,22.94,105.97,4.3,23.29,23.29,2050,4611,3588,True
29177,10/12/2020,08:06:17,73.3,17.39,3.29,57.27,13.33,4.32,57.58,13.33,0.0,0.0,23.28,23.68,65,0,11,0.0,22.94,105.97,4.31,23.29,23.28,2065,4611,3588,True
29192,10/12/2020,08:06:32,73.4,17.38,3.31,57.58,13.33,4.31,57.45,13.33,0.0,0.0,23.31,23.69,65,0,11,0.0,22.94,105.97,4.33,23.3,23.31,2080,4611,3588,True
29207,10/12/2020,08:06:47,73.4,17.3,3.34,57.71,13.33,4.32,57.71,13.33,0.0,0.0,23.33,23.72,65,0,11,0.0,22.94,105.97,4.31,23.33,23.34,2095,4611,3588,True
29222,10/12/2020,08:07:02,73.5,17.31,3.34,57.98,13.33,4.35,57.85,13.33,0.0,0.0,23.38,23.75,65,0,11,0.0,22.94,105.97,4.35,23.37,23.38,2306,4611,3588,True
29237,10/12/2020,08:07:17,73.5,17.37,3.33,58.11,13.33,4.35,58.38,13.33,0.0,0.0,23.38,23.77,65,0,11,0.0,22.94,105.97,4.36,23.38,23.38,2321,4611,3588,True
29252,10/12/2020,08:07:32,73.6,17.37,3.35,58.51,13.33,4.39,58.38,13.33,0.0,0.0,23.39,23.78,65,0,11,0.0,22.94,105.97,4.37,23.39,23.39,2336,4611,3588,True
29267,10/12/2020,08:07:47,73.6,17.47,3.34,58.51,13.33,4.38,58.51,13.33,0.0,0.0,23.39,23.82,65,0,11,0.0,22.94,105.97,4.37,23.38,23.38,2351,4611,3588,True
29282,10/12/2020,08:08:02,73.7,17.45,3.37,58.65,13.33,4.41,58.65,13.33,0.0,0.0,23.4,23.84,65,0,11,0.0,22.94,105.97,4.42,23.39,23.39,2562,4611,3588,True
29297,10/12/2020,08:08:17,73.8,17.47,3.37,58.91,13.33,4.41,58.91,13.33,0.0,0.0,23.41,23.86,65,0,11,0.0,22.94,105.97,4.42,23.41,23.4,2577,4611,3588,True
29312,10/12/2020,08:08:32,73.8,17.52,3.37,59.05,13.33,4.44,59.18,13.33,0.0,0.0,23.42,23.88,65,0,11,0.0,22.94,105.97,4.42,23.42,23.43,2592,4611,3588,True
29327,10/12/2020,08:08:47,73.8,17.54,3.37,59.18,13.33,4.44,59.31,13.33,0.0,0.0,23.43,23.89,65,0,11,0.0,22.94,105.97,4.45,23.44,23.44,2607,4611,3588,True
29342,10/12/2020,08:09:02,73.8,17.59,3.37,59.45,13.33,4.45,59.45,13.33,0.0,0.0,23.46,23.92,65,0,11,0.0,22.94,105.97,4.47,23.47,23.47,2818,4611,3588,True
29357,10/12/2020,08:09:17,74.0,17.6,3.37,59.71,13.33,4.48,59.58,13.33,0.0,0.0,23.49,23.94,65,0,11,0.0,22.94,105.97,4.46,23.49,23.49,2833,4611,3588,True
29372,10/12/2020,08:09:32,74.0,17.59,3.4,59.76,13.33,4.48,59.71,13.33,0.0,0.0,23.49,23.96,65,0,11,0.0,22.94,105.97,4.48,23.48,23.5,2848,4611,3588,True
29387,10/12/2020,08:09:47,74.1,17.58,3.41,59.98,13.33,4.5,60.11,13.33,0.0,0.0,23.51,23.98,66,0,11,0.0,22.94,105.97,4.5,23.51,23.52,2863,4611,3588,True
29402,10/12/2020,08:10:02,74.1,17.57,3.43,60.38,13.33,4.53,60.38,13.33,0.0,0.0,23.52,23.99,65,0,11,0.0,22.94,105.97,4.52,23.51,23.52,3074,4611,3588,True
29417,10/12/2020,08:10:17,74.2,17.57,3.43,60.43,13.33,4.52,60.69,13.33,0.0,0.0,23.54,24.02,65,0,11,0.0,22.94,105.97,4.52,23.54,23.54,3089,4611,3588,True
29432,10/12/2020,08:10:32,74.3,17.45,3.47,60.51,13.34,4.54,60.69,13.33,0.0,0.0,23.56,24.04,65,0,11,0.01,22.95,105.98,4.55,23.56,23.58,3104,4611,3588,True
29447,10/12/2020,08:10:47,74.3,17.39,3.49,60.78,13.33,4.56,61.09,13.34,0.0,0.0,23.6,24.07,66,0,11,0.01,22.95,105.98,4.55,23.6,23.61,3119,4611,3588,True
29462,10/12/2020,08:11:02,74.3,17.37,3.52,60.96,13.34,4.59,61.23,13.34,0.0,0.0,23.62,24.08,66,0,11,0.01,22.95,105.98,4.58,23.61,23.6,3330,4611,3588,True
29477,10/12/2020,08:11:17,74.3,17.5,3.48,61.18,13.34,4.58,61.36,13.34,0.0,0.0,23.61,24.1,66,0,11,0.01,22.95,105.98,4.58,23.62,23.62,3345,4611,3588,True
29492,10/12/2020,08:11:32,74.3,17.56,3.5,61.45,13.34,4.6,61.09,13.34,0.0,0.0,23.66,24.12,66,0,11,0.01,22.95,105.98,4.58,23.66,23.66,3360,4611,3588,True
29507,10/12/2020,08:11:47,74.3,17.56,3.5,61.45,13.34,4.61,61.31,13.33,0.0,0.0,23.66,24.13,66,0,11,0.01,22.95,105.98,4.61,23.66,23.67,3375,4611,3588,True
29522,10/12/2020,08:12:02,74.3,17.55,3.51,61.45,13.34,4.61,61.89,13.34,0.0,0.0,23.67,24.16,66,0,11,0.01,22.95,105.98,4.63,23.67,23.67,3586,4611,3588,True
29537,10/12/2020,08:12:17,74.3,17.55,3.51,61.89,13.34,4.66,61.76,13.33,0.0,0.0,23.71,24.17,66,0,11,0.01,22.95,105.98,4.63,23.71,23.71,3601,4611,3588,True
29552,10/12/2020,08:12:32,74.4,17.61,3.51,61.76,13.34,4.64,62.07,13.34,0.0,0.0,23.75,24.19,66,0,11,0.01,22.95,105.98,4.63,23.75,23.75,3616,4611,3588,True
29567,10/12/2020,08:12:47,74.5,17.65,3.52,61.89,13.33,4.66,62.16,13.34,0.0,0.0,23.76,24.22,66,0,11,0.01,22.95,105.98,4.66,23.75,23.76,3631,4611,3588,True
29582,10/12/2020,08:13:02,74.5,17.58,3.54,62.29,13.34,4.65,62.29,13.34,0.0,0.0,23.76,24.23,66,0,11,0.01,22.95,105.98,4.67,23.76,23.75,3842,4611,3588,True
29597,10/12/2020,08:13:17,74.6,17.59,3.54,62.43,13.34,4.69,62.43,13.34,0.0,0.0,23.77,24.25,66,0,11,0.01,22.95,105.98,4.67,23.77,23.77,3857,4611,3588,True
29612,10/12/2020,08:13:32,74.6,17.61,3.57,62.96,13.34,4.71,62.56,13.34,0.0,0.0,23.78,24.26,66,0,11,0.01,22.95,105.98,4.71,23.78,23.79,3872,4611,3588,True
29627,10/12/2020,08:13:47,74.6,17.63,3.56,62.74,13.34,4.7,62.83,13.34,0.0,0.0,23.83,24.28,66,0,11,0.01,22.95,105.98,4.72,23.82,23.81,3887,4611,3588,True
29642,10/12/2020,08:14:02,74.8,17.62,3.58,63.23,13.34,4.73,63.09,13.34,0.0,0.0,23.83,24.31,66,0,11,0.01,22.95,105.98,4.73,23.85,23.83,4098,4611,3588,True
29657,10/12/2020,08:14:17,74.8,17.68,3.57,63.36,13.34,4.75,63.36,13.34,0.0,0.0,23.86,24.32,66,0,11,0.01,22.95,105.98,4.72,23.86,23.86,4113,4611,3588,True
29672,10/12/2020,08:14:32,74.8,17.68,3.58,63.36,13.34,4.75,63.23,13.34,0.0,0.0,23.86,24.35,66,0,11,0.01,22.95,105.98,4.75,23.85,23.86,4128,4611,3588,True
29687,10/12/2020,08:14:47,74.9,17.71,3.58,63.76,13.35,4.76,63.49,13.34,0.0,0.0,23.89,24.36,66,0,11,0.01,22.95,105.98,4.77,23.9,23.89,4143,4611,3588,True
29702,10/12/2020,08:15:02,74.9,17.7,3.61,63.76,13.34,4.76,63.89,13.35,0.0,0.0,23.9,24.39,66,0,11,0.01,22.95,105.98,4.78,23.9,23.91,4354,4611,3588,True
29717,10/12/2020,08:15:17,75.0,17.68,3.62,64.16,13.34,4.8,64.16,13.34,0.0,0.0,23.92,24.4,67,0,11,0.01,22.95,105.98,4.79,23.93,23.93,4369,4611,3588,True
29732,10/12/2020,08:15:32,75.1,17.6,3.64,64.08,13.34,4.82,64.21,13.35,0.0,0.0,23.92,24.41,66,0,11,0.01,22.95,105.98,4.8,23.94,23.93,4384,4611,3588,True
29747,10/12/2020,08:15:47,75.1,17.59,3.66,64.34,13.35,4.83,64.61,13.35,0.0,0.0,23.96,24.43,66,0,11,0.01,22.95,105.98,4.82,23.95,23.94,4399,4611,3588,True
29762,10/12/2020,08:16:02,75.1,17.59,3.66,64.56,13.35,4.84,64.61,13.34,0.0,0.0,23.94,24.45,67,0,11,0.01,22.95,105.98,4.85,23.94,23.95,4610,4611,3588,True
29777,10/12/2020,08:16:17,75.1,17.52,3.68,64.74,13.34,4.86,64.74,13.35,0.0,0.0,23.95,24.46,67,0,11,0.01,22.95,105.98,4.87,23.95,23.94,4625,4611,3588,True
29792,10/12/2020,08:16:32,75.1,17.54,3.7,65.01,13.34,4.87,65.28,13.35,0.0,0.0,23.96,24.47,66,0,11,0.01,22.95,105.98,4.88,23.97,23.96,4640,4611,3588,True
29807,10/12/2020,08:16:47,75.1,17.54,3.71,65.14,13.34,4.88,65.14,13.35,0.0,0.0,23.97,24.5,67,0,11,0.01,22.95,105.98,4.89,23.98,23.97,4655,4611,3588,True
29822,10/12/2020,08:17:02,75.1,17.52,3.73,65.41,13.35,4.91,65.54,13.35,0.0,0.0,24.0,24.53,67,0,11,0.01,22.95,105.98,4.9,24.0,23.99,4866,4611,3588,True
29837,10/12/2020,08:17:17,75.1,17.52,3.76,65.81,13.35,4.91,65.68,13.35,0.0,0.0,24.0,24.54,67,0,11,0.01,22.95,105.98,4.94,24.02,23.99,4881,4611,3588,True
29852,10/12/2020,08:17:32,75.1,17.54,3.75,65.86,13.35,4.94,65.81,13.35,0.0,0.0,24.04,24.56,67,0,11,0.01,22.95,105.98,4.93,24.05,24.04,4896,4611,3588,True
29867,10/12/2020,08:17:47,75.1,17.55,3.75,66.13,13.35,4.96,65.94,13.35,0.0,0.0,24.04,24.58,67,0,11,0.01,22.95,105.98,4.94,24.03,24.04,4911,4611,3588,True
29882,10/12/2020,08:18:02,75.1,17.52,3.78,66.34,13.35,4.96,66.39,13.35,0.0,0.0,24.03,24.59,67,0,11,0.01,22.95,105.98,4.96,24.03,24.04,5122,4611,3588,True
29897,10/12/2020,08:18:17,75.2,17.52,3.79,66.48,13.35,4.98,66.48,13.35,0.0,0.0,24.06,24.61,67,0,11,0.01,22.95,105.98,4.98,24.05,24.05,5137,4611,3588,True
29912,10/12/2020,08:18:32,75.2,17.47,3.81,66.61,13.35,4.99,66.56,13.34,0.0,0.0,24.07,24.64,67,0,11,0.01,22.95,105.98,5.0,24.07,24.07,5152,4611,3588,True
29927,10/12/2020,08:18:47,75.3,17.48,3.82,66.88,13.35,5.01,66.61,13.35,0.0,0.0,24.09,24.64,67,0,11,0.01,22.95,105.98,5.02,24.09,24.08,5167,4611,3588,True
29942,10/12/2020,08:19:02,75.3,17.49,3.83,66.88,13.35,5.02,67.01,13.35,0.0,0.0,24.1,24.66,67,0,11,0.01,22.95,105.98,5.02,24.09,24.09,5378,4611,3588,True
29957,10/12/2020,08:19:17,75.3,17.47,3.84,67.15,13.35,5.03,67.15,13.35,0.0,0.0,24.11,24.68,67,0,11,0.01,22.95,105.98,5.04,24.12,24.11,5393,4611,3588,True
29972,10/12/2020,08:19:32,75.4,17.5,3.84,67.28,13.35,5.04,67.15,13.35,0.0,0.0,24.13,24.7,67,0,11,0.01,22.95,105.98,5.05,24.12,24.12,5408,4611,3588,True
29987,10/12/2020,08:19:47,75.5,17.49,3.85,67.41,13.35,5.05,67.46,13.35,0.0,0.0,24.14,24.72,67,0,11,0.02,22.96,105.99,5.05,24.15,24.15,5423,4611,3588,True
30002,10/12/2020,08:20:02,75.5,17.49,3.86,67.68,13.35,5.07,67.68,13.35,0.0,0.0,24.15,24.72,67,0,11,0.02,22.96,105.99,5.07,24.14,24.14,5634,4611,3588,True
30017,10/12/2020,08:20:17,75.5,17.51,3.88,67.73,13.36,5.08,67.73,13.35,0.0,0.0,24.16,24.75,67,0,11,0.02,22.96,105.99,5.1,24.16,24.15,5649,4611,3588,True
30032,10/12/2020,08:20:32,75.5,17.51,3.89,67.95,13.35,5.1,68.08,13.35,0.0,0.0,24.17,24.77,67,0,11,0.02,22.96,105.99,5.1,24.16,24.18,5664,4611,3588,True
30047,10/12/2020,08:20:47,75.5,17.51,3.89,68.26,13.36,5.11,68.21,13.36,0.0,0.0,24.2,24.79,67,0,11,0.02,22.96,105.99,5.11,24.2,24.21,5679,4611,3588,True
30062,10/12/2020,08:21:02,75.7,17.5,3.91,68.48,13.35,5.14,68.67,13.35,0.0,0.0,24.22,24.8,67,0,11,0.02,22.96,105.99,5.15,24.23,24.23,5890,4611,3588,True
30077,10/12/2020,08:21:17,75.7,17.45,3.92,68.61,13.35,5.15,68.67,13.35,0.0,0.0,24.24,24.82,67,0,11,0.02,22.96,105.99,5.15,24.25,24.24,5905,4611,3588,True
30092,10/12/2020,08:21:32,75.8,17.46,3.95,68.93,13.36,5.16,68.8,13.36,0.0,0.0,24.26,24.83,67,0,11,0.02,22.96,105.99,5.17,24.25,24.26,5920,4611,3588,True
30107,10/12/2020,08:21:47,75.8,17.47,3.95,69.07,13.35,5.16,68.93,13.36,0.0,0.0,24.27,24.86,67,0,11,0.02,22.96,105.99,5.17,24.27,24.27,5935,4611,3588,True
30122,10/12/2020,08:22:02,75.8,17.45,3.97,69.2,13.36,5.19,69.2,13.36,0.0,0.0,24.29,24.86,67,0,11,0.02,22.96,105.99,5.17,24.28,24.28,6146,4611,3588,True
30137,10/12/2020,08:22:17,75.8,17.48,3.96,69.2,13.35,5.19,69.33,13.36,0.0,0.0,24.33,24.89,67,0,11,0.02,22.96,105.99,5.2,24.33,24.33,6161,4611,3588,True
30152,10/12/2020,08:22:32,75.9,17.36,4.0,69.87,13.36,5.22,70.0,13.36,0.0,0.0,24.34,24.9,67,0,11,0.02,22.96,105.99,5.21,24.33,24.33,6176,4611,3588,True
30167,10/12/2020,08:22:47,75.9,17.37,4.02,70.0,13.36,5.22,69.73,13.36,0.0,0.0,24.34,24.92,67,0,11,0.02,22.96,105.99,5.24,24.36,24.35,6191,4611,3588,True
30182,10/12/2020,08:23:02,76.0,17.35,4.02,70.0,13.36,5.25,69.87,13.36,0.0,0.0,24.39,24.94,67,0,11,0.02,22.96,105.99,5.23,24.37,24.38,6402,4611,3588,True
30197,10/12/2020,08:23:17,76.0,17.32,4.05,70.14,13.36,5.26,70.27,13.37,0.0,0.0,24.42,24.95,67,0,11,0.02,22.96,105.99,5.25,24.43,24.42,6417,4611,3588,True
30212,10/12/2020,08:23:32,76.0,17.34,4.06,70.4,13.36,5.3,70.8,13.36,0.0,0.0,24.44,24.96,68,0,11,0.02,22.96,105.99,5.27,24.45,24.45,6432,4611,3588,True
30227,10/12/2020,08:23:47,76.1,17.34,4.06,70.8,13.36,5.3,70.8,13.36,0.0,0.0,24.44,24.98,67,0,11,0.02,22.96,105.99,5.27,24.44,24.44,6447,4611,3588,True
30242,10/12/2020,08:24:02,76.2,17.35,4.06,70.54,13.36,5.29,70.67,13.36,0.0,0.0,24.47,25.01,68,0,11,0.02,22.96,105.99,5.3,24.48,24.46,6658,4611,3588,True
30257,10/12/2020,08:24:17,76.2,17.35,4.09,71.07,13.36,5.31,70.67,13.36,0.0,0.0,24.5,25.02,68,0,11,0.02,22.96,105.99,5.31,24.5,24.5,6673,4611,3588,True
30272,10/12/2020,08:24:32,76.2,17.35,4.09,70.8,13.36,5.3,70.94,13.37,0.0,0.0,24.54,25.04,68,0,11,0.02,22.96,105.99,5.31,24.54,24.53,6688,4611,3588,True
30287,10/12/2020,08:24:47,76.2,17.35,4.11,71.34,13.36,5.33,70.99,13.36,0.0,0.0,24.55,25.05,68,0,11,0.02,22.96,105.99,5.34,24.55,24.55,6703,4611,3588,True
30302,10/12/2020,08:25:02,76.2,17.35,4.1,71.34,13.37,5.34,71.47,13.36,0.0,0.0,24.56,25.08,68,0,11,0.02,22.96,105.99,5.33,24.57,24.57,6914,4611,3588,True
30317,10/12/2020,08:25:17,76.2,17.33,4.13,71.66,13.36,5.38,71.52,13.37,0.0,0.0,24.57,25.08,68,0,11,0.02,22.96,105.99,5.33,24.58,24.57,6929,4611,3588,True
30332,10/12/2020,08:25:32,76.2,17.3,4.14,71.47,13.36,5.36,71.6,13.37,0.0,0.0,24.6,25.1,68,0,11,0.02,22.96,105.99,5.36,24.6,24.59,6944,4611,3588,True
30347,10/12/2020,08:25:47,76.2,17.29,4.16,72.01,13.37,5.38,71.6,13.36,0.0,0.0,24.62,25.12,68,0,11,0.02,22.96,105.99,5.38,24.61,24.62,6959,4611,3588,True
30362,10/12/2020,08:26:02,76.2,17.29,4.16,72.01,13.36,5.4,71.79,13.36,0.0,0.0,24.61,25.13,68,0,11,0.02,22.96,105.99,5.39,24.62,24.61,7170,4611,3588,True
30377,10/12/2020,08:26:17,76.2,17.27,4.19,72.59,13.36,5.39,72.06,13.36,0.0,0.0,24.64,25.15,68,0,11,0.02,22.96,105.99,5.43,24.63,24.63,7185,4611,3588,True
30392,10/12/2020,08:26:32,76.2,17.33,4.17,72.19,13.37,5.4,72.46,13.36,0.0,0.0,24.68,25.18,68,0,11,0.02,22.96,105.99,5.41,24.68,24.69,7200,4611,3588,True
30407,10/12/2020,08:26:47,76.3,17.37,4.17,72.46,13.37,5.41,72.46,13.36,0.0,0.0,24.71,25.19,68,0,11,0.02,22.96,105.99,5.45,24.71,24.71,7215,4611,3588,True
30422,10/12/2020,08:27:02,76.4,17.37,4.17,72.41,13.36,5.44,72.86,13.37,0.0,0.0,24.73,25.2,68,0,11,0.02,22.96,105.99,5.44,24.73,24.71,7426,4611,3588,True
30437,10/12/2020,08:27:17,76.6,17.39,4.19,73.13,13.37,5.47,73.13,13.37,0.0,0.0,24.76,25.22,68,0,11,0.02,22.96,105.99,5.46,24.75,24.76,7441,4611,3588,True
30452,10/12/2020,08:27:32,76.6,17.51,4.17,73.13,13.37,5.45,72.86,13.37,0.0,0.0,24.8,25.23,68,0,11,0.02,22.96,105.99,5.47,24.81,24.81,7456,4611,3588,True
30467,10/12/2020,08:27:47,76.7,17.5,4.17,73.4,13.37,5.49,73.4,13.37,0.0,0.0,24.83,25.25,68,0,11,0.02,22.96,105.99,5.45,24.84,24.84,7471,4611,3588,True
30482,10/12/2020,08:28:02,76.8,17.43,4.22,73.34,13.37,5.48,73.4,13.37,0.0,0.0,24.83,25.27,68,0,11,0.02,22.96,105.99,5.5,24.84,24.84,7682,4611,3588,True
30497,10/12/2020,08:28:17,76.8,17.49,4.18,73.4,13.37,5.51,73.53,13.37,0.0,0.0,24.88,25.29,68,0,11,0.03,22.97,106.0,5.51,24.88,24.88,7697,4611,3588,True
30512,10/12/2020,08:28:32,76.9,17.48,4.19,73.53,13.37,5.52,73.66,13.37,0.0,0.0,24.89,25.31,68,0,11,0.03,22.97,106.0,5.53,24.89,24.88,7712,4611,3588,True
30527,10/12/2020,08:28:47,77.0,17.48,4.21,73.8,13.37,5.53,73.8,13.38,0.0,0.0,24.88,25.32,68,0,11,0.03,22.97,106.0,5.5,24.89,24.88,7727,4611,3588,True
30542,10/12/2020,08:29:02,77.0,17.45,4.26,74.06,13.37,5.52,73.85,13.37,0.0,0.0,24.9,25.35,68,0,11,0.03,22.97,106.0,5.55,24.9,24.91,7938,4611,3588,True
30557,10/12/2020,08:29:17,77.0,17.47,4.23,73.93,13.38,5.55,74.06,13.37,0.0,0.0,24.94,25.36,68,0,11,0.03,22.97,106.0,5.55,24.95,24.94,7953,4611,3588,True
30572,10/12/2020,08:29:32,77.0,17.46,4.23,73.93,13.38,5.55,74.2,13.37,0.0,0.0,24.99,25.37,68,0,11,0.03,22.97,106.0,5.53,24.98,24.99,7968,4611,3588,True
30587,10/12/2020,08:29:47,77.0,17.45,4.26,74.87,13.37,5.59,74.52,13.37,0.0,0.0,25.02,25.39,68,0,11,0.03,22.97,106.0,5.57,25.0,25.01,7983,4611,3588,True
30602,10/12/2020,08:30:02,77.1,17.45,4.27,74.66,13.38,5.6,74.47,13.37,0.0,0.0,25.05,25.41,68,0,11,0.03,22.97,106.0,5.57,25.03,25.03,8194,4611,3588,True
30617,10/12/2020,08:30:17,77.2,17.44,4.29,74.92,13.37,5.62,75.0,13.38,0.0,0.0,25.06,25.43,69,0,11,0.03,22.97,106.0,5.58,25.06,25.06,8209,4611,3588,True
30632,10/12/2020,08:30:32,77.2,17.38,4.31,75.0,13.37,5.62,74.87,13.38,0.0,0.0,25.08,25.43,68,0,11,0.03,22.97,106.0,5.6,25.1,25.08,8224,4611,3588,True
30647,10/12/2020,08:30:47,77.2,17.39,4.31,75.27,13.38,5.62,75.27,13.37,0.0,0.0,25.11,25.46,68,0,11,0.03,22.97,106.0,5.64,25.11,25.1,8239,4611,3588,True
30662,10/12/2020,08:31:02,77.3,17.39,4.33,75.4,13.38,5.64,75.32,13.38,0.0,0.0,25.11,25.47,69,0,11,0.03,22.97,106.0,5.64,25.1,25.1,8450,4611,3588,True
30677,10/12/2020,08:31:17,77.3,17.39,4.34,75.67,13.38,5.65,75.59,13.38,0.0,0.0,25.1,25.49,69,0,11,0.03,22.97,106.0,5.66,25.1,25.1,8465,4611,3588,True
30692,10/12/2020,08:31:32,77.3,17.42,4.35,75.86,13.38,5.67,75.73,13.37,0.0,0.0,25.13,25.5,69,0,11,0.03,22.97,106.0,5.68,25.13,25.14,8480,4611,3588,True
30707,10/12/2020,08:31:47,77.3,17.42,4.37,76.13,13.38,5.69,75.86,13.38,0.0,0.0,25.15,25.52,69,0,11,0.03,22.97,106.0,5.67,25.15,25.15,8495,4611,3588,True
30722,10/12/2020,08:32:02,77.4,17.42,4.37,76.26,13.38,5.69,76.07,13.38,0.0,0.0,25.16,25.54,69,0,11,0.03,22.97,106.0,5.71,25.15,25.17,8706,4611,3588,True
30737,10/12/2020,08:32:17,77.4,17.42,4.39,76.39,13.38,5.72,76.66,13.38,0.0,0.0,25.17,25.55,69,0,11,0.03,22.97,106.0,5.71,25.17,25.16,8721,4611,3588,True
30752,10/12/2020,08:32:32,77.6,17.47,4.37,76.39,13.38,5.71,76.39,13.37,0.0,0.0,25.2,25.58,69,0,11,0.03,22.97,106.0,5.72,25.18,25.2,8736,4611,3588,True
30767,10/12/2020,08:32:47,77.6,17.46,4.39,76.72,13.38,5.73,77.2,13.38,0.0,0.0,25.18,25.58,69,0,11,0.03,22.97,106.0,5.76,25.18,25.19,8751,4611,3588,True
30782,10/12/2020,08:33:02,77.7,17.44,4.39,77.06,13.38,5.77,76.8,13.38,0.0,0.0,25.23,25.62,69,0,11,0.03,22.97,106.0,5.75,25.22,25.22,8962,4611,3588,True
30797,10/12/2020,08:33:17,77.7,17.37,4.44,77.2,13.38,5.77,77.39,13.38,0.0,0.0,25.26,25.63,69,0,11,0.03,22.97,106.0,5.77,25.25,25.26,8977,4611,3588,True
30812,10/12/2020,08:33:32,77.8,17.37,4.45,77.47,13.38,5.79,77.39,13.38,0.0,0.0,25.29,25.63,69,0,11,0.03,22.97,106.0,5.77,25.3,25.3,8992,4611,3588,True
30827,10/12/2020,08:33:47,77.8,17.37,4.46,77.73,13.38,5.79,77.52,13.38,0.0,0.0,25.32,25.66,69,0,11,0.03,22.97,106.0,5.79,25.32,25.32,9007,4611,3588,True
30842,10/12/2020,08:34:02,77.9,17.43,4.45,77.73,13.38,5.79,77.6,13.38,0.0,0.0,25.33,25.67,69,0,11,0.03,22.97,106.0,5.81,25.34,25.34,9218,4611,3588,True
30857,10/12/2020,08:34:17,77.9,17.41,4.46,78.0,13.38,5.82,77.92,13.38,0.0,0.0,25.37,25.7,69,0,11,0.03,22.97,106.0,5.81,25.36,25.37,9233,4611,3588,True
30872,10/12/2020,08:34:32,78.0,17.44,4.45,78.13,13.39,5.84,77.66,13.39,0.0,0.0,25.38,25.7,69,0,11,0.04,22.98,106.01,5.84,25.4,25.39,9248,4611,3588,True
30887,10/12/2020,08:34:47,78.1,17.38,4.49,78.33,13.39,5.85,78.27,13.38,0.0,0.0,25.42,25.73,69,0,11,0.04,22.98,106.01,5.85,25.43,25.43,9263,4611,3588,True
30902,10/12/2020,08:35:02,78.1,17.4,4.49,78.73,13.39,5.85,78.27,13.38,0.0,0.0,25.45,25.75,69,0,11,0.04,22.98,106.01,5.86,25.46,25.46,9474,4611,3588,True
30917,10/12/2020,08:35:17,78.1,17.41,4.52,78.94,13.38,5.86,78.33,13.39,0.0,0.0,25.48,25.76,69,0,11,0.04,22.98,106.01,5.86,25.47,25.47,9489,4611,3588,True
30932,10/12/2020,08:35:32,78.1,17.37,4.52,78.4,13.39,5.86,78.33,13.39,0.0,0.0,25.52,25.77,69,0,11,0.04,22.98,106.01,5.86,25.51,25.5,9504,4611,3588,True
30947,10/12/2020,08:35:47,78.1,17.38,4.53,78.67,13.39,5.88,78.54,13.39,0.0,0.0,25.51,25.79,69,0,11,0.04,22.98,106.01,5.91,25.53,25.53,9519,4611,3588,True
30962,10/12/2020,08:36:02,78.1,17.44,4.51,79.26,13.39,5.93,79.13,13.39,0.0,0.0,25.53,25.81,69,0,11,0.04,22.98,106.01,5.89,25.53,25.54,9730,4611,3588,True
30977,10/12/2020,08:36:17,78.1,17.23,4.62,79.67,13.39,5.89,79.53,13.39,0.0,0.0,25.59,25.83,69,0,11,0.04,22.98,106.01,5.91,25.57,25.59,9745,4611,3588,True
30992,10/12/2020,08:36:32,78.1,17.35,4.52,79.13,13.38,5.94,79.26,13.39,0.0,0.0,25.62,25.84,69,0,11,0.04,22.98,106.01,5.92,25.63,25.62,9760,4611,3588,True
31007,10/12/2020,08:36:47,78.1,17.41,4.57,79.67,13.39,5.88,79.67,13.39,0.0,0.0,25.63,25.87,69,0,11,0.04,22.98,106.01,5.87,25.63,25.64,9775,4611,3588,True
31022,10/12/2020,08:37:02,78.1,17.35,4.55,79.53,13.39,5.95,79.67,13.39,0.0,0.0,25.65,25.88,69,0,11,0.04,22.98,106.01,5.98,25.65,25.66,9986,4611,3588,True
31037,10/12/2020,08:37:17,78.1,17.47,4.57,79.13,13.39,5.98,79.8,13.39,0.0,0.0,25.68,25.89,69,0,11,0.04,22.98,106.01,5.91,25.67,25.67,10001,4611,3588,True
31052,10/12/2020,08:37:32,78.1,17.46,4.57,79.8,13.39,5.95,79.93,13.39,0.0,0.0,25.7,25.92,69,0,11,0.04,22.98,106.01,5.92,25.69,25.7,10016,4611,3588,True
31067,10/12/2020,08:37:47,78.1,17.54,4.53,79.67,13.39,6.01,79.53,13.39,0.0,0.0,25.74,25.92,69,0,11,0.04,22.98,106.01,5.95,25.73,25.74,10031,4611,3588,True
31082,10/12/2020,08:38:02,78.2,17.54,4.57,80.34,13.39,6.01,79.8,13.39,0.0,0.0,25.72,25.94,69,0,11,0.04,22.98,106.01,5.99,25.74,25.73,10242,4611,3588,True
31097,10/12/2020,08:38:17,78.5,17.48,4.59,79.93,13.39,6.02,80.6,13.39,0.0,0.0,25.77,25.96,70,0,11,0.04,22.98,106.01,6.02,25.76,25.77,10257,4611,3588,True
31112,10/12/2020,08:38:32,78.5,17.5,4.54,80.47,13.39,5.96,79.53,13.39,0.0,0.0,25.8,25.98,69,0,11,0.04,22.98,106.01,6.02,25.79,25.79,10272,4611,3588,True
31127,10/12/2020,08:38:47,78.6,17.49,4.62,80.87,13.39,5.97,80.47,13.4,0.0,0.0,25.82,26.0,69,0,11,0.04,22.98,106.01,5.98,25.82,25.82,10287,4611,3588,True
31142,10/12/2020,08:39:02,78.7,17.48,4.58,80.34,13.39,5.96,79.93,13.39,0.0,0.0,25.84,26.0,69,0,11,0.04,22.98,106.01,6.01,25.84,25.84,10498,4611,3588,True
31157,10/12/2020,08:39:17,78.7,17.58,4.55,81.14,13.39,6.04,80.8,13.4,0.0,0.0,25.89,26.02,69,0,11,0.04,22.98,106.01,6.01,25.88,25.88,10513,4611,3588,True
31172,10/12/2020,08:39:32,78.8,17.62,4.53,80.2,13.39,5.95,79.67,13.39,0.0,0.0,25.89,26.05,70,0,11,0.04,22.98,106.01,6.07,25.91,25.91,10528,4611,3588,True
31187,10/12/2020,08:39:47,78.8,17.55,4.62,80.2,13.4,6.05,81.27,13.4,0.0,0.0,25.9,26.06,70,0,11,0.04,22.98,106.01,6.12,25.9,25.9,10543,4611,3588,True
31202,10/12/2020,08:40:02,78.9,17.61,4.56,81.14,13.39,6.03,80.34,13.4,0.0,0.0,25.94,26.07,70,0,11,0.04,22.98,106.01,6.01,25.93,25.93,10754,4611,3588,True
31217,10/12/2020,08:40:17,79.0,17.56,4.67,81.54,13.39,6.04,80.87,13.4,0.0,0.0,25.99,26.1,70,0,11,0.04,22.98,106.01,6.04,25.97,25.97,10769,4611,3588,True
31232,10/12/2020,08:40:32,79.0,17.56,4.62,82.21,13.4,6.05,81.67,13.39,0.0,0.0,26.01,26.11,69,0,11,0.04,22.98,106.01,6.07,26.01,26.01,10784,4611,3588,True
31247,10/12/2020,08:40:47,79.1,17.65,4.57,81.27,13.39,6.09,81.41,13.4,0.0,0.0,26.02,26.12,70,0,11,0.04,22.98,106.01,5.98,26.02,26.02,10799,4611,3588,True
31262,10/12/2020,08:41:02,79.1,17.77,4.52,79.8,13.39,6.09,79.8,13.4,0.0,0.0,26.04,26.14,69,0,11,0.04,22.98,106.01,6.1,26.03,26.04,11010,4611,3588,True
31277,10/12/2020,08:41:17,79.1,17.81,4.59,79.99,13.4,6.05,80.47,13.39,0.0,0.0,26.03,26.15,69,0,11,0.04,22.98,106.01,5.98,26.03,26.03,11025,4611,3588,True
31292,10/12/2020,08:41:32,79.1,17.81,4.49,80.8,13.4,6.07,81.07,13.39,0.0,0.0,26.03,26.18,70,0,11,0.04,22.98,106.01,6.05,26.03,26.03,11040,4611,3588,True
31307,10/12/2020,08:41:47,79.1,17.84,4.53,80.13,13.39,6.02,80.66,13.4,0.0,0.0,26.06,26.18,70,0,11,0.04,22.98,106.01,5.98,26.06,26.06,11055,4611,3588,True
31322,10/12/2020,08:42:02,79.1,17.7,4.59,80.8,13.4,6.09,81.2,13.4,0.0,0.0,26.08,26.22,70,0,11,0.05,22.99,106.02,6.19,26.07,26.06,11266,4611,3588,True
31337,10/12/2020,08:42:17,79.1,17.94,4.51,81.6,13.4,5.96,80.87,13.39,0.0,0.0,26.1,26.22,69,0,11,0.05,22.99,106.02,5.97,26.1,26.1,11281,4611,3588,True
31352,10/12/2020,08:42:32,79.2,17.8,4.57,80.13,13.39,6.12,80.4,13.4,0.0,0.0,26.12,26.24,70,0,11,0.05,22.99,106.02,6.05,26.12,26.13,11297,4611,3588,True
31367,10/12/2020,08:42:47,79.2,17.83,4.61,82.54,13.4,5.98,81.41,13.39,0.0,0.0,26.14,26.25,70,0,11,0.05,22.99,106.02,6.14,26.15,26.14,11311,4611,3588,True
31382,10/12/2020,08:43:02,79.4,17.82,4.57,81.47,13.4,6.14,80.93,13.39,0.0,0.0,26.14,26.27,70,0,11,0.05,22.99,106.02,6.09,26.14,26.14,11522,4611,3588,True
31397,10/12/2020,08:43:17,79.4,17.57,4.63,81.47,13.4,6.27,83.34,13.4,0.0,0.0,26.15,26.29,70,0,11,0.05,22.99,106.02,6.16,26.15,26.14,11538,4611,3588,True
31412,10/12/2020,08:43:32,79.4,17.55,4.71,82.67,13.4,6.14,83.61,13.4,0.0,0.0,26.17,26.3,70,0,11,0.05,22.99,106.02,6.17,26.18,26.18,11552,4611,3588,True
31427,10/12/2020,08:43:47,79.5,17.51,4.73,82.94,13.4,6.26,84.15,13.4,0.0,0.0,26.18,26.33,71,0,11,0.05,22.99,106.02,6.25,26.18,26.18,11567,4611,3588,True
31442,10/12/2020,08:44:02,79.6,17.49,4.84,84.95,13.4,6.24,84.82,13.4,0.0,0.0,26.24,26.34,70,0,11,0.05,22.99,106.02,6.35,26.24,26.23,11779,4611,3588,True
31457,10/12/2020,08:44:17,79.6,17.42,4.78,83.34,13.4,6.28,82.67,13.41,0.0,0.0,26.26,26.35,70,0,11,0.05,22.99,106.02,6.28,26.26,26.26,11794,4611,3588,True
31472,10/12/2020,08:44:32,79.6,17.48,4.78,83.67,13.41,6.23,83.54,13.4,0.0,0.0,26.28,26.37,70,0,11,0.05,22.99,106.02,6.31,26.29,26.29,11808,4611,3588,True
31487,10/12/2020,08:44:47,79.7,17.45,4.79,85.09,13.4,6.21,83.27,13.4,0.0,0.0,26.3,26.4,70,0,11,0.05,22.99,106.02,6.24,26.31,26.3,11823,4611,3588,True
31502,10/12/2020,08:45:02,79.7,17.46,4.85,84.82,13.4,6.18,82.67,13.4,0.0,0.0,26.33,26.39,71,0,11,0.05,22.99,106.02,6.4,26.32,26.32,12035,4611,3588,True
31517,10/12/2020,08:45:17,79.8,17.54,4.81,83.81,13.41,6.41,84.95,13.41,0.0,0.0,26.33,26.41,71,0,11,0.05,22.99,106.02,6.18,26.34,26.34,12050,4611,3588,True
31532,10/12/2020,08:45:32,79.8,17.52,4.77,84.68,13.4,6.4,86.09,13.4,0.0,0.0,26.35,26.43,70,0,11,0.05,22.99,106.02,6.31,26.36,26.36,12064,4611,3588,True
31547,10/12/2020,08:45:47,79.8,17.44,4.87,83.88,13.41,6.38,84.75,13.41,0.0,0.0,26.37,26.44,71,0,11,0.05,22.99,106.02,6.31,26.36,26.37,12079,4611,3588,True
31562,10/12/2020,08:46:02,79.8,17.33,4.84,84.68,13.4,6.24,86.76,13.41,0.0,0.0,26.37,26.47,71,0,11,0.05,22.99,106.02,6.29,26.37,26.36,12290,4611,3588,True
31577,10/12/2020,08:46:17,79.8,17.35,4.83,85.42,13.41,6.31,85.15,13.41,0.0,0.0,26.39,26.49,70,0,11,0.05,22.99,106.02,6.39,26.38,26.39,12306,4611,3588,True
31592,10/12/2020,08:46:32,79.8,17.34,4.88,85.42,13.41,6.4,85.82,13.41,0.0,0.0,26.42,26.5,71,0,11,0.05,22.99,106.02,6.47,26.41,26.41,12321,4611,3588,True
31607,10/12/2020,08:46:47,79.8,17.3,5.02,84.88,13.41,6.47,86.89,13.41,0.0,0.0,26.42,26.52,71,0,11,0.05,22.99,106.02,6.29,26.43,26.43,12336,4611,3588,True
31622,10/12/2020,08:47:02,79.8,17.28,5.03,85.82,13.41,6.52,85.28,13.41,0.0,0.0,26.43,26.54,71,0,11,0.05,22.99,106.02,6.31,26.43,26.43,12547,4611,3588,True
31637,10/12/2020,08:47:17,79.8,17.32,5.0,84.88,13.41,6.48,86.09,13.41,0.0,0.0,26.44,26.55,71,0,11,0.05,22.99,106.02,6.4,26.45,26.45,12562,4611,3588,True
31652,10/12/2020,08:47:32,79.8,17.29,5.0,87.7,13.41,6.51,86.62,13.41,0.0,0.0,26.45,26.57,71,0,11,0.05,22.99,106.02,6.41,26.45,26.44,12577,4611,3588,True
31667,10/12/2020,08:47:47,79.8,17.23,5.06,85.95,13.41,6.39,87.43,13.41,0.0,0.0,26.47,26.59,71,0,11,0.05,22.99,106.02,6.56,26.46,26.45,12592,4611,3588,True
31682,10/12/2020,08:48:02,79.8,17.34,5.06,85.95,13.41,6.53,84.75,13.41,0.0,0.0,26.5,26.6,71,0,11,0.05,22.99,106.02,6.5,26.49,26.51,12803,4611,3588,True
31697,10/12/2020,08:48:17,79.9,17.33,4.99,86.89,13.41,6.37,85.42,13.41,0.0,0.0,26.54,26.61,71,0,11,0.05,22.99,106.02,6.46,26.53,26.54,12818,4611,3588,True
31712,10/12/2020,08:48:32,80.0,17.66,4.93,87.29,13.41,6.45,85.82,13.41,0.0,0.0,26.53,26.62,71,0,11,0.05,22.99,106.02,6.3,26.54,26.55,12833,4611,3588,True
31727,10/12/2020,08:48:47,80.0,17.75,4.77,85.42,13.41,6.44,84.61,13.41,0.0,0.0,26.55,26.65,71,0,11,0.05,22.99,106.02,6.45,26.55,26.56,12848,4611,3588,True
31742,10/12/2020,08:49:02,80.0,17.72,4.89,87.03,13.41,6.53,87.29,13.41,0.0,0.0,26.54,26.67,71,0,11,0.05,22.99,106.02,6.34,26.55,26.54,13059,4611,3588,True
31757,10/12/2020,08:49:17,80.2,17.72,4.85,85.42,13.41,6.42,86.09,13.41,0.0,0.0,26.58,26.67,71,0,11,0.06,23.0,106.03,6.52,26.57,26.57,13074,4611,3588,True
31772,10/12/2020,08:49:32,80.2,17.69,4.94,87.23,13.41,6.34,85.35,13.41,0.0,0.0,26.58,26.69,71,0,11,0.06,23.0,106.03,6.34,26.59,26.58,13089,4611,3588,True
31787,10/12/2020,08:49:47,80.2,17.68,4.91,86.36,13.41,6.56,87.29,13.41,0.0,0.0,26.6,26.71,71,0,11,0.06,23.0,106.03,6.43,26.59,26.61,13104,4611,3588,True
31802,10/12/2020,08:50:02,80.3,17.72,4.83,86.55,13.42,6.54,86.76,13.41,0.0,0.0,26.63,26.73,71,0,11,0.06,23.0,106.03,6.56,26.63,26.64,13315,4611,3588,True
31817,10/12/2020,08:50:17,80.4,17.72,4.83,86.89,13.41,6.42,87.03,13.41,0.0,0.0,26.66,26.74,71,0,11,0.06,23.0,106.03,6.48,26.65,26.65,13330,4611,3588,True
31832,10/12/2020,08:50:32,80.4,17.76,4.94,87.7,13.41,6.56,87.7,13.41,0.0,0.0,26.68,26.76,71,0,11,0.06,23.0,106.03,6.49,26.67,26.68,13345,4611,3588,True
31847,10/12/2020,08:50:47,80.4,17.72,4.94,86.76,13.41,6.53,86.36,13.42,0.0,0.0,26.7,26.77,71,0,11,0.06,23.0,106.03,6.41,26.69,26.7,13360,4611,3588,True
31862,10/12/2020,08:51:02,80.6,17.81,4.86,86.96,13.42,6.53,87.03,13.41,0.0,0.0,26.75,26.79,71,0,11,0.06,23.0,106.03,6.46,26.76,26.75,13571,4611,3588,True
31877,10/12/2020,08:51:17,80.6,17.76,4.97,86.76,13.42,6.57,87.7,13.42,0.0,0.0,26.77,26.81,71,0,11,0.06,23.0,106.03,6.41,26.77,26.77,13586,4611,3588,True
31892,10/12/2020,08:51:32,80.6,17.63,4.98,86.55,13.41,6.63,88.97,13.42,0.0,0.0,26.81,26.82,71,0,11,0.06,23.0,106.03,6.49,26.8,26.81,13601,4611,3588,True
31907,10/12/2020,08:51:47,80.6,17.64,4.92,88.3,13.41,6.47,87.03,13.42,0.0,0.0,26.83,26.85,71,0,11,0.06,23.0,106.03,6.51,26.83,26.83,13616,4611,3588,True
31922,10/12/2020,08:52:02,80.6,17.62,5.0,88.3,13.42,6.56,87.36,13.41,0.0,0.0,26.86,26.85,72,0,11,0.06,23.0,106.03,6.58,26.85,26.85,13827,4611,3588,True
31937,10/12/2020,08:52:17,80.6,17.65,4.94,89.17,13.42,6.57,88.43,13.42,0.0,0.0,26.88,26.88,71,0,11,0.06,23.0,106.03,6.57,26.88,26.88,13842,4611,3588,True
31952,10/12/2020,08:52:32,80.6,17.69,4.92,87.36,13.42,6.47,87.76,13.42,0.0,0.0,26.86,26.89,72,0,11,0.06,23.0,106.03,6.53,26.87,26.86,13857,4611,3588,True
31967,10/12/2020,08:52:47,80.7,17.71,4.95,87.76,13.41,6.53,87.23,13.42,0.0,0.0,26.88,26.9,72,0,11,0.06,23.0,106.03,6.65,26.87,26.87,13872,4611,3588,True
31982,10/12/2020,08:53:02,80.7,17.65,4.95,89.24,13.42,6.57,87.9,13.42,0.0,0.0,26.9,26.92,72,0,11,0.06,23.0,106.03,6.63,26.91,26.9,14083,4611,3588,True
31997,10/12/2020,08:53:17,80.8,17.66,4.98,88.1,13.42,6.66,88.77,13.42,0.0,0.0,26.92,26.94,72,0,11,0.06,23.0,106.03,6.59,26.93,26.92,14098,4611,3588,True
32012,10/12/2020,08:53:32,80.8,17.64,5.08,89.71,13.42,6.58,88.3,13.42,0.0,0.0,26.96,26.95,72,0,11,0.06,23.0,106.03,6.68,26.97,26.96,14113,4611,3588,True
32027,10/12/2020,08:53:47,80.8,17.63,5.05,89.77,13.42,6.63,89.91,13.42,0.0,0.0,26.98,26.97,72,0,11,0.06,23.0,106.03,6.62,26.98,26.98,14128,4611,3588,True
32042,10/12/2020,08:54:02,80.9,17.55,5.1,89.37,13.42,6.64,90.04,13.42,0.0,0.0,26.99,26.98,72,0,11,0.06,23.0,106.03,6.71,27.0,27.0,14339,4611,3588,True
32057,10/12/2020,08:54:17,80.9,17.64,5.01,88.57,13.42,6.69,89.77,13.42,0.0,0.0,27.01,27.0,72,0,11,0.06,23.0,106.03,6.73,27.02,27.02,14354,4611,3588,True
32072,10/12/2020,08:54:32,81.1,17.67,5.09,90.04,13.42,6.66,89.37,13.42,0.0,0.0,27.04,27.01,72,0,11,0.06,23.0,106.03,6.57,27.04,27.04,14369,4611,3588,True
32087,10/12/2020,08:54:47,81.1,17.67,5.02,89.91,13.42,6.66,89.37,13.42,0.0,0.0,27.05,27.03,72,0,11,0.06,23.0,106.03,6.72,27.05,27.05,14384,4611,3588,True
32102,10/12/2020,08:55:02,81.1,17.66,5.05,88.7,13.42,6.67,90.04,13.42,0.0,0.0,27.05,27.05,72,0,11,0.06,23.0,106.03,6.68,27.05,27.05,14595,4611,3588,True
32117,10/12/2020,08:55:17,81.1,17.62,5.05,90.51,13.43,6.64,88.97,13.42,0.0,0.0,27.05,27.07,72,0,11,0.06,23.0,106.03,6.66,27.06,27.06,14610,4611,3588,True
32132,10/12/2020,08:55:32,81.1,17.57,5.16,90.11,13.43,6.68,89.91,13.42,0.0,0.0,27.07,27.08,72,0,11,0.06,23.0,106.03,6.67,27.07,27.06,14625,4611,3588,True
32147,10/12/2020,08:55:47,81.1,17.61,5.12,90.11,13.43,6.71,90.04,13.43,0.0,0.0,27.07,27.09,72,0,11,0.06,23.0,106.03,6.78,27.07,27.07,14640,4611,3588,True
32162,10/12/2020,08:56:02,81.2,17.68,5.07,90.18,13.42,6.67,89.57,13.43,0.0,0.0,27.08,27.11,72,0,11,0.07,23.01,106.04,6.7,27.08,27.08,14851,4611,3588,True
32177,10/12/2020,08:56:17,81.2,17.7,5.13,90.92,13.42,6.7,89.37,13.42,0.0,0.0,27.1,27.13,72,0,11,0.07,23.01,106.04,6.65,27.11,27.12,14866,4611,3588,True
32192,10/12/2020,08:56:32,81.3,17.63,5.12,90.78,13.42,6.77,91.12,13.43,0.0,0.0,27.14,27.15,72,0,11,0.07,23.01,106.04,6.72,27.13,27.14,14881,4611,3588,True
32207,10/12/2020,08:56:47,81.3,17.51,5.18,90.78,13.42,6.79,90.71,13.43,0.0,0.0,27.16,27.16,72,0,11,0.07,23.01,106.04,6.75,27.16,27.17,14896,4611,3588,True
32222,10/12/2020,08:57:02,81.3,17.49,5.22,91.45,13.43,6.8,91.99,13.43,0.0,0.0,27.19,27.18,72,0,11,0.07,23.01,106.04,6.79,27.2,27.2,15107,4611,3588,True
32237,10/12/2020,08:57:17,81.4,17.55,5.19,91.18,13.42,6.79,91.59,13.43,0.0,0.0,27.21,27.19,72,0,11,0.07,23.01,106.04,6.85,27.2,27.21,15122,4611,3588,True
32252,10/12/2020,08:57:32,81.5,17.37,5.33,92.53,13.43,6.81,91.86,13.43,0.0,0.0,27.25,27.22,73,0,11,0.07,23.01,106.04,6.88,27.25,27.25,15137,4611,3588,True
32267,10/12/2020,08:57:47,81.5,17.36,5.31,92.93,13.43,6.88,92.53,13.43,0.0,0.0,27.28,27.22,73,0,11,0.07,23.01,106.04,6.89,27.28,27.27,15152,4611,3588,True
32282,10/12/2020,08:58:02,81.5,17.28,5.35,92.39,13.43,6.87,92.06,13.43,0.0,0.0,27.29,27.25,73,0,11,0.07,23.01,106.04,6.88,27.29,27.29,3,4612,3588,True
32297,10/12/2020,08:58:17,81.6,17.24,5.36,93.33,13.43,6.93,92.39,13.43,0.0,0.0,27.31,27.26,73,0,11,0.07,23.01,106.04,6.9,27.32,27.32,18,4612,3588,True
32312,10/12/2020,08:58:32,81.6,17.26,5.38,92.53,13.43,6.88,93.06,13.43,0.0,0.0,27.35,27.27,73,0,11,0.07,23.01,106.04,6.95,27.35,27.35,33,4612,3588,True
32327,10/12/2020,08:58:47,81.6,17.21,5.41,93.6,13.43,6.97,92.93,13.43,0.0,0.0,27.37,27.29,73,0,11,0.07,23.01,106.04,6.93,27.37,27.36,48,4612,3588,True
32342,10/12/2020,08:59:02,81.6,17.21,5.4,94.01,13.43,6.96,93.2,13.43,0.0,0.0,27.4,27.31,73,0,11,0.07,23.01,106.04,6.96,27.39,27.38,259,4612,3588,True
32357,10/12/2020,08:59:17,81.7,17.16,5.45,93.6,13.43,6.99,93.47,13.43,0.0,0.0,27.43,27.32,73,0,11,0.07,23.01,106.04,6.99,27.43,27.43,274,4612,3588,True
32372,10/12/2020,08:59:32,81.7,17.19,5.47,94.14,13.43,6.97,93.33,13.43,0.0,0.0,27.46,27.34,73,0,11,0.07,23.01,106.04,6.96,27.46,27.46,289,4612,3588,True
32387,10/12/2020,08:59:47,81.8,17.09,5.5,94.27,13.43,6.99,94.01,13.43,0.0,0.0,27.46,27.35,73,0,11,0.07,23.01,106.04,7.04,27.46,27.47,304,4612,3588,True
32402,10/12/2020,09:00:02,81.8,19.97,1.9,37.21,13.33,2.7,35.72,13.33,0.0,0.0,27.48,27.36,73,0,11,0.07,23.01,106.04,2.21,27.48,27.49,515,4612,3588,True
32417,10/12/2020,09:00:17,81.8,20.62,0.02,0.39,13.27,0.05,0.53,13.27,0.0,0.0,27.51,27.38,72,0,11,0.07,23.01,106.04,0.04,27.52,27.5,530,4612,3588,True
32432,10/12/2020,09:00:32,81.9,20.59,0.04,0.66,13.26,0.05,0.66,13.27,0.0,0.0,27.53,27.35,71,0,11,0.07,23.01,106.04,0.06,27.54,27.54,545,4612,3588,True
32447,10/12/2020,09:00:47,81.9,20.56,0.14,2.91,13.27,0.23,2.91,13.26,0.0,0.0,27.54,27.35,70,0,11,0.07,23.01,106.04,0.22,27.55,27.54,560,4612,3588,True
32462,10/12/2020,09:01:02,82.1,20.55,0.15,3.18,13.27,0.24,3.18,13.26,0.0,0.0,27.58,27.34,69,0,11,0.07,23.01,106.04,0.25,27.57,27.58,771,4612,3588,True
32477,10/12/2020,09:01:17,82.1,20.53,0.21,4.24,13.27,0.32,4.64,13.27,0.0,0.0,27.59,27.33,68,0,11,0.07,23.01,106.04,0.33,27.57,27.58,786,4612,3588,True
32492,10/12/2020,09:01:32,82.2,17.19,5.47,94.14,13.43,7.0,94.01,13.43,0.0,0.0,27.61,27.33,69,0,11,0.07,23.01,106.04,7.02,27.61,27.61,801,4612,3588,True
32507,10/12/2020,09:01:47,82.2,14.61,5.96,87.29,13.42,6.49,87.23,13.42,0.0,0.0,27.63,27.35,70,0,11,0.07,23.01,106.04,6.49,27.63,27.63,816,4612,3588,True
32522,10/12/2020,09:02:02,82.2,16.81,5.64,95.08,13.43,7.09,95.21,13.43,0.0,0.0,27.66,27.36,70,0,11,0.07,23.01,106.04,7.07,27.65,27.66,1027,4612,3588,True
32537,10/12/2020,09:02:17,82.3,16.81,5.67,95.08,13.44,7.09,95.21,13.43,0.0,0.0,27.68,27.38,71,0,11,0.07,23.01,106.04,7.1,27.68,27.68,1042,4612,3588,True
32552,10/12/2020,09:02:32,82.3,16.81,5.65,95.42,13.44,7.1,95.42,13.43,0.0,0.0,27.7,27.4,72,0,11,0.07,23.01,106.04,7.1,27.7,27.7,1057,4612,3588,True
32567,10/12/2020,09:02:47,82.4,16.81,5.68,95.62,13.43,7.12,95.69,13.43,0.0,0.0,27.71,27.43,73,0,11,0.07,23.01,106.04,7.12,27.71,27.72,1072,4612,3588,True
32582,10/12/2020,09:03:02,82.4,16.85,5.67,95.62,13.43,7.11,95.82,13.44,0.0,0.0,27.72,27.44,73,0,11,0.07,23.01,106.04,7.11,27.71,27.72,1283,4612,3588,True
32597,10/12/2020,09:03:17,82.5,16.81,5.69,95.55,13.43,7.1,95.42,13.43,0.0,0.0,27.74,27.46,73,0,11,0.07,23.01,106.04,7.13,27.74,27.74,1298,4612,3588,True
32612,10/12/2020,09:03:32,82.5,16.8,5.69,95.89,13.44,7.15,95.82,13.44,0.0,0.0,27.79,27.48,73,0,11,0.07,23.01,106.04,7.13,27.78,27.78,1313,4612,3588,True
32627,10/12/2020,09:03:47,82.5,16.88,5.7,95.96,13.44,7.16,96.23,13.44,0.0,0.0,27.81,27.51,74,0,11,0.08,23.02,106.05,7.14,27.82,27.81,1328,4612,3588,True
32642,10/12/2020,09:04:02,82.5,16.91,5.68,96.09,13.44,7.16,96.23,13.43,0.0,0.0,27.82,27.51,74,0,11,0.08,23.02,106.05,7.16,27.82,27.82,1539,4612,3588,True
32657,10/12/2020,09:04:17,82.5,16.92,5.68,96.09,13.44,7.18,96.49,13.44,0.0,0.0,27.86,27.54,73,0,11,0.08,23.02,106.05,7.16,27.85,27.85,1554,4612,3588,True
32672,10/12/2020,09:04:32,82.5,16.97,5.68,96.23,13.44,7.16,96.36,13.44,0.0,0.0,27.9,27.56,74,0,11,0.08,23.02,106.05,7.17,27.91,27.9,1569,4612,3588,True
32687,10/12/2020,09:04:47,82.5,16.96,5.66,96.49,13.44,7.18,96.49,13.44,0.0,0.0,27.9,27.58,74,0,11,0.08,23.02,106.05,7.17,27.92,27.91,1584,4612,3588,True
32702,10/12/2020,09:05:02,82.5,16.95,5.69,96.9,13.44,7.21,96.63,13.44,0.0,0.0,27.9,27.59,74,0,11,0.08,23.02,106.05,7.2,27.9,27.9,1795,4612,3588,True
32717,10/12/2020,09:05:17,82.5,16.93,5.73,96.9,13.44,7.22,96.9,13.44,0.0,0.0,27.89,27.62,74,0,11,0.08,23.02,106.05,7.22,27.9,27.9,1810,4612,3588,True
32732,10/12/2020,09:05:32,82.5,16.98,5.72,97.3,13.44,7.22,97.03,13.44,0.0,0.0,27.9,27.64,74,0,11,0.08,23.02,106.05,7.22,27.9,27.9,1825,4612,3588,True
32747,10/12/2020,09:05:47,82.5,16.98,5.73,97.17,13.44,7.22,97.03,13.44,0.0,0.0,27.9,27.65,74,0,11,0.08,23.02,106.05,7.25,27.91,27.91,1840,4612,3588,True
32762,10/12/2020,09:06:02,82.5,16.99,5.73,97.3,13.44,7.23,97.44,13.44,0.0,0.0,27.94,27.67,74,0,11,0.08,23.02,106.05,7.23,27.94,27.94,2051,4612,3588,True
32777,10/12/2020,09:06:17,82.5,16.98,5.73,97.03,13.44,7.24,97.3,13.44,0.0,0.0,28.01,27.69,74,0,11,0.08,23.02,106.05,7.25,27.99,28.0,2066,4612,3588,True
32792,10/12/2020,09:06:32,82.5,16.93,5.77,97.7,13.44,7.25,97.44,13.44,0.0,0.0,27.99,27.7,74,0,11,0.08,23.02,106.05,7.28,27.99,27.99,2081,4612,3588,True
32807,10/12/2020,09:06:47,82.5,16.92,5.77,97.7,13.45,7.24,97.3,13.44,0.0,0.0,27.99,27.73,74,0,11,0.08,23.02,106.05,7.28,28.0,27.99,2096,4612,3588,True
32822,10/12/2020,09:07:02,82.5,16.92,5.77,97.91,13.45,7.26,98.24,13.44,0.0,0.0,28.02,27.73,74,0,11,0.08,23.02,106.05,7.29,28.03,28.03,2307,4612,3588,True
32837,10/12/2020,09:07:17,82.5,16.96,5.79,98.24,13.44,7.27,97.7,13.44,0.0,0.0,28.07,27.76,74,0,11,0.08,23.02,106.05,7.29,28.08,28.08,2322,4612,3588,True
32852,10/12/2020,09:07:32,82.5,16.98,5.76,97.91,13.44,7.29,98.24,13.45,0.0,0.0,28.09,27.77,74,0,11,0.08,23.02,106.05,7.32,28.07,28.07,2337,4612,3588,True
32867,10/12/2020,09:07:47,82.5,16.98,5.8,98.38,13.44,7.32,98.45,13.45,0.0,0.0,28.08,27.79,74,0,11,0.08,23.02,106.05,7.35,28.09,28.07,2352,4612,3588,True
32882,10/12/2020,09:08:02,82.5,16.98,5.82,98.58,13.45,7.34,98.51,13.45,0.0,0.0,28.11,27.8,74,0,11,0.08,23.02,106.05,7.29,28.11,28.12,2563,4612,3588,True
32897,10/12/2020,09:08:17,82.5,16.98,5.84,98.99,13.45,7.38,98.78,13.45,0.0,0.0,28.14,27.82,74,0,11,0.08,23.02,106.05,7.37,28.14,28.13,2578,4612,3588,True
32912,10/12/2020,09:08:32,82.5,16.98,5.82,98.85,13.45,7.35,99.18,13.44,0.0,0.0,28.17,27.84,74,0,11,0.08,23.02,106.05,7.34,28.15,28.17,2593,4612,3588,True
32927,10/12/2020,09:08:47,82.5,16.98,5.8,98.64,13.45,7.36,99.12,13.45,0.0,0.0,28.18,27.86,74,0,11,0.08,23.02,106.05,7.36,28.19,28.18,2608,4612,3588,True
32942,10/12/2020,09:09:02,82.5,16.99,5.8,98.72,13.45,7.35,98.85,13.45,0.0,0.0,28.19,27.87,74,0,11,0.08,23.02,106.05,7.38,28.2,28.2,2819,4612,3588,True
32957,10/12/2020,09:09:17,82.5,16.95,5.84,99.26,13.45,7.4,99.05,13.45,0.0,0.0,28.22,27.88,74,0,11,0.08,23.02,106.05,7.39,28.22,28.22,2834,4612,3588,True
32972,10/12/2020,09:09:32,82.5,16.96,5.87,99.53,13.45,7.42,99.39,13.45,0.0,0.0,28.21,27.91,74,0,11,0.08,23.02,106.05,7.4,28.22,28.21,2849,4612,3588,True
32987,10/12/2020,09:09:47,82.5,16.88,5.92,99.93,13.45,7.44,100.06,13.45,0.0,0.0,28.22,27.94,74,0,11,0.08,23.02,106.05,7.43,28.22,28.21,2864,4612,3588,True
33002,10/12/2020,09:10:02,82.5,16.95,5.9,99.79,13.45,7.44,99.93,13.45,0.0,0.0,28.22,27.94,74,0,11,0.09,23.03,106.06,7.42,28.24,28.24,3075,4612,3588,True
33017,10/12/2020,09:10:17,82.5,16.95,5.89,100.06,13.45,7.45,100.06,13.45,0.0,0.0,28.26,27.96,74,0,11,0.09,23.03,106.06,7.42,28.26,28.25,3090,4612,3588,True
33032,10/12/2020,09:10:32,82.5,16.99,5.9,100.68,13.46,7.47,100.6,13.45,0.0,0.0,28.27,27.99,74,0,11,0.09,23.03,106.06,7.47,28.27,28.28,3105,4612,3588,True
33047,10/12/2020,09:10:47,82.6,16.97,5.91,100.27,13.45,7.47,100.47,13.45,0.0,0.0,28.32,27.99,74,0,11,0.09,23.03,106.06,7.47,28.31,28.32,3120,4612,3588,True
33062,10/12/2020,09:11:02,83.0,16.98,5.92,100.74,13.45,7.47,100.33,13.45,0.0,0.0,28.34,28.01,74,0,11,0.09,23.03,106.06,7.48,28.34,28.34,3331,4612,3588,True
33077,10/12/2020,09:11:17,83.1,16.98,5.93,101.27,13.45,7.51,101.0,13.46,0.0,0.0,28.37,28.03,75,0,11,0.09,23.03,106.06,7.5,28.36,28.36,3346,4612,3588,True
33092,10/12/2020,09:11:32,83.2,16.99,5.93,101.0,13.45,7.5,100.8,13.45,0.0,0.0,28.39,28.04,75,0,11,0.09,23.03,106.06,7.49,28.39,28.37,3361,4612,3588,True
