55764,12/09/2020,15:29:24,80.5,16.84,1.59,26.94,13.47,2.0,26.92,13.47,0.0,0.0,26.69,27.72,74,0,11,0.5,3.18,127.73,2.0,26.69,26.69,5640,1034,3589,True
55779,12/09/2020,15:29:39,80.5,16.82,1.56,26.4,13.47,1.93,26.13,13.47,0.0,0.0,26.69,27.72,74,0,11,0.5,3.18,127.73,1.95,26.69,26.69,5655,1034,3589,True
55794,12/09/2020,15:29:54,80.6,16.94,1.5,25.59,13.47,1.9,25.45,13.46,0.0,0.0,26.68,27.72,74,0,11,0.5,3.18,127.73,1.89,26.68,26.69,5670,1034,3589,True
55809,12/09/2020,15:30:09,80.6,16.87,1.48,24.78,13.47,1.86,24.9,13.46,0.0,0.0,26.69,27.73,74,0,11,0.5,3.18,127.73,1.83,26.68,26.7,5685,1034,3589,True
55824,12/09/2020,15:30:24,80.6,16.95,1.43,24.36,13.46,1.8,24.22,13.46,0.0,0.0,26.69,27.72,74,0,11,0.5,3.18,127.73,1.81,26.69,26.68,5896,1034,3589,True
55839,12/09/2020,15:30:39,80.6,17.04,1.38,23.42,13.46,1.75,23.42,13.46,0.0,0.0,26.67,27.73,74,0,11,0.5,3.18,127.73,1.77,26.68,26.67,5911,1034,3589,True
55854,12/09/2020,15:30:54,80.6,17.05,1.34,23.01,13.46,1.7,22.88,13.46,0.0,0.0,26.66,27.72,73,0,11,0.5,3.18,127.73,1.7,26.66,26.66,5926,1034,3589,True
55869,12/09/2020,15:31:09,80.6,17.01,1.3,22.47,13.46,1.66,22.34,13.46,0.0,0.0,26.65,27.71,73,0,11,0.5,3.18,127.73,1.65,26.65,26.66,5941,1034,3589,True
55884,12/09/2020,15:31:24,80.6,17.03,1.28,21.67,13.46,1.61,21.8,13.46,0.0,0.0,26.66,27.72,73,0,11,0.5,3.18,127.73,1.61,26.65,26.65,6152,1034,3589,True
55899,12/09/2020,15:31:39,80.6,17.0,1.26,21.53,13.46,1.59,21.4,13.45,0.0,0.0,26.66,27.72,73,0,11,0.5,3.18,127.73,1.6,26.65,26.66,6167,1034,3589,True
55914,12/09/2020,15:31:54,80.6,16.95,1.24,21.13,13.46,1.57,21.13,13.45,0.0,0.0,26.65,27.72,73,0,11,0.5,3.18,127.73,1.58,26.66,26.64,6182,1034,3589,True
55929,12/09/2020,15:32:09,80.6,17.05,1.2,20.86,13.46,1.55,20.99,13.45,0.0,0.0,26.65,27.72,73,0,11,0.5,3.18,127.73,1.56,26.64,26.63,6197,1034,3589,True
55944,12/09/2020,15:32:24,80.6,17.14,1.19,20.45,13.46,1.53,20.57,13.45,0.0,0.0,26.63,27.72,73,0,11,0.5,3.18,127.73,1.53,26.63,26.63,6408,1034,3589,True
55959,12/09/2020,15:32:39,80.6,17.13,1.17,20.3,13.46,1.52,20.3,13.46,0.0,0.0,26.64,27.72,73,0,11,0.5,3.18,127.73,1.5,26.63,26.63,6423,1034,3589,True
55974,12/09/2020,15:32:54,80.6,17.24,1.15,19.78,13.45,1.47,19.78,13.46,0.0,0.0,26.62,27.72,73,0,11,0.5,3.18,127.73,1.47,26.62,26.62,6438,1034,3589,True
55989,12/09/2020,15:33:09,80.6,17.27,1.12,19.36,13.45,1.45,19.51,13.45,0.0,0.0,26.62,27.73,73,0,11,0.5,3.18,127.73,1.44,26.62,26.63,6453,1034,3589,True
56004,12/09/2020,15:33:24,80.6,17.25,1.12,18.96,13.45,1.41,19.09,13.45,0.0,0.0,26.62,27.72,73,0,11,0.5,3.18,127.73,1.44,26.61,26.62,6664,1034,3589,True
56019,12/09/2020,15:33:39,80.6,17.27,1.08,18.42,13.45,1.36,18.42,13.45,0.0,0.0,26.62,27.73,73,0,11,0.5,3.18,127.73,1.37,26.62,26.62,6679,1034,3589,True
56034,12/09/2020,15:33:54,80.6,17.23,1.05,18.15,13.45,1.34,18.02,13.45,0.0,0.0,26.62,27.72,73,0,11,0.5,3.18,127.73,1.35,26.62,26.61,6694,1034,3589,True
56049,12/09/2020,15:34:09,80.6,17.19,1.0,17.35,13.45,1.29,17.35,13.45,0.0,0.0,26.6,27.72,73,0,11,0.5,3.18,127.73,1.3,26.61,26.62,6709,1034,3589,True
56064,12/09/2020,15:34:24,80.5,17.11,0.99,17.06,13.45,1.26,17.08,13.45,0.0,0.0,26.6,27.73,73,0,11,0.5,3.18,127.73,1.25,26.62,26.6,6920,1034,3589,True
56079,12/09/2020,15:34:39,80.5,17.02,0.95,16.26,13.45,1.22,16.4,13.44,0.0,0.0,26.6,27.72,72,0,11,0.5,3.18,127.73,1.21,26.61,26.6,6935,1034,3589,True
56094,12/09/2020,15:34:54,80.5,16.05,0.98,15.73,13.44,1.18,15.73,13.44,0.0,0.0,26.58,27.71,72,0,11,0.5,3.18,127.73,1.17,26.57,26.57,6950,1034,3589,True
56109,12/09/2020,15:35:09,80.4,14.63,0.98,14.38,13.44,1.09,14.64,13.44,0.0,0.0,26.57,27.72,73,0,11,0.5,3.18,127.73,1.07,26.58,26.57,6965,1034,3589,True
56124,12/09/2020,15:35:24,80.4,14.25,0.97,13.7,13.44,1.03,13.84,13.44,0.0,0.0,26.53,27.71,72,0,11,0.5,3.18,127.73,1.02,26.54,26.54,7176,1034,3589,True
56139,12/09/2020,15:35:39,80.4,14.24,0.93,13.44,13.44,0.99,13.43,13.43,0.0,0.0,26.53,27.7,72,0,11,0.5,3.18,127.73,1.0,26.54,26.53,7191,1034,3589,True
56154,12/09/2020,15:35:54,80.4,14.24,0.91,12.9,13.43,0.97,13.02,13.44,0.0,0.0,26.53,27.7,72,0,11,0.5,3.18,127.73,0.96,26.52,26.53,7206,1034,3589,True
56169,12/09/2020,15:36:09,80.4,14.25,0.89,12.63,13.44,0.92,12.62,13.44,0.0,0.0,26.51,27.71,72,0,11,0.5,3.18,127.73,0.93,26.52,26.52,7221,1034,3589,True
56184,12/09/2020,15:36:24,80.4,14.23,0.86,12.36,13.44,0.91,12.22,13.43,0.0,0.0,26.5,27.71,72,0,11,0.5,3.18,127.73,0.92,26.51,26.51,7432,1034,3589,True
56199,12/09/2020,15:36:39,80.4,14.26,0.84,12.09,13.44,0.9,12.08,13.43,0.0,0.0,26.5,27.69,72,0,11,0.5,3.18,127.73,0.9,26.51,26.5,7447,1034,3589,True
56214,12/09/2020,15:36:54,80.4,14.24,0.82,11.96,13.44,0.87,11.69,13.43,0.0,0.0,26.49,27.7,72,0,11,0.5,3.18,127.73,0.87,26.49,26.51,7462,1034,3589,True
56229,12/09/2020,15:37:09,80.4,14.23,0.81,11.54,13.43,0.87,11.69,13.43,0.0,0.0,26.5,27.69,72,0,11,0.5,3.18,127.73,0.86,26.51,26.49,7477,1034,3589,True
56244,12/09/2020,15:37:24,80.4,14.24,0.79,11.28,13.43,0.85,11.54,13.43,0.0,0.0,26.51,27.69,72,0,11,0.5,3.18,127.73,0.85,26.5,26.51,7688,1034,3589,True
56259,12/09/2020,15:37:39,80.4,14.24,0.79,11.28,13.43,0.86,11.54,13.43,0.0,0.0,26.51,27.68,72,0,11,0.5,3.18,127.73,0.85,26.5,26.5,7703,1034,3589,True
56274,12/09/2020,15:37:54,80.4,14.25,0.79,11.28,13.43,0.84,11.15,13.43,0.0,0.0,26.52,27.68,72,0,11,0.5,3.18,127.73,0.83,26.52,26.52,7718,1034,3589,True
56289,12/09/2020,15:38:09,80.4,14.22,0.78,11.28,13.43,0.83,11.14,13.43,0.0,0.0,26.51,27.68,72,0,11,0.5,3.18,127.73,0.82,26.51,26.51,7733,1034,3589,True
56304,12/09/2020,15:38:24,80.4,14.24,0.77,11.01,13.43,0.81,11.01,13.43,0.0,0.0,26.5,27.68,72,0,11,0.5,3.18,127.73,0.82,26.52,26.52,7944,1034,3589,True
56319,12/09/2020,15:38:39,80.4,14.24,0.75,10.74,13.43,0.8,10.74,13.43,0.0,0.0,26.5,27.69,72,0,11,0.5,3.18,127.73,0.82,26.5,26.51,7959,1034,3589,True
56334,12/09/2020,15:38:54,80.4,14.24,0.77,10.87,13.43,0.8,11.01,13.43,0.0,0.0,26.51,27.68,72,0,11,0.5,3.18,127.73,0.81,26.5,26.5,7974,1034,3589,True
56349,12/09/2020,15:39:09,80.4,14.22,0.76,10.74,13.43,0.81,10.74,13.43,0.0,0.0,26.5,27.66,72,0,11,0.5,3.18,127.73,0.8,26.49,26.5,7989,1034,3589,True
56364,12/09/2020,15:39:24,80.4,14.25,0.76,10.87,13.43,0.81,10.74,13.43,0.0,0.0,26.5,27.67,72,0,11,0.5,3.18,127.73,0.8,26.5,26.5,8200,1034,3589,True
56379,12/09/2020,15:39:39,80.4,14.22,0.77,11.01,13.43,0.81,11.01,13.43,0.0,0.0,26.49,27.66,72,0,11,0.5,3.18,127.73,0.81,26.49,26.49,8215,1034,3589,True
56394,12/09/2020,15:39:54,80.4,14.24,0.76,10.87,13.43,0.83,11.01,13.43,0.0,0.0,26.5,27.67,72,0,11,0.5,3.18,127.73,0.82,26.5,26.5,8230,1034,3589,True
56409,12/09/2020,15:40:09,80.3,14.25,0.77,11.14,13.43,0.81,10.87,13.43,0.0,0.0,26.47,27.67,72,0,11,0.5,3.18,127.73,0.82,26.48,26.48,8245,1034,3589,True
56424,12/09/2020,15:40:24,80.3,14.22,0.78,11.01,13.43,0.83,11.28,13.43,0.0,0.0,26.49,27.66,72,0,11,0.5,3.18,127.73,0.84,26.49,26.48,8456,1034,3589,True
56439,12/09/2020,15:40:39,80.3,14.23,0.79,11.14,13.43,0.84,11.28,13.43,0.0,0.0,26.47,27.67,72,0,11,0.5,3.18,127.73,0.83,26.47,26.48,8471,1034,3589,True
56454,12/09/2020,15:40:54,80.3,14.24,0.82,11.54,13.43,0.86,11.68,13.43,0.0,0.0,26.48,27.68,72,0,11,0.5,3.18,127.73,0.87,26.47,26.47,8486,1034,3589,True
56469,12/09/2020,15:41:09,80.3,14.23,0.84,12.08,13.43,0.9,11.95,13.43,0.0,0.0,26.48,27.67,72,0,11,0.5,3.18,127.73,0.91,26.47,26.47,8501,1034,3589,True
56484,12/09/2020,15:41:24,80.3,14.24,0.85,12.35,13.43,0.92,12.35,13.43,0.0,0.0,26.47,27.66,72,0,11,0.5,3.18,127.73,0.91,26.49,26.47,8712,1034,3589,True
56499,12/09/2020,15:41:39,80.3,14.24,0.86,12.35,13.43,0.92,12.48,13.43,0.0,0.0,26.47,27.67,72,0,11,0.5,3.18,127.73,0.92,26.47,26.48,8727,1034,3589,True
56514,12/09/2020,15:41:54,80.3,14.23,0.87,12.48,13.43,0.93,12.35,13.43,0.0,0.0,26.47,27.67,72,0,11,0.5,3.18,127.73,0.93,26.47,26.48,8742,1034,3589,True
56529,12/09/2020,15:42:09,80.3,14.26,0.89,12.75,13.43,0.96,12.62,13.43,0.0,0.0,26.48,27.67,72,0,11,0.5,3.18,127.73,0.96,26.47,26.47,8757,1034,3589,True
56544,12/09/2020,15:42:24,80.3,14.24,0.92,13.29,13.43,0.98,13.16,13.43,0.0,0.0,26.48,27.66,72,0,11,0.5,3.18,127.73,0.99,26.48,26.46,8968,1034,3589,True
56559,12/09/2020,15:42:39,80.3,14.25,0.94,13.16,13.43,0.98,13.16,13.43,0.0,0.0,26.48,27.67,72,0,11,0.5,3.18,127.73,0.97,26.47,26.47,8983,1034,3589,True
56574,12/09/2020,15:42:54,80.3,14.25,0.93,13.43,13.43,0.98,13.43,13.43,0.0,0.0,26.47,27.66,72,0,11,0.5,3.18,127.73,0.99,26.48,26.47,8998,1034,3589,True
56589,12/09/2020,15:43:09,80.3,14.22,0.95,13.69,13.43,1.01,13.69,13.43,0.0,0.0,26.47,27.66,72,0,11,0.5,3.18,127.73,1.01,26.46,26.46,9013,1034,3589,True
56604,12/09/2020,15:43:24,80.3,14.23,0.96,13.69,13.43,1.03,13.95,13.43,0.0,0.0,26.46,27.66,72,0,11,0.5,3.18,127.73,1.03,26.47,26.45,9224,1034,3589,True
56619,12/09/2020,15:43:39,80.3,14.22,0.99,14.23,13.43,1.04,14.23,13.43,0.0,0.0,26.46,27.66,72,0,11,0.5,3.18,127.73,1.04,26.45,26.46,9239,1034,3589,True
56634,12/09/2020,15:43:54,80.3,14.23,0.99,14.24,13.43,1.07,14.24,13.43,0.0,0.0,26.45,27.66,72,0,11,0.5,3.18,127.73,1.08,26.45,26.45,9254,1034,3589,True
56649,12/09/2020,15:44:09,80.3,14.23,1.02,14.63,13.43,1.08,14.51,13.43,0.0,0.0,26.43,27.68,72,0,11,0.5,3.18,127.73,1.08,26.45,26.44,9269,1034,3589,True
56664,12/09/2020,15:44:24,80.3,14.23,1.04,14.9,13.43,1.1,15.04,13.43,0.0,0.0,26.43,27.67,72,0,11,0.5,3.18,127.73,1.12,26.43,26.43,9480,1034,3589,True
56679,12/09/2020,15:44:39,80.3,14.24,1.07,15.17,13.43,1.14,15.32,13.44,0.0,0.0,26.44,27.65,72,0,11,0.5,3.18,127.73,1.13,26.43,26.43,9495,1034,3589,True
56694,12/09/2020,15:44:54,80.3,14.24,1.07,15.32,13.43,1.15,15.59,13.43,0.0,0.0,26.42,27.65,72,0,11,0.5,3.18,127.73,1.15,26.42,26.42,9510,1034,3589,True
56709,12/09/2020,15:45:09,80.3,14.23,1.1,15.71,13.43,1.18,15.84,13.43,0.0,0.0,26.43,27.66,72,0,11,0.5,3.18,127.73,1.18,26.42,26.43,9525,1034,3589,True
56724,12/09/2020,15:45:24,80.3,14.23,1.13,16.11,13.43,1.2,16.12,13.44,0.0,0.0,26.43,27.66,72,0,11,0.5,3.18,127.73,1.21,26.44,26.43,9736,1034,3589,True
56739,12/09/2020,15:45:39,80.3,14.24,1.17,16.78,13.44,1.25,16.53,13.43,0.0,0.0,26.44,27.67,72,0,11,0.5,3.18,127.73,1.24,26.43,26.44,9751,1034,3589,True
56754,12/09/2020,15:45:54,80.3,14.24,1.17,16.53,13.43,1.24,16.78,13.43,0.0,0.0,26.43,27.66,72,0,11,0.5,3.18,127.73,1.24,26.42,26.43,9766,1034,3589,True
56769,12/09/2020,15:46:09,80.2,14.25,1.19,17.06,13.43,1.25,16.8,13.44,0.0,0.0,26.41,27.65,72,0,11,0.5,3.18,127.73,1.26,26.43,26.43,9781,1034,3589,True
56784,12/09/2020,15:46:24,80.3,14.24,1.19,17.05,13.44,1.27,16.93,13.44,0.0,0.0,26.42,27.65,72,0,11,0.5,3.18,127.73,1.27,26.42,26.42,9992,1034,3589,True
56799,12/09/2020,15:46:39,80.2,14.24,1.21,17.47,13.44,1.3,17.45,13.43,0.0,0.0,26.42,27.67,72,0,11,0.5,3.18,127.73,1.3,26.42,26.43,10007,1034,3589,True
56814,12/09/2020,15:46:54,80.2,14.24,1.23,17.47,13.44,1.31,17.45,13.44,0.0,0.0,26.41,27.66,72,0,11,0.5,3.18,127.73,1.3,26.41,26.41,10022,1034,3589,True
56829,12/09/2020,15:47:09,80.2,14.25,1.24,17.74,13.44,1.33,17.74,13.44,0.0,0.0,26.41,27.65,72,0,11,0.5,3.18,127.73,1.33,26.41,26.4,10037,1034,3589,True
56844,12/09/2020,15:47:24,80.2,14.25,1.26,18.0,13.43,1.33,17.86,13.44,0.0,0.0,26.42,27.66,72,0,11,0.5,3.18,127.73,1.34,26.41,26.42,10248,1034,3589,True
56859,12/09/2020,15:47:39,80.2,14.24,1.26,18.14,13.44,1.35,18.27,13.44,0.0,0.0,26.41,27.66,72,0,11,0.5,3.18,127.73,1.36,26.41,26.41,10263,1034,3589,True
56874,12/09/2020,15:47:54,80.2,14.23,1.27,18.14,13.43,1.37,18.27,13.44,0.0,0.0,26.4,27.65,72,0,11,0.5,3.18,127.73,1.36,26.4,26.41,10278,1034,3589,True
56889,12/09/2020,15:48:09,80.2,14.25,1.32,18.81,13.44,1.4,18.81,13.44,0.0,0.0,26.4,27.66,72,0,11,0.5,3.18,127.73,1.4,26.39,26.4,10293,1034,3589,True
56904,12/09/2020,15:48:24,80.2,14.25,1.32,18.68,13.44,1.41,18.95,13.44,0.0,0.0,26.4,27.65,72,0,11,0.5,3.18,127.73,1.4,26.41,26.4,10504,1034,3589,True
56919,12/09/2020,15:48:39,80.2,14.25,1.33,19.21,13.44,1.42,19.21,13.44,0.0,0.0,26.41,27.66,72,0,11,0.5,3.18,127.73,1.43,26.41,26.41,10519,1034,3589,True
56934,12/09/2020,15:48:54,80.2,14.25,1.35,19.35,13.44,1.45,19.35,13.44,0.0,0.0,26.42,27.66,72,0,11,0.5,3.18,127.73,1.44,26.41,26.42,10534,1034,3589,True
56949,12/09/2020,15:49:09,80.2,14.24,1.36,19.62,13.44,1.46,19.35,13.44,0.0,0.0,26.4,27.66,72,0,11,0.5,3.18,127.73,1.45,26.41,26.41,10549,1034,3589,True
56964,12/09/2020,15:49:24,80.2,14.23,1.37,19.75,13.44,1.46,19.62,13.44,0.0,0.0,26.41,27.66,72,0,11,0.5,3.18,127.73,1.47,26.41,26.41,10760,1034,3589,True
56979,12/09/2020,15:49:39,80.2,14.26,1.38,19.75,13.44,1.49,19.89,13.44,0.0,0.0,26.39,27.66,72,0,11,0.5,3.18,127.73,1.49,26.4,26.4,10775,1034,3589,True
56994,12/09/2020,15:49:54,80.2,14.33,1.41,20.16,13.44,1.51,20.29,13.44,0.0,0.0,26.4,27.66,72,0,11,0.5,3.18,127.73,1.5,26.39,26.4,10790,1034,3589,True
57009,12/09/2020,15:50:09,80.2,14.35,1.41,20.29,13.44,1.52,20.16,13.43,0.0,0.0,26.39,27.67,72,0,11,0.5,3.18,127.73,1.52,26.39,26.39,10805,1034,3589,True
57024,12/09/2020,15:50:24,80.0,14.49,1.42,20.69,13.44,1.53,20.56,13.44,0.0,0.0,26.39,27.66,72,0,11,0.5,3.18,127.73,1.54,26.4,26.39,11016,1034,3589,True
57039,12/09/2020,15:50:39,80.0,14.53,1.44,20.98,13.44,1.56,21.1,13.44,0.0,0.0,26.38,27.66,72,0,11,0.5,3.18,127.73,1.56,26.38,26.38,11031,1034,3589,True
57054,12/09/2020,15:50:54,80.2,14.58,1.46,21.36,13.44,1.6,21.5,13.44,0.0,0.0,26.38,27.66,73,0,11,0.5,3.18,127.73,1.6,26.37,26.38,11046,1034,3589,True
57069,12/09/2020,15:51:09,80.0,14.69,1.5,21.77,13.45,1.62,22.04,13.45,0.0,0.0,26.37,27.66,72,0,11,0.5,3.18,127.73,1.63,26.38,26.37,11061,1034,3589,True
57084,12/09/2020,15:51:24,80.0,14.7,1.49,22.05,13.44,1.64,22.04,13.45,0.0,0.0,26.38,27.66,72,0,11,0.5,3.18,127.73,1.65,26.37,26.38,11272,1034,3589,True
57099,12/09/2020,15:51:39,80.0,14.69,1.51,22.32,13.44,1.66,22.19,13.44,0.0,0.0,26.36,27.66,72,0,11,0.5,3.18,127.73,1.66,26.36,26.37,11287,1034,3589,True
57114,12/09/2020,15:51:54,80.0,14.73,1.52,22.44,13.44,1.66,22.59,13.44,0.0,0.0,26.37,27.67,72,0,11,0.5,3.18,127.73,1.67,26.37,26.37,11302,1034,3589,True
57129,12/09/2020,15:52:09,80.0,14.8,1.53,22.71,13.44,1.69,22.71,13.44,0.0,0.0,26.36,27.67,72,0,11,0.5,3.18,127.73,1.7,26.36,26.36,11317,1034,3589,True
57144,12/09/2020,15:52:24,80.0,14.77,1.53,22.73,13.45,1.7,22.86,13.44,0.0,0.0,26.35,27.66,72,0,11,0.5,3.18,127.73,1.7,26.36,26.35,11528,1034,3589,True
57159,12/09/2020,15:52:39,79.9,14.68,1.56,22.86,13.45,1.7,22.84,13.45,0.0,0.0,26.33,27.66,73,0,11,0.5,3.18,127.73,1.71,26.33,26.34,11543,1034,3589,True
57174,12/09/2020,15:52:54,79.9,14.8,1.55,23.13,13.44,1.72,23.26,13.45,0.0,0.0,26.34,27.67,73,0,11,0.5,3.18,127.73,1.73,26.34,26.33,11558,1034,3589,True
57189,12/09/2020,15:53:09,79.9,14.89,1.57,23.25,13.45,1.73,23.52,13.45,0.0,0.0,26.34,27.67,72,0,11,0.5,3.18,127.73,1.75,26.33,26.34,11573,1034,3589,True
57204,12/09/2020,15:53:24,79.9,14.95,1.57,23.65,13.45,1.76,23.4,13.45,0.0,0.0,26.33,27.68,72,0,11,0.5,3.18,127.73,1.74,26.33,26.34,11784,1034,3589,True
57219,12/09/2020,15:53:39,79.9,15.03,1.57,23.53,13.45,1.76,23.4,13.45,0.0,0.0,26.33,27.68,73,0,11,0.5,3.18,127.73,1.76,26.33,26.33,11799,1034,3589,True
57234,12/09/2020,15:53:54,79.9,15.03,1.57,23.53,13.45,1.76,23.67,13.45,0.0,0.0,26.33,27.67,72,0,11,0.5,3.18,127.73,1.75,26.32,26.33,11814,1034,3589,True
57249,12/09/2020,15:54:09,79.9,15.15,1.56,23.78,13.44,1.75,23.67,13.45,0.0,0.0,26.33,27.68,72,0,11,0.5,3.18,127.73,1.77,26.33,26.31,11829,1034,3589,True
57264,12/09/2020,15:54:24,79.8,15.26,1.55,23.78,13.44,1.77,23.8,13.44,0.0,0.0,26.32,27.68,72,0,11,0.5,3.18,127.73,1.75,26.31,26.31,12040,1034,3589,True
57279,12/09/2020,15:54:39,79.8,15.24,1.55,23.53,13.45,1.76,23.78,13.44,0.0,0.0,26.3,27.69,72,0,11,0.5,3.18,127.73,1.76,26.32,26.3,12055,1034,3589,True
57294,12/09/2020,15:54:54,79.8,15.25,1.53,23.53,13.45,1.74,23.52,13.44,0.0,0.0,26.32,27.68,72,0,11,0.5,3.18,127.73,1.74,26.3,26.3,12070,1034,3589,True
57309,12/09/2020,15:55:09,79.8,15.31,1.52,23.38,13.44,1.76,23.53,13.44,0.0,0.0,26.31,27.69,73,0,11,0.5,3.18,127.73,1.75,26.31,26.32,12085,1034,3589,True
57324,12/09/2020,15:55:24,79.8,15.34,1.52,23.4,13.45,1.75,23.25,13.44,0.0,0.0,26.3,27.68,73,0,11,0.5,3.18,127.73,1.75,26.3,26.29,12296,1034,3589,True
57339,12/09/2020,15:55:39,79.8,15.31,1.51,23.25,13.45,1.73,23.26,13.45,0.0,0.0,26.3,27.69,72,0,11,0.5,3.18,127.73,1.74,26.29,26.29,12311,1034,3589,True
57354,12/09/2020,15:55:54,79.8,15.27,1.51,23.11,13.45,1.73,23.25,13.44,0.0,0.0,26.3,27.7,72,0,11,0.5,3.18,127.73,1.72,26.3,26.29,12326,1034,3589,True
57369,12/09/2020,15:56:09,79.8,15.33,1.5,23.13,13.44,1.72,23.13,13.45,0.0,0.0,26.29,27.69,72,0,11,0.51,3.19,127.74,1.72,26.29,26.29,12341,1034,3589,True
57384,12/09/2020,15:56:24,79.8,15.32,1.5,23.13,13.45,1.72,22.98,13.45,0.0,0.0,26.29,27.7,73,0,11,0.51,3.19,127.74,1.72,26.29,26.29,12552,1034,3589,True
57399,12/09/2020,15:56:39,79.8,15.45,1.48,22.84,13.44,1.72,23.13,13.44,0.0,0.0,26.29,27.68,73,0,11,0.51,3.19,127.74,1.73,26.3,26.29,12567,1034,3589,True
57414,12/09/2020,15:56:54,79.8,15.43,1.48,22.98,13.45,1.71,22.86,13.44,0.0,0.0,26.29,27.7,73,0,11,0.51,3.19,127.74,1.7,26.3,26.28,12582,1034,3589,True
57429,12/09/2020,15:57:09,79.8,15.5,1.47,22.84,13.45,1.7,22.98,13.44,0.0,0.0,26.29,27.69,72,0,11,0.51,3.19,127.74,1.7,26.3,26.28,12597,1034,3589,True
57444,12/09/2020,15:57:24,79.8,15.59,1.46,22.84,13.44,1.71,22.99,13.44,0.0,0.0,26.28,27.7,73,0,11,0.51,3.19,127.74,1.7,26.3,26.29,12808,1034,3589,True
57459,12/09/2020,15:57:39,79.8,15.58,1.45,22.71,13.44,1.7,22.84,13.44,0.0,0.0,26.28,27.7,72,0,11,0.51,3.19,127.74,1.69,26.28,26.28,12823,1034,3589,True
57474,12/09/2020,15:57:54,79.8,15.59,1.45,22.84,13.45,1.7,22.71,13.44,0.0,0.0,26.28,27.7,72,0,11,0.51,3.19,127.74,1.69,26.28,26.27,12838,1034,3589,True
57489,12/09/2020,15:58:09,79.8,15.58,1.46,22.73,13.45,1.69,22.71,13.44,0.0,0.0,26.27,27.71,72,0,11,0.51,3.19,127.74,1.69,26.28,26.28,12853,1034,3589,True
57504,12/09/2020,15:58:24,79.8,15.65,1.45,22.71,13.44,1.69,22.57,13.44,0.0,0.0,26.26,27.7,72,0,11,0.51,3.19,127.74,1.69,26.27,26.27,13064,1034,3589,True
57519,12/09/2020,15:58:39,79.8,15.63,1.44,22.46,13.44,1.68,22.59,13.44,0.0,0.0,26.26,27.7,72,0,11,0.51,3.19,127.74,1.69,26.27,26.26,13079,1034,3589,True
57534,12/09/2020,15:58:54,79.8,15.67,1.43,22.44,13.44,1.68,22.44,13.45,0.0,0.0,26.27,27.69,72,0,11,0.51,3.19,127.74,1.68,26.25,26.27,13094,1034,3589,True
57549,12/09/2020,15:59:09,79.8,15.67,1.41,22.17,13.44,1.65,22.19,13.45,0.0,0.0,26.27,27.71,72,0,11,0.51,3.19,127.74,1.66,26.26,26.27,13109,1034,3589,True
57564,12/09/2020,15:59:24,79.8,15.57,1.41,22.04,13.44,1.65,22.04,13.45,0.0,0.0,26.26,27.71,72,0,11,0.51,3.19,127.74,1.62,26.26,26.26,13320,1034,3589,True
57579,12/09/2020,15:59:39,79.8,15.66,1.39,21.9,13.43,1.64,21.77,13.44,0.0,0.0,26.25,27.7,72,0,11,0.51,3.19,127.74,1.64,26.25,26.24,13335,1034,3589,True
57594,12/09/2020,15:59:54,79.8,15.62,1.4,21.63,13.44,1.62,21.63,13.44,0.0,0.0,26.24,27.7,72,0,11,0.51,3.19,127.74,1.61,26.22,26.22,13350,1034,3589,True
57609,12/09/2020,16:00:09,79.8,15.61,1.36,21.36,13.44,1.61,21.63,13.44,0.0,0.0,26.22,27.72,72,0,11,0.51,3.19,127.74,1.6,26.23,26.23,13365,1034,3589,True
57624,12/09/2020,16:00:24,79.8,15.69,1.36,21.36,13.44,1.6,21.36,13.44,0.0,0.0,26.21,27.7,72,0,11,0.51,3.19,127.74,1.59,26.21,26.21,13576,1034,3589,True
57639,12/09/2020,16:00:39,79.8,15.66,1.33,21.1,13.44,1.57,20.96,13.44,0.0,0.0,26.22,27.72,72,0,11,0.51,3.19,127.74,1.56,26.22,26.22,13591,1034,3589,True
57654,12/09/2020,16:00:54,79.8,15.66,1.33,20.96,13.44,1.56,20.84,13.44,0.0,0.0,26.21,27.7,72,0,11,0.51,3.19,127.74,1.56,26.21,26.21,13606,1034,3589,True
57669,12/09/2020,16:01:09,79.8,15.73,1.31,20.69,13.44,1.53,20.69,13.44,0.0,0.0,26.2,27.71,72,0,11,0.51,3.19,127.74,1.54,26.21,26.21,13621,1034,3589,True
57684,12/09/2020,16:01:24,79.8,15.68,1.31,20.42,13.44,1.54,20.69,13.43,0.0,0.0,26.21,27.71,72,0,11,0.51,3.19,127.74,1.52,26.2,26.2,13832,1034,3589,True
57699,12/09/2020,16:01:39,79.8,15.93,1.28,20.42,13.44,1.53,20.41,13.44,0.0,0.0,26.2,27.71,72,0,11,0.51,3.19,127.74,1.52,26.2,26.2,13847,1034,3589,True
57714,12/09/2020,16:01:54,79.8,15.92,1.27,20.29,13.44,1.51,20.42,13.44,0.0,0.0,26.2,27.71,72,0,11,0.51,3.19,127.74,1.52,26.2,26.2,13862,1034,3589,True
57729,12/09/2020,16:02:09,79.8,15.88,1.25,19.75,13.44,1.48,19.74,13.44,0.0,0.0,26.2,27.71,72,0,11,0.51,3.19,127.74,1.48,26.19,26.19,13877,1034,3589,True
57744,12/09/2020,16:02:24,79.8,16.01,1.23,19.75,13.44,1.48,19.75,13.44,0.0,0.0,26.18,27.71,72,0,11,0.51,3.19,127.74,1.47,26.2,26.2,14088,1034,3589,True
57759,12/09/2020,16:02:39,79.8,15.99,1.21,19.48,13.44,1.45,19.48,13.44,0.0,0.0,26.2,27.71,72,0,11,0.51,3.19,127.74,1.45,26.19,26.2,14103,1034,3589,True
57774,12/09/2020,16:02:54,79.8,16.04,1.19,19.2,13.43,1.45,19.47,13.44,0.0,0.0,26.17,27.71,72,0,11,0.51,3.19,127.74,1.44,26.18,26.18,14118,1034,3589,True
57789,12/09/2020,16:03:09,79.8,16.09,1.16,18.93,13.44,1.41,19.07,13.44,0.0,0.0,26.18,27.71,72,0,11,0.51,3.19,127.74,1.41,26.17,26.17,14133,1034,3589,True
57804,12/09/2020,16:03:24,79.8,16.09,1.16,18.81,13.44,1.39,18.68,13.43,0.0,0.0,26.17,27.71,72,0,11,0.51,3.19,127.74,1.39,26.17,26.17,14344,1034,3589,True
57819,12/09/2020,16:03:39,79.8,16.14,1.14,18.53,13.43,1.38,18.53,13.44,0.0,0.0,26.16,27.71,72,0,11,0.51,3.19,127.74,1.37,26.16,26.17,14359,1034,3589,True
57834,12/09/2020,16:03:54,79.8,16.12,1.13,18.14,13.43,1.36,18.27,13.43,0.0,0.0,26.17,27.71,72,0,11,0.51,3.19,127.74,1.34,26.16,26.16,14374,1034,3589,True
57849,12/09/2020,16:04:09,79.8,16.23,1.1,17.86,13.43,1.34,17.86,13.43,0.0,0.0,26.17,27.72,72,0,11,0.51,3.19,127.74,1.33,26.16,26.17,14389,1034,3589,True
57864,12/09/2020,16:04:24,79.8,16.28,1.08,17.59,13.43,1.31,17.59,13.43,0.0,0.0,26.15,27.72,72,0,11,0.51,3.19,127.74,1.32,26.16,26.14,14600,1034,3589,True
57879,12/09/2020,16:04:39,79.8,16.27,1.06,17.32,13.43,1.29,17.45,13.43,0.0,0.0,26.16,27.72,72,0,11,0.51,3.19,127.74,1.29,26.15,26.16,14615,1034,3589,True
57894,12/09/2020,16:04:54,79.8,16.26,1.05,17.32,13.43,1.28,17.19,13.43,0.0,0.0,26.13,27.73,72,0,11,0.51,3.19,127.74,1.28,26.14,26.14,14630,1034,3589,True
57909,12/09/2020,16:05:09,79.8,16.26,1.04,16.92,13.43,1.26,16.92,13.43,0.0,0.0,26.15,27.73,72,0,11,0.51,3.19,127.74,1.26,26.13,26.14,14645,1034,3589,True
57924,12/09/2020,16:05:24,79.8,16.2,1.02,16.65,13.43,1.25,16.65,13.43,0.0,0.0,26.13,27.72,72,0,11,0.51,3.19,127.74,1.24,26.13,26.14,14856,1034,3589,True
57939,12/09/2020,16:05:39,79.8,16.15,1.03,16.38,13.43,1.23,16.51,13.43,0.0,0.0,26.13,27.72,72,0,11,0.51,3.19,127.74,1.24,26.12,26.13,14871,1034,3589,True
57954,12/09/2020,16:05:54,79.8,16.24,0.99,16.51,13.43,1.21,16.23,13.43,0.0,0.0,26.12,27.73,72,0,11,0.51,3.19,127.74,1.21,26.12,26.13,14886,1034,3589,True
57969,12/09/2020,16:06:09,79.8,15.38,1.01,15.57,13.42,1.16,15.44,13.42,0.0,0.0,26.11,27.72,72,0,11,0.51,3.19,127.74,1.15,26.11,26.12,14901,1034,3589,True
57984,12/09/2020,16:06:24,79.8,14.22,1.0,14.35,13.42,1.08,14.23,13.42,0.0,0.0,26.11,27.73,71,0,11,0.51,3.19,127.74,1.06,26.11,26.12,15112,1034,3589,True
57999,12/09/2020,16:06:39,79.8,14.24,0.99,14.09,13.42,1.06,14.22,13.42,0.0,0.0,26.11,27.72,71,0,11,0.51,3.19,127.74,1.06,26.1,26.11,15127,1034,3589,True
58014,12/09/2020,16:06:54,79.8,14.21,0.97,13.82,13.42,1.02,13.83,13.43,0.0,0.0,26.11,27.71,71,0,11,0.51,3.19,127.74,1.04,26.11,26.11,15142,1034,3589,True
58029,12/09/2020,16:07:09,79.8,14.22,0.97,13.68,13.42,1.01,13.82,13.42,0.0,0.0,26.1,27.72,71,0,11,0.51,3.19,127.74,1.02,26.09,26.1,15157,1034,3589,True
58044,12/09/2020,16:07:24,79.8,14.22,0.94,13.68,13.42,1.0,13.28,13.42,0.0,0.0,26.1,27.72,71,0,11,0.51,3.19,127.74,1.0,26.1,26.09,8,1035,3589,True
58059,12/09/2020,16:07:39,79.8,14.24,0.93,13.42,13.42,0.99,13.28,13.42,0.0,0.0,26.09,27.71,71,0,11,0.51,3.19,127.74,0.98,26.09,26.09,23,1035,3589,True
58074,12/09/2020,16:07:54,79.8,14.23,0.92,13.15,13.41,0.98,13.15,13.42,0.0,0.0,26.08,27.71,71,0,11,0.51,3.19,127.74,0.98,26.09,26.08,38,1035,3589,True
58089,12/09/2020,16:08:09,79.7,14.22,0.9,13.01,13.42,0.97,13.15,13.42,0.0,0.0,26.09,27.7,71,0,11,0.51,3.19,127.74,0.97,26.08,26.09,53,1035,3589,True
58104,12/09/2020,16:08:24,79.7,14.24,0.9,12.74,13.42,0.96,12.88,13.41,0.0,0.0,26.09,27.72,71,0,11,0.51,3.19,127.74,0.95,26.08,26.09,264,1035,3589,True
58119,12/09/2020,16:08:39,79.7,14.22,0.87,12.61,13.42,0.94,12.61,13.42,0.0,0.0,26.07,27.72,71,0,11,0.51,3.19,127.74,0.93,26.08,26.07,279,1035,3589,True
58134,12/09/2020,16:08:54,79.7,14.21,0.86,12.2,13.42,0.93,12.34,13.42,0.0,0.0,26.08,27.7,71,0,11,0.51,3.19,127.74,0.93,26.07,26.06,294,1035,3589,True
58149,12/09/2020,16:09:09,79.7,14.21,0.86,12.34,13.42,0.91,12.2,13.42,0.0,0.0,26.07,27.7,71,0,11,0.51,3.19,127.74,0.91,26.06,26.07,309,1035,3589,True
58164,12/09/2020,16:09:24,79.7,14.23,0.84,11.94,13.42,0.91,12.06,13.42,0.0,0.0,26.06,27.7,71,0,11,0.51,3.19,127.74,0.9,26.05,26.06,520,1035,3589,True
58179,12/09/2020,16:09:39,79.7,14.23,0.83,11.8,13.42,0.88,12.06,13.42,0.0,0.0,26.05,27.69,70,0,11,0.51,3.19,127.74,0.89,26.05,26.04,535,1035,3589,True
58194,12/09/2020,16:09:54,79.7,14.22,0.83,11.94,13.42,0.88,11.8,13.41,0.0,0.0,26.06,27.7,71,0,11,0.51,3.19,127.74,0.88,26.05,26.05,550,1035,3589,True
58209,12/09/2020,16:10:09,79.7,14.21,0.82,11.67,13.42,0.86,11.53,13.41,0.0,0.0,26.04,27.7,71,0,11,0.51,3.19,127.74,0.87,26.05,26.04,565,1035,3589,True
58224,12/09/2020,16:10:24,79.7,14.2,0.8,11.39,13.42,0.86,11.39,13.41,0.0,0.0,26.04,27.69,70,0,11,0.51,3.19,127.74,0.86,26.04,26.05,776,1035,3589,True
58239,12/09/2020,16:10:39,79.6,14.22,0.8,11.53,13.41,0.86,11.39,13.42,0.0,0.0,26.05,27.69,70,0,11,0.51,3.19,127.74,0.85,26.03,26.03,791,1035,3589,True
58254,12/09/2020,16:10:54,79.6,14.21,0.79,11.27,13.41,0.84,11.39,13.41,0.0,0.0,26.03,27.68,70,0,11,0.51,3.19,127.74,0.85,26.04,26.03,806,1035,3589,True
58269,12/09/2020,16:11:09,79.6,14.23,0.78,11.13,13.41,0.84,11.26,13.41,0.0,0.0,26.03,27.69,71,0,11,0.51,3.19,127.74,0.84,26.03,26.01,821,1035,3589,True
58284,12/09/2020,16:11:24,79.6,14.23,0.78,11.26,13.42,0.83,11.27,13.42,0.0,0.0,26.01,27.7,70,0,11,0.51,3.19,127.74,0.85,26.01,26.02,1032,1035,3589,True
58299,12/09/2020,16:11:39,79.6,14.23,0.78,10.99,13.41,0.83,11.13,13.42,0.0,0.0,26.01,27.68,70,0,11,0.51,3.19,127.74,0.84,26.01,26.01,1047,1035,3589,True
58314,12/09/2020,16:11:54,79.6,14.21,0.77,10.99,13.41,0.82,10.99,13.41,0.0,0.0,26.02,27.69,70,0,11,0.51,3.19,127.74,0.83,26.01,26.01,1062,1035,3589,True
58329,12/09/2020,16:12:09,79.6,14.2,0.78,11.13,13.41,0.83,11.13,13.41,0.0,0.0,26.0,27.69,70,0,11,0.51,3.19,127.74,0.84,26.0,26.01,1077,1035,3589,True
58344,12/09/2020,16:12:24,79.6,14.21,0.77,11.13,13.41,0.82,11.13,13.41,0.0,0.0,26.0,27.69,70,0,11,0.51,3.19,127.74,0.82,26.0,26.0,1288,1035,3589,True
58359,12/09/2020,16:12:39,79.5,14.21,0.77,11.13,13.41,0.82,11.13,13.41,0.0,0.0,25.99,27.69,71,0,11,0.51,3.19,127.74,0.83,26.0,26.0,1303,1035,3589,True
58374,12/09/2020,16:12:54,79.5,14.21,0.78,10.99,13.41,0.83,11.13,13.41,0.0,0.0,25.99,27.69,70,0,11,0.51,3.19,127.74,0.84,25.99,26.0,1318,1035,3589,True
58389,12/09/2020,16:13:09,79.6,14.22,0.78,11.26,13.41,0.83,11.26,13.41,0.0,0.0,25.99,27.69,70,0,11,0.51,3.19,127.74,0.84,25.99,25.98,1333,1035,3589,True
58404,12/09/2020,16:13:24,79.5,14.21,0.78,11.13,13.42,0.84,10.99,13.41,0.0,0.0,25.98,27.68,70,0,11,0.51,3.19,127.74,0.83,25.98,25.98,1544,1035,3589,True
58419,12/09/2020,16:13:39,79.5,14.23,0.8,11.26,13.41,0.84,11.13,13.41,0.0,0.0,25.98,27.68,71,0,11,0.51,3.19,127.74,0.83,25.98,25.99,1559,1035,3589,True
58434,12/09/2020,16:13:54,79.5,14.22,0.8,11.39,13.41,0.85,11.39,13.41,0.0,0.0,25.97,27.69,70,0,11,0.51,3.19,127.74,0.85,25.97,25.97,1574,1035,3589,True
58449,12/09/2020,16:14:09,79.5,14.22,0.8,11.26,13.41,0.86,11.26,13.41,0.0,0.0,25.97,27.68,70,0,11,0.51,3.19,127.74,0.84,25.98,25.97,1589,1035,3589,True
58464,12/09/2020,16:14:24,79.5,14.24,0.81,11.53,13.42,0.84,11.53,13.41,0.0,0.0,25.97,27.68,70,0,11,0.51,3.19,127.74,0.86,25.96,25.96,1800,1035,3589,True
58479,12/09/2020,16:14:39,79.5,14.21,0.81,11.53,13.41,0.86,11.53,13.41,0.0,0.0,25.96,27.68,70,0,11,0.51,3.19,127.74,0.86,25.96,25.97,1815,1035,3589,True
58494,12/09/2020,16:14:54,79.5,14.22,0.82,11.53,13.41,0.87,11.66,13.41,0.0,0.0,25.95,27.68,70,0,11,0.51,3.19,127.74,0.86,25.95,25.93,1830,1035,3589,True
58509,12/09/2020,16:15:09,79.5,14.19,0.83,11.8,13.41,0.87,11.66,13.41,0.0,0.0,25.95,27.67,71,0,11,0.51,3.19,127.74,0.87,25.94,25.94,1845,1035,3589,True
58524,12/09/2020,16:15:24,79.4,14.23,0.82,11.66,13.41,0.87,11.66,13.41,0.0,0.0,25.93,27.68,70,0,11,0.51,3.19,127.74,0.88,25.95,25.95,2056,1035,3589,True
58539,12/09/2020,16:15:39,79.4,14.21,0.84,11.93,13.42,0.9,11.94,13.41,0.0,0.0,25.94,27.69,70,0,11,0.51,3.19,127.74,0.89,25.93,25.93,2071,1035,3589,True
58554,12/09/2020,16:15:54,79.4,14.22,0.82,11.93,13.41,0.89,11.93,13.41,0.0,0.0,25.93,27.68,70,0,11,0.51,3.19,127.74,0.89,25.93,25.93,2086,1035,3589,True
58569,12/09/2020,16:16:09,79.4,14.21,0.84,12.06,13.41,0.89,12.06,13.41,0.0,0.0,25.92,27.68,70,0,11,0.51,3.19,127.74,0.88,25.92,25.92,2101,1035,3589,True
58584,12/09/2020,16:16:24,79.4,14.2,0.84,12.06,13.41,0.9,12.07,13.41,0.0,0.0,25.92,27.68,70,0,11,0.51,3.19,127.74,0.9,25.92,25.92,2312,1035,3589,True
58599,12/09/2020,16:16:39,79.4,14.21,0.84,11.93,13.41,0.9,12.06,13.41,0.0,0.0,25.93,27.69,70,0,11,0.51,3.19,127.74,0.9,25.91,25.91,2327,1035,3589,True
58614,12/09/2020,16:16:54,79.4,14.21,0.84,12.06,13.41,0.9,11.93,13.41,0.0,0.0,25.9,27.67,71,0,11,0.51,3.19,127.74,0.9,25.9,25.91,2342,1035,3589,True
58629,12/09/2020,16:17:09,79.2,14.22,0.84,11.93,13.41,0.91,12.07,13.41,0.0,0.0,25.89,27.68,70,0,11,0.51,3.19,127.74,0.9,25.89,25.89,2357,1035,3589,True
58644,12/09/2020,16:17:24,79.2,14.22,0.84,12.06,13.41,0.9,12.2,13.41,0.0,0.0,25.89,27.68,70,0,11,0.51,3.19,127.74,0.9,25.89,25.88,2568,1035,3589,True
58659,12/09/2020,16:17:39,79.2,14.22,0.85,12.2,13.41,0.9,12.2,13.41,0.0,0.0,25.9,27.68,70,0,11,0.51,3.19,127.74,0.9,25.88,25.89,2583,1035,3589,True
58674,12/09/2020,16:17:54,79.2,14.22,0.86,12.2,13.41,0.91,12.06,13.41,0.0,0.0,25.88,27.68,71,0,11,0.51,3.19,127.74,0.92,25.87,25.88,2598,1035,3589,True
58689,12/09/2020,16:18:09,79.2,14.22,0.84,12.2,13.41,0.91,12.2,13.41,0.0,0.0,25.86,27.68,71,0,11,0.51,3.19,127.74,0.91,25.87,25.87,2613,1035,3589,True
58704,12/09/2020,16:18:24,79.2,14.22,0.85,12.2,13.41,0.91,12.06,13.4,0.0,0.0,25.87,27.67,70,0,11,0.51,3.19,127.74,0.91,25.86,25.87,2824,1035,3589,True
58719,12/09/2020,16:18:39,79.2,14.22,0.85,12.06,13.41,0.91,12.2,13.41,0.0,0.0,25.86,27.68,71,0,11,0.51,3.19,127.74,0.91,25.86,25.86,2839,1035,3589,True
58734,12/09/2020,16:18:54,79.1,14.21,0.85,12.06,13.41,0.9,12.2,13.41,0.0,0.0,25.84,27.68,70,0,11,0.51,3.19,127.74,0.91,25.85,25.85,2854,1035,3589,True
58749,12/09/2020,16:19:09,79.1,14.21,0.85,12.21,13.41,0.9,12.06,13.41,0.0,0.0,25.84,27.67,70,0,11,0.51,3.19,127.74,0.9,25.84,25.84,2869,1035,3589,True
58764,12/09/2020,16:19:24,79.1,14.22,0.84,12.2,13.41,0.91,12.06,13.41,0.0,0.0,25.84,27.67,70,0,11,0.51,3.19,127.74,0.91,25.84,25.83,3080,1035,3589,True
58779,12/09/2020,16:19:39,79.1,14.21,0.85,12.33,13.41,0.91,12.2,13.41,0.0,0.0,25.82,27.68,70,0,11,0.51,3.19,127.74,0.91,25.84,25.84,3095,1035,3589,True
58794,12/09/2020,16:19:54,79.1,14.22,0.85,12.2,13.41,0.92,12.33,13.41,0.0,0.0,25.82,27.67,70,0,11,0.51,3.19,127.74,0.91,25.81,25.82,3110,1035,3589,True
58809,12/09/2020,16:20:09,79.1,14.21,0.85,12.2,13.41,0.9,12.06,13.41,0.0,0.0,25.82,27.68,70,0,11,0.51,3.19,127.74,0.92,25.83,25.81,3125,1035,3589,True
58824,12/09/2020,16:20:24,79.1,19.78,0.15,2.94,13.39,0.22,2.94,13.39,0.0,0.0,25.81,27.69,70,0,11,0.51,3.19,127.74,0.22,25.82,25.81,3336,1035,3589,True
58839,12/09/2020,16:20:39,79.1,19.95,0.04,0.66,13.39,0.06,0.66,13.39,0.0,0.0,25.81,27.67,69,0,11,0.51,3.19,127.74,0.06,25.8,25.81,3351,1035,3589,True
58854,12/09/2020,16:20:54,79.1,19.94,0.04,0.66,13.39,0.07,0.8,13.39,0.0,0.0,25.81,27.66,69,0,11,0.51,3.19,127.74,0.06,25.81,25.81,3366,1035,3589,True
58869,12/09/2020,16:21:09,79.1,19.83,0.1,2.14,13.39,0.17,2.14,13.39,0.0,0.0,25.8,27.66,69,0,11,0.51,3.19,127.74,0.16,25.79,25.8,3381,1035,3589,True
58884,12/09/2020,16:21:24,79.1,19.76,0.16,3.21,13.39,0.23,3.21,13.39,0.0,0.0,25.79,27.66,69,0,11,0.51,3.19,127.74,0.22,25.8,25.78,3592,1035,3589,True
58899,12/09/2020,16:21:39,79.1,19.77,0.14,2.94,13.39,0.22,2.94,13.39,0.0,0.0,25.79,27.66,69,0,11,0.51,3.19,127.74,0.23,25.79,25.79,3607,1035,3589,True
58914,12/09/2020,16:21:54,79.1,18.45,0.61,11.13,13.41,0.84,11.26,13.41,0.0,0.0,25.78,27.66,70,0,11,0.51,3.19,127.74,0.83,25.78,25.78,3622,1035,3589,True
58929,12/09/2020,16:22:09,79.1,15.68,0.81,12.6,13.41,0.95,12.73,13.41,0.0,0.0,25.78,27.65,70,0,11,0.51,3.19,127.74,0.95,25.79,25.78,3637,1035,3589,True
58944,12/09/2020,16:22:24,79.1,16.13,0.79,13.0,13.41,0.96,13.0,13.41,0.0,0.0,25.77,27.67,70,0,11,0.51,3.19,127.74,0.96,25.77,25.77,3848,1035,3589,True
58959,12/09/2020,16:22:39,79.1,14.77,0.83,12.2,13.41,0.92,12.2,13.4,0.0,0.0,25.77,27.67,70,0,11,0.51,3.19,127.74,0.91,25.76,25.77,3863,1035,3589,True
58974,12/09/2020,16:22:54,79.1,14.54,0.82,11.93,13.41,0.9,11.93,13.41,0.0,0.0,25.76,27.68,70,0,11,0.51,3.19,127.74,0.9,25.76,25.77,3878,1035,3589,True
58989,12/09/2020,16:23:09,79.1,14.54,0.83,12.06,13.41,0.9,11.8,13.41,0.0,0.0,25.75,27.7,70,0,11,0.51,3.19,127.74,0.88,25.76,25.76,3893,1035,3589,True
59004,12/09/2020,16:23:24,79.1,14.54,0.83,12.06,13.41,0.88,11.93,13.41,0.0,0.0,25.76,27.7,70,0,11,0.51,3.19,127.74,0.9,25.75,25.75,4104,1035,3589,True
59019,12/09/2020,16:23:39,79.0,14.54,0.82,12.06,13.41,0.89,12.06,13.41,0.0,0.0,25.75,27.71,70,0,11,0.51,3.19,127.74,0.89,25.75,25.76,4119,1035,3589,True
59034,12/09/2020,16:23:54,79.0,14.54,0.83,11.66,13.41,0.9,12.06,13.41,0.0,0.0,25.74,27.72,70,0,11,0.51,3.19,127.74,0.91,25.74,25.74,4134,1035,3589,True
59049,12/09/2020,16:24:09,79.0,14.53,0.81,11.93,13.41,0.9,11.8,13.41,0.0,0.0,25.74,27.74,70,0,11,0.51,3.19,127.74,0.89,25.73,25.74,4149,1035,3589,True
59064,12/09/2020,16:24:24,79.0,14.55,0.81,12.06,13.41,0.89,11.66,13.4,0.0,0.0,25.73,27.74,70,0,11,0.51,3.19,127.74,0.89,25.73,25.73,4360,1035,3589,True
59079,12/09/2020,16:24:39,79.0,14.54,0.83,12.06,13.41,0.91,12.2,13.41,0.0,0.0,25.73,27.75,70,0,11,0.51,3.19,127.74,0.88,25.72,25.73,4375,1035,3589,True
59094,12/09/2020,16:24:54,79.0,14.54,0.83,11.93,13.41,0.9,11.93,13.41,0.0,0.0,25.72,27.75,70,0,11,0.51,3.19,127.74,0.88,25.72,25.72,4390,1035,3589,True
59109,12/09/2020,16:25:09,78.9,14.54,0.82,11.92,13.41,0.88,11.93,13.41,0.0,0.0,25.71,27.77,70,0,11,0.51,3.19,127.74,0.89,25.71,25.71,4405,1035,3589,True
59124,12/09/2020,16:25:24,78.9,14.54,0.82,11.93,13.41,0.89,11.92,13.4,0.0,0.0,25.71,27.78,70,0,11,0.51,3.19,127.74,0.88,25.7,25.71,4616,1035,3589,True
59139,12/09/2020,16:25:39,78.9,14.53,0.82,11.92,13.4,0.89,11.93,13.4,0.0,0.0,25.71,27.78,70,0,11,0.51,3.19,127.74,0.87,25.7,25.7,4631,1035,3589,True
59154,12/09/2020,16:25:54,78.9,14.53,0.79,11.65,13.4,0.88,11.79,13.4,0.0,0.0,25.69,27.78,70,0,11,0.51,3.19,127.74,0.88,25.7,25.7,4646,1035,3589,True
59169,12/09/2020,16:26:09,78.9,14.54,0.8,11.93,13.4,0.88,12.06,13.4,0.0,0.0,25.69,27.79,70,0,11,0.51,3.19,127.74,0.89,25.69,25.69,4661,1035,3589,True
59184,12/09/2020,16:26:24,78.9,14.54,0.8,11.65,13.4,0.88,11.79,13.41,0.0,0.0,25.69,27.79,70,0,11,0.51,3.19,127.74,0.88,25.68,25.68,4872,1035,3589,True
59199,12/09/2020,16:26:39,78.8,14.53,0.8,11.66,13.41,0.87,11.52,13.4,0.0,0.0,25.68,27.8,70,0,11,0.51,3.19,127.74,0.88,25.67,25.68,4887,1035,3589,True
59214,12/09/2020,16:26:54,78.8,14.53,0.79,11.65,13.41,0.87,11.8,13.41,0.0,0.0,25.68,27.81,70,0,11,0.51,3.19,127.74,0.85,25.67,25.67,4902,1035,3589,True
59229,12/09/2020,16:27:09,78.8,14.53,0.79,11.66,13.4,0.85,11.26,13.4,0.0,0.0,25.67,27.81,70,0,11,0.51,3.19,127.74,0.87,25.67,25.68,4917,1035,3589,True
59244,12/09/2020,16:27:24,78.8,14.53,0.79,11.65,13.41,0.86,11.53,13.4,0.0,0.0,25.67,27.82,70,0,11,0.51,3.19,127.74,0.86,25.67,25.67,5128,1035,3589,True
59259,12/09/2020,16:27:39,78.8,14.53,0.78,11.53,13.41,0.85,11.52,13.41,0.0,0.0,25.66,27.82,70,0,11,0.51,3.19,127.74,0.84,25.67,25.67,5143,1035,3589,True
59274,12/09/2020,16:27:54,78.8,14.53,0.78,11.39,13.41,0.85,11.52,13.4,0.0,0.0,25.65,27.82,70,0,11,0.51,3.19,127.74,0.85,25.65,25.66,5158,1035,3589,True
59289,12/09/2020,16:28:09,78.8,14.53,0.78,11.25,13.4,0.85,11.39,13.4,0.0,0.0,25.65,27.82,70,0,11,0.51,3.19,127.74,0.84,25.65,25.65,5173,1035,3589,True
59304,12/09/2020,16:28:24,78.8,14.53,0.76,11.39,13.4,0.84,11.13,13.4,0.0,0.0,25.65,27.83,70,0,11,0.51,3.19,127.74,0.84,25.65,25.64,5384,1035,3589,True
59319,12/09/2020,16:28:39,78.8,14.53,0.75,11.12,13.41,0.83,11.12,13.4,0.0,0.0,25.64,27.84,70,0,11,0.51,3.19,127.74,0.82,25.63,25.64,5399,1035,3589,True
59334,12/09/2020,16:28:54,78.7,14.53,0.75,10.85,13.4,0.81,10.85,13.4,0.0,0.0,25.64,27.84,70,0,11,0.51,3.19,127.74,0.82,25.64,25.64,5414,1035,3589,True
59349,12/09/2020,16:29:09,78.7,14.53,0.73,10.85,13.4,0.81,10.58,13.4,0.0,0.0,25.62,27.84,70,0,11,0.51,3.19,127.74,0.8,25.62,25.63,5429,1035,3589,True
59364,12/09/2020,16:29:24,78.7,14.52,0.72,10.72,13.4,0.79,10.45,13.4,0.0,0.0,25.62,27.85,70,0,11,0.51,3.19,127.74,0.79,25.62,25.61,5640,1035,3589,True
59379,12/09/2020,16:29:39,78.7,14.52,0.71,10.31,13.4,0.78,10.45,13.4,0.0,0.0,25.6,27.84,70,0,11,0.51,3.19,127.74,0.78,25.61,25.62,5655,1035,3589,True
59394,12/09/2020,16:29:54,78.7,14.52,0.7,10.31,13.4,0.77,10.31,13.4,0.0,0.0,25.61,27.85,70,0,11,0.51,3.19,127.74,0.77,25.6,25.61,5670,1035,3589,True
59409,12/09/2020,16:30:09,78.7,14.5,0.71,10.31,13.4,0.77,10.45,13.4,0.0,0.0,25.6,27.85,70,0,11,0.51,3.19,127.74,0.77,25.6,25.6,5685,1035,3589,True
59424,12/09/2020,16:30:24,78.7,14.51,0.7,10.18,13.41,0.76,10.18,13.4,0.0,0.0,25.58,27.84,70,0,11,0.51,3.19,127.74,0.75,25.59,25.58,5896,1035,3589,True
59439,12/09/2020,16:30:39,78.7,14.5,0.67,9.78,13.39,0.72,9.78,13.4,0.0,0.0,25.58,27.85,70,0,11,0.51,3.19,127.74,0.74,25.58,25.57,5911,1035,3589,True
59454,12/09/2020,16:30:54,78.7,14.49,0.67,9.78,13.39,0.73,9.78,13.4,0.0,0.0,25.57,27.84,70,0,11,0.51,3.19,127.74,0.74,25.57,25.56,5926,1035,3589,True
59469,12/09/2020,16:31:09,78.7,14.49,0.66,9.64,13.4,0.71,9.77,13.39,0.0,0.0,25.55,27.85,70,0,11,0.51,3.19,127.74,0.72,25.57,25.56,5941,1035,3589,True
59484,12/09/2020,16:31:24,78.6,14.49,0.66,9.5,13.39,0.71,9.51,13.39,0.0,0.0,25.55,27.85,70,0,11,0.51,3.19,127.74,0.71,25.56,25.55,6152,1035,3589,True
59499,12/09/2020,16:31:39,78.6,14.49,0.66,9.38,13.4,0.69,9.24,13.4,0.0,0.0,25.55,27.85,70,0,11,0.51,3.19,127.74,0.7,25.55,25.54,6167,1035,3589,True
59514,12/09/2020,16:31:54,78.6,14.49,0.63,9.11,13.4,0.67,9.11,13.4,0.0,0.0,25.54,27.85,70,0,11,0.51,3.19,127.74,0.68,25.55,25.54,6182,1035,3589,True
59529,12/09/2020,16:32:09,78.6,14.5,0.63,9.11,13.4,0.68,9.24,13.39,0.0,0.0,25.53,27.84,70,0,11,0.51,3.19,127.74,0.68,25.53,25.53,6197,1035,3589,True
59544,12/09/2020,16:32:24,78.6,14.49,0.62,9.11,13.39,0.66,8.97,13.4,0.0,0.0,25.53,27.85,70,0,11,0.51,3.19,127.74,0.67,25.53,25.53,6408,1035,3589,True
59559,12/09/2020,16:32:39,78.5,14.49,0.6,8.83,13.39,0.65,8.7,13.39,0.0,0.0,25.52,27.84,69,0,11,0.51,3.19,127.74,0.66,25.54,25.52,6423,1035,3589,True
59574,12/09/2020,16:32:54,78.5,14.49,0.61,8.7,13.4,0.66,8.7,13.4,0.0,0.0,25.53,27.85,70,0,11,0.51,3.19,127.74,0.66,25.53,25.52,6438,1035,3589,True
59589,12/09/2020,16:33:09,78.5,14.49,0.59,8.57,13.4,0.63,8.56,13.4,0.0,0.0,25.51,27.84,69,0,11,0.51,3.19,127.74,0.65,25.51,25.51,6453,1035,3589,True
59604,12/09/2020,16:33:24,78.5,14.47,0.59,8.56,13.4,0.64,8.57,13.39,0.0,0.0,25.5,27.85,69,0,11,0.51,3.19,127.74,0.63,25.51,25.5,6664,1035,3589,True
59619,12/09/2020,16:33:39,78.5,14.48,0.58,8.56,13.39,0.63,8.3,13.39,0.0,0.0,25.5,27.85,69,0,11,0.51,3.19,127.74,0.62,25.5,25.5,6679,1035,3589,True
59634,12/09/2020,16:33:54,78.5,14.48,0.57,8.43,13.39,0.62,8.3,13.39,0.0,0.0,25.5,27.86,69,0,11,0.51,3.19,127.74,0.63,25.5,25.49,6694,1035,3589,True
59649,12/09/2020,16:34:09,78.3,14.47,0.58,8.03,13.39,0.61,8.44,13.39,0.0,0.0,25.49,27.85,69,0,11,0.51,3.19,127.74,0.61,25.49,25.5,6709,1035,3589,True
59664,12/09/2020,16:34:24,78.3,14.48,0.54,8.3,13.39,0.6,8.04,13.39,0.0,0.0,25.49,27.85,69,0,11,0.51,3.19,127.74,0.61,25.49,25.48,6920,1035,3589,True
59679,12/09/2020,16:34:39,78.2,14.47,0.56,8.04,13.39,0.6,8.16,13.39,0.0,0.0,25.49,27.84,69,0,11,0.51,3.19,127.74,0.59,25.48,25.48,6935,1035,3589,True
59694,12/09/2020,16:34:54,78.2,14.48,0.55,8.03,13.4,0.59,8.16,13.39,0.0,0.0,25.46,27.84,69,0,11,0.51,3.19,127.74,0.61,25.47,25.47,6950,1035,3589,True
59709,12/09/2020,16:35:09,78.1,14.46,0.55,7.9,13.39,0.59,7.76,13.39,0.0,0.0,25.47,27.85,70,0,11,0.51,3.19,127.74,0.6,25.45,25.46,6965,1035,3589,True
59724,12/09/2020,16:35:24,78.1,14.46,0.54,7.76,13.39,0.59,7.9,13.39,0.0,0.0,25.45,27.85,69,0,11,0.51,3.19,127.74,0.58,25.44,25.45,7176,1035,3589,True
59739,12/09/2020,16:35:39,78.1,14.47,0.54,7.77,13.39,0.58,7.9,13.39,0.0,0.0,25.44,27.84,69,0,11,0.51,3.19,127.74,0.58,25.45,25.44,7191,1035,3589,True
59754,12/09/2020,16:35:54,78.1,14.46,0.53,7.76,13.39,0.58,7.9,13.39,0.0,0.0,25.43,27.84,69,0,11,0.51,3.19,127.74,0.58,25.44,25.44,7206,1035,3589,True
59769,12/09/2020,16:36:09,78.1,14.45,0.52,7.76,13.39,0.57,7.63,13.39,0.0,0.0,25.43,27.84,69,0,11,0.51,3.19,127.74,0.58,25.43,25.42,7221,1035,3589,True
59784,12/09/2020,16:36:24,78.1,14.47,0.51,7.76,13.39,0.59,7.63,13.39,0.0,0.0,25.42,27.84,69,0,11,0.51,3.19,127.74,0.57,25.43,25.43,7432,1035,3589,True
59799,12/09/2020,16:36:39,78.1,14.47,0.51,7.63,13.39,0.56,7.36,13.39,0.0,0.0,25.42,27.83,69,0,11,0.51,3.19,127.74,0.56,25.41,25.41,7447,1035,3589,True
59814,12/09/2020,16:36:54,78.1,14.46,0.51,7.49,13.39,0.56,7.49,13.39,0.0,0.0,25.41,27.84,69,0,11,0.51,3.19,127.74,0.57,25.41,25.41,7462,1035,3589,True
59829,12/09/2020,16:37:09,78.1,14.45,0.5,7.5,13.4,0.56,7.49,13.39,0.0,0.0,25.4,27.84,69,0,11,0.51,3.19,127.74,0.55,25.41,25.4,7477,1035,3589,True
59844,12/09/2020,16:37:24,78.1,14.45,0.5,7.36,13.39,0.57,7.23,13.39,0.0,0.0,25.41,27.83,69,0,11,0.51,3.19,127.74,0.55,25.4,25.4,7688,1035,3589,True
59859,12/09/2020,16:37:39,78.1,14.45,0.5,7.36,13.39,0.55,7.36,13.39,0.0,0.0,25.4,27.84,69,0,11,0.51,3.19,127.74,0.55,25.39,25.4,7703,1035,3589,True
59874,12/09/2020,16:37:54,78.1,14.45,0.5,7.23,13.39,0.55,7.23,13.39,0.0,0.0,25.39,27.84,69,0,11,0.51,3.19,127.74,0.52,25.39,25.39,7718,1035,3589,True
59889,12/09/2020,16:38:09,78.1,14.45,0.5,7.36,13.39,0.52,7.23,13.39,0.0,0.0,25.39,27.84,69,0,11,0.51,3.19,127.74,0.53,25.38,25.39,7733,1035,3589,True
59904,12/09/2020,16:38:24,78.1,14.45,0.49,7.09,13.39,0.52,7.09,13.39,0.0,0.0,25.38,27.83,69,0,11,0.51,3.19,127.74,0.52,25.38,25.38,7944,1035,3589,True
59919,12/09/2020,16:38:39,78.1,14.45,0.47,6.82,13.39,0.52,6.96,13.39,0.0,0.0,25.37,27.83,69,0,11,0.51,3.19,127.74,0.53,25.36,25.37,7959,1035,3589,True
59934,12/09/2020,16:38:54,78.1,14.45,0.47,7.09,13.39,0.51,6.96,13.39,0.0,0.0,25.36,27.84,69,0,11,0.51,3.19,127.74,0.52,25.35,25.36,7974,1035,3589,True
59949,12/09/2020,16:39:09,78.1,14.45,0.47,6.82,13.39,0.5,6.69,13.39,0.0,0.0,25.35,27.83,69,0,11,0.51,3.19,127.74,0.52,25.35,25.36,7989,1035,3589,True
59964,12/09/2020,16:39:24,78.1,14.45,0.47,6.82,13.39,0.51,6.82,13.39,0.0,0.0,25.34,27.83,69,0,11,0.51,3.19,127.74,0.5,25.35,25.34,8200,1035,3589,True
59979,12/09/2020,16:39:39,78.1,14.45,0.47,6.82,13.39,0.51,6.82,13.39,0.0,0.0,25.33,27.83,69,0,11,0.51,3.19,127.74,0.52,25.34,25.34,8215,1035,3589,True
59994,12/09/2020,16:39:54,78.1,14.44,0.46,6.69,13.39,0.5,6.69,13.39,0.0,0.0,25.33,27.82,69,0,11,0.51,3.19,127.74,0.51,25.34,25.34,8230,1035,3589,True
60009,12/09/2020,16:40:09,78.1,14.45,0.46,6.56,13.38,0.51,6.82,13.38,0.0,0.0,25.33,27.83,69,0,11,0.51,3.19,127.74,0.51,25.33,25.32,8245,1035,3589,True
60024,12/09/2020,16:40:24,78.1,14.45,0.45,6.69,13.39,0.49,6.69,13.38,0.0,0.0,25.32,27.82,69,0,11,0.51,3.19,127.74,0.48,25.32,25.32,8456,1035,3589,True
60039,12/09/2020,16:40:39,78.1,14.44,0.45,6.69,13.39,0.49,6.69,13.39,0.0,0.0,25.31,27.82,69,0,11,0.51,3.19,127.74,0.5,25.33,25.33,8471,1035,3589,True
60054,12/09/2020,16:40:54,78.1,14.45,0.44,6.42,13.38,0.49,6.56,13.39,0.0,0.0,25.32,27.82,69,0,11,0.51,3.19,127.74,0.49,25.31,25.31,8486,1035,3589,True
60069,12/09/2020,16:41:09,78.1,14.44,0.44,6.42,13.39,0.49,6.29,13.39,0.0,0.0,25.3,27.83,69,0,11,0.51,3.19,127.74,0.48,25.3,25.31,8501,1035,3589,True
60084,12/09/2020,16:41:24,78.1,14.45,0.45,6.42,13.39,0.48,6.42,13.39,0.0,0.0,25.31,27.82,69,0,11,0.51,3.19,127.74,0.48,25.31,25.3,8712,1035,3589,True
60099,12/09/2020,16:41:39,78.1,14.44,0.44,6.42,13.39,0.48,6.29,13.39,0.0,0.0,25.3,27.82,69,0,11,0.51,3.19,127.74,0.48,25.29,25.29,8727,1035,3589,True
60114,12/09/2020,16:41:54,78.1,14.45,0.45,6.56,13.39,0.48,6.29,13.39,0.0,0.0,25.28,27.81,69,0,11,0.51,3.19,127.74,0.48,25.28,25.3,8742,1035,3589,True
60129,12/09/2020,16:42:09,78.1,14.43,0.44,6.29,13.39,0.48,6.15,13.39,0.0,0.0,25.28,27.81,69,0,11,0.51,3.19,127.74,0.48,25.28,25.28,8757,1035,3589,True
60144,12/09/2020,16:42:24,78.1,14.43,0.42,6.29,13.39,0.47,6.15,13.39,0.0,0.0,25.28,27.82,69,0,11,0.51,3.19,127.74,0.47,25.28,25.28,8968,1035,3589,True
60159,12/09/2020,16:42:39,78.1,14.43,0.42,6.15,13.39,0.45,6.02,13.39,0.0,0.0,25.28,27.82,69,0,11,0.51,3.19,127.74,0.48,25.28,25.27,8983,1035,3589,True
60174,12/09/2020,16:42:54,78.1,14.42,0.41,6.15,13.39,0.46,6.29,13.39,0.0,0.0,25.27,27.82,69,0,11,0.51,3.19,127.74,0.47,25.26,25.26,8998,1035,3589,True
60189,12/09/2020,16:43:09,78.1,14.42,0.41,6.02,13.38,0.46,6.15,13.38,0.0,0.0,25.27,27.8,69,0,11,0.51,3.19,127.74,0.45,25.27,25.27,9013,1035,3589,True
60204,12/09/2020,16:43:24,78.1,14.43,0.4,6.02,13.39,0.46,6.02,13.38,0.0,0.0,25.27,27.81,69,0,11,0.51,3.19,127.74,0.46,25.26,25.27,9224,1035,3589,True
60219,12/09/2020,16:43:39,78.1,14.42,0.4,5.75,13.38,0.44,5.89,13.38,0.0,0.0,25.25,27.81,69,0,11,0.51,3.19,127.74,0.44,25.26,25.25,9239,1035,3589,True
60234,12/09/2020,16:43:54,78.1,14.44,0.39,5.75,13.39,0.44,5.75,13.39,0.0,0.0,25.25,27.81,69,0,11,0.51,3.19,127.74,0.44,25.25,25.24,9254,1035,3589,True
60249,12/09/2020,16:44:09,78.1,14.43,0.38,5.62,13.39,0.45,5.89,13.39,0.0,0.0,25.23,27.8,69,0,11,0.51,3.19,127.74,0.43,25.24,25.23,9269,1035,3589,True
60264,12/09/2020,16:44:24,78.1,14.43,0.39,5.75,13.38,0.43,5.61,13.39,0.0,0.0,25.21,27.81,69,0,11,0.51,3.19,127.74,0.43,25.23,25.22,9480,1035,3589,True
60279,12/09/2020,16:44:39,78.1,14.42,0.39,5.89,13.38,0.41,5.75,13.38,0.0,0.0,25.22,27.8,69,0,11,0.51,3.19,127.74,0.44,25.22,25.22,9495,1035,3589,True
60294,12/09/2020,16:44:54,78.1,14.43,0.38,5.62,13.39,0.42,5.61,13.39,0.0,0.0,25.21,27.8,69,0,11,0.51,3.19,127.74,0.43,25.2,25.21,9510,1035,3589,True
60309,12/09/2020,16:45:09,78.1,14.42,0.38,5.62,13.39,0.43,5.61,13.39,0.0,0.0,25.2,27.8,69,0,11,0.51,3.19,127.74,0.4,25.21,25.21,9525,1035,3589,True
60324,12/09/2020,16:45:24,78.1,14.42,0.37,5.48,13.39,0.4,5.35,13.39,0.0,0.0,25.19,27.8,69,0,11,0.51,3.19,127.74,0.41,25.2,25.2,9736,1035,3589,True
60339,12/09/2020,16:45:39,78.1,14.42,0.38,5.61,13.38,0.4,5.35,13.38,0.0,0.0,25.19,27.8,69,0,11,0.51,3.19,127.74,0.4,25.19,25.18,9751,1035,3589,True
60354,12/09/2020,16:45:54,78.1,14.42,0.37,5.35,13.38,0.39,5.35,13.38,0.0,0.0,25.19,27.8,69,0,11,0.51,3.19,127.74,0.41,25.2,25.18,9766,1035,3589,True
60369,12/09/2020,16:46:09,78.1,14.41,0.36,5.21,13.38,0.4,5.35,13.38,0.0,0.0,25.17,27.79,69,0,11,0.51,3.19,127.74,0.39,25.17,25.18,9781,1035,3589,True
60384,12/09/2020,16:46:24,78.1,14.42,0.36,5.35,13.38,0.39,5.21,13.38,0.0,0.0,25.17,27.79,69,0,11,0.51,3.19,127.74,0.39,25.18,25.17,9992,1035,3589,True
60399,12/09/2020,16:46:39,78.1,14.42,0.36,5.21,13.38,0.38,5.21,13.38,0.0,0.0,25.16,27.8,69,0,11,0.51,3.19,127.74,0.39,25.17,25.17,10007,1035,3589,True
60414,12/09/2020,16:46:54,78.1,14.41,0.35,5.08,13.38,0.38,5.08,13.38,0.0,0.0,25.17,27.79,69,0,11,0.51,3.19,127.74,0.39,25.16,25.17,10022,1035,3589,True
60429,12/09/2020,16:47:09,78.1,14.41,0.34,4.95,13.38,0.37,4.95,13.38,0.0,0.0,25.16,27.79,69,0,11,0.51,3.19,127.74,0.37,25.15,25.16,10037,1035,3589,True
60444,12/09/2020,16:47:24,78.1,14.4,0.35,4.81,13.38,0.38,5.08,13.38,0.0,0.0,25.15,27.78,69,0,11,0.51,3.19,127.74,0.37,25.17,25.16,10248,1035,3589,True
60459,12/09/2020,16:47:39,78.1,14.41,0.34,4.95,13.38,0.37,4.95,13.38,0.0,0.0,25.14,27.79,69,0,11,0.52,3.2,127.75,0.37,25.14,25.15,10263,1035,3589,True
60474,12/09/2020,16:47:54,78.0,14.41,0.35,5.08,13.38,0.37,4.95,13.38,0.0,0.0,25.14,27.78,69,0,11,0.52,3.2,127.75,0.36,25.15,25.13,10278,1035,3589,True
60489,12/09/2020,16:48:09,78.0,14.4,0.34,4.95,13.38,0.37,4.95,13.38,0.0,0.0,25.12,27.77,69,0,11,0.52,3.2,127.75,0.39,25.13,25.14,10293,1035,3589,True
60504,12/09/2020,16:48:24,78.0,14.41,0.34,4.95,13.39,0.37,4.81,13.38,0.0,0.0,25.13,27.78,69,0,11,0.52,3.2,127.75,0.37,25.12,25.12,10504,1035,3589,True
60519,12/09/2020,16:48:39,78.0,14.4,0.34,4.95,13.38,0.38,4.95,13.38,0.0,0.0,25.12,27.78,69,0,11,0.52,3.2,127.75,0.37,25.13,25.12,10519,1035,3589,True
60534,12/09/2020,16:48:54,78.0,14.41,0.33,4.81,13.38,0.36,4.68,13.38,0.0,0.0,25.11,27.77,69,0,11,0.52,3.2,127.75,0.36,25.12,25.12,10534,1035,3589,True
60549,12/09/2020,16:49:09,77.9,14.4,0.33,4.95,13.38,0.36,5.08,13.38,0.0,0.0,25.09,27.78,69,0,11,0.52,3.2,127.75,0.36,25.1,25.1,10549,1035,3589,True
60564,12/09/2020,16:49:24,77.9,14.4,0.34,4.81,13.38,0.37,4.81,13.38,0.0,0.0,25.1,27.77,69,0,11,0.52,3.2,127.75,0.36,25.09,25.09,10760,1035,3589,True
60579,12/09/2020,16:49:39,77.9,14.4,0.33,4.68,13.38,0.35,4.81,13.38,0.0,0.0,25.1,27.77,69,0,11,0.52,3.2,127.75,0.37,25.09,25.09,10775,1035,3589,True
60594,12/09/2020,16:49:54,77.9,14.4,0.33,4.95,13.38,0.36,4.81,13.38,0.0,0.0,25.09,27.78,69,0,11,0.52,3.2,127.75,0.35,25.08,25.09,10790,1035,3589,True
60609,12/09/2020,16:50:09,77.9,14.41,0.33,4.81,13.38,0.35,4.68,13.38,0.0,0.0,25.08,27.77,69,0,11,0.52,3.2,127.75,0.37,25.07,25.07,10805,1035,3589,True
60624,12/09/2020,16:50:24,77.9,14.4,0.33,4.81,13.38,0.36,4.81,13.38,0.0,0.0,25.08,27.77,69,0,11,0.52,3.2,127.75,0.36,25.07,25.08,11016,1035,3589,True
60639,12/09/2020,16:50:39,77.9,14.4,0.31,4.81,13.38,0.34,4.68,13.38,0.0,0.0,25.06,27.76,69,0,11,0.52,3.2,127.75,0.35,25.06,25.06,11031,1035,3589,True
60654,12/09/2020,16:50:54,77.8,14.4,0.32,4.81,13.38,0.35,4.68,13.38,0.0,0.0,25.06,27.76,69,0,11,0.52,3.2,127.75,0.34,25.07,25.06,11046,1035,3589,True
60669,12/09/2020,16:51:09,77.8,14.4,0.32,4.68,13.38,0.35,4.81,13.38,0.0,0.0,25.06,27.76,69,0,11,0.52,3.2,127.75,0.36,25.05,25.05,11061,1035,3589,True
60684,12/09/2020,16:51:24,77.8,14.4,0.31,4.68,13.38,0.34,4.54,13.38,0.0,0.0,25.03,27.76,69,0,11,0.52,3.2,127.75,0.35,25.04,25.04,11272,1035,3589,True
60699,12/09/2020,16:51:39,77.8,14.39,0.31,4.68,13.38,0.36,4.54,13.38,0.0,0.0,25.03,27.75,69,0,11,0.52,3.2,127.75,0.36,25.03,25.04,11287,1035,3589,True
60714,12/09/2020,16:51:54,77.8,14.4,0.31,4.68,13.38,0.37,4.54,13.38,0.0,0.0,25.03,27.76,69,0,11,0.52,3.2,127.75,0.35,25.03,25.03,11302,1035,3589,True
60729,12/09/2020,16:52:09,77.8,14.4,0.32,4.68,13.38,0.35,4.68,13.38,0.0,0.0,25.01,27.75,69,0,11,0.52,3.2,127.75,0.33,25.02,25.03,11317,1035,3589,True
60744,12/09/2020,16:52:24,77.8,14.39,0.32,4.68,13.38,0.36,4.68,13.38,0.0,0.0,25.01,27.74,69,0,11,0.52,3.2,127.75,0.35,25.0,25.02,11528,1035,3589,True
60759,12/09/2020,16:52:39,77.7,14.39,0.32,4.54,13.38,0.34,4.41,13.38,0.0,0.0,25.0,27.75,69,0,11,0.52,3.2,127.75,0.34,25.0,25.01,11543,1035,3589,True
60774,12/09/2020,16:52:54,77.7,14.38,0.31,4.68,13.38,0.34,4.54,13.38,0.0,0.0,24.99,27.75,69,0,11,0.52,3.2,127.75,0.34,24.99,24.99,11558,1035,3589,True
60789,12/09/2020,16:53:09,77.7,14.4,0.31,4.54,13.38,0.33,4.81,13.38,0.0,0.0,24.98,27.75,68,0,11,0.52,3.2,127.75,0.34,24.98,24.98,11573,1035,3589,True
60804,12/09/2020,16:53:24,77.7,14.39,0.31,4.54,13.38,0.36,4.28,13.38,0.0,0.0,24.98,27.74,69,0,11,0.52,3.2,127.75,0.34,24.98,24.98,11784,1035,3589,True
60819,12/09/2020,16:53:39,77.7,14.4,0.3,4.41,13.38,0.33,4.41,13.38,0.0,0.0,24.97,27.73,69,0,11,0.52,3.2,127.75,0.33,24.98,24.97,11799,1035,3589,True
60834,12/09/2020,16:53:54,77.7,14.38,0.31,4.54,13.38,0.33,4.54,13.38,0.0,0.0,24.98,27.74,69,0,11,0.52,3.2,127.75,0.33,24.96,24.97,11814,1035,3589,True
60849,12/09/2020,16:54:09,77.7,14.39,0.31,4.41,13.38,0.34,4.41,13.38,0.0,0.0,24.96,27.74,69,0,11,0.52,3.2,127.75,0.33,24.97,24.96,11829,1035,3589,True
60864,12/09/2020,16:54:24,77.7,14.39,0.31,4.54,13.38,0.35,4.41,13.38,0.0,0.0,24.95,27.74,69,0,11,0.52,3.2,127.75,0.34,24.96,24.96,12040,1035,3589,True
60879,12/09/2020,16:54:39,77.7,14.38,0.28,4.28,13.38,0.33,4.41,13.38,0.0,0.0,24.95,27.73,69,0,11,0.52,3.2,127.75,0.33,24.94,24.94,12055,1035,3589,True
60894,12/09/2020,16:54:54,77.6,14.4,0.3,4.54,13.38,0.33,4.54,13.38,0.0,0.0,24.93,27.74,69,0,11,0.52,3.2,127.75,0.34,24.95,24.95,12070,1035,3589,True
60909,12/09/2020,16:55:09,77.6,14.38,0.3,4.41,13.38,0.33,4.54,13.37,0.0,0.0,24.93,27.73,69,0,11,0.52,3.2,127.75,0.32,24.92,24.94,12085,1035,3589,True
60924,12/09/2020,16:55:24,77.6,14.39,0.31,4.41,13.38,0.33,4.41,13.38,0.0,0.0,24.93,27.72,69,0,11,0.52,3.2,127.75,0.32,24.93,24.93,12296,1035,3589,True
60939,12/09/2020,16:55:39,77.6,14.38,0.31,4.54,13.38,0.33,4.28,13.38,0.0,0.0,24.91,27.73,69,0,11,0.52,3.2,127.75,0.32,24.92,24.92,12311,1035,3589,True
60954,12/09/2020,16:55:54,77.6,14.38,0.31,4.41,13.38,0.32,4.41,13.38,0.0,0.0,24.9,27.72,68,0,11,0.52,3.2,127.75,0.33,24.91,24.91,12326,1035,3589,True
60969,12/09/2020,16:56:09,77.4,14.4,0.31,4.54,13.37,0.32,4.41,13.38,0.0,0.0,24.9,27.72,68,0,11,0.52,3.2,127.75,0.35,24.89,24.89,12341,1035,3589,True
60984,12/09/2020,16:56:24,77.6,14.39,0.31,4.41,13.37,0.34,4.27,13.38,0.0,0.0,24.88,27.73,69,0,11,0.52,3.2,127.75,0.34,24.88,24.89,12552,1035,3589,True
60999,12/09/2020,16:56:39,77.6,14.39,0.32,4.54,13.38,0.34,4.41,13.38,0.0,0.0,24.88,27.72,68,0,11,0.52,3.2,127.75,0.34,24.89,24.88,12567,1035,3589,True
61014,12/09/2020,16:56:54,77.4,14.39,0.31,4.54,13.38,0.33,4.41,13.38,0.0,0.0,24.87,27.72,69,0,11,0.52,3.2,127.75,0.33,24.87,24.87,12582,1035,3589,True
61029,12/09/2020,16:57:09,77.4,14.38,0.31,4.54,13.38,0.34,4.28,13.38,0.0,0.0,24.86,27.71,69,0,11,0.52,3.2,127.75,0.34,24.87,24.87,12597,1035,3589,True
61044,12/09/2020,16:57:24,77.4,14.38,0.3,4.41,13.38,0.33,4.54,13.37,0.0,0.0,24.86,27.71,69,0,11,0.52,3.2,127.75,0.31,24.87,24.87,12808,1035,3589,True
61059,12/09/2020,16:57:39,77.4,14.38,0.3,4.54,13.38,0.34,4.41,13.38,0.0,0.0,24.85,27.72,69,0,11,0.52,3.2,127.75,0.35,24.85,24.85,12823,1035,3589,True
61074,12/09/2020,16:57:54,77.4,14.38,0.29,4.28,13.37,0.33,4.41,13.38,0.0,0.0,24.84,27.71,69,0,11,0.52,3.2,127.75,0.33,24.84,24.85,12838,1035,3589,True
61089,12/09/2020,16:58:09,77.3,14.38,0.31,4.41,13.38,0.34,4.54,13.38,0.0,0.0,24.83,27.71,68,0,11,0.52,3.2,127.75,0.32,24.83,24.83,12853,1035,3589,True
61104,12/09/2020,16:58:24,77.3,14.39,0.3,4.41,13.37,0.33,4.41,13.38,0.0,0.0,24.82,27.71,68,0,11,0.52,3.2,127.75,0.32,24.83,24.82,13064,1035,3589,True
61119,12/09/2020,16:58:39,77.3,14.38,0.29,4.28,13.38,0.33,4.41,13.37,0.0,0.0,24.82,27.7,69,0,11,0.52,3.2,127.75,0.33,24.83,24.83,13079,1035,3589,True
61134,12/09/2020,16:58:54,77.3,14.38,0.29,4.41,13.38,0.32,4.28,13.37,0.0,0.0,24.81,27.71,69,0,11,0.52,3.2,127.75,0.33,24.82,24.82,13094,1035,3589,True
61149,12/09/2020,16:59:09,77.3,14.4,0.29,4.28,13.38,0.31,4.41,13.37,0.0,0.0,24.81,27.71,68,0,11,0.52,3.2,127.75,0.33,24.8,24.82,13109,1035,3589,True
61164,12/09/2020,16:59:24,77.3,14.38,0.27,4.14,13.38,0.31,4.41,13.37,0.0,0.0,24.81,27.7,69,0,11,0.52,3.2,127.75,0.31,24.81,24.81,13320,1035,3589,True
61179,12/09/2020,16:59:39,77.3,14.38,0.29,4.27,13.38,0.3,4.28,13.38,0.0,0.0,24.8,27.7,68,0,11,0.52,3.2,127.75,0.32,24.8,24.79,13335,1035,3589,True
61194,12/09/2020,16:59:54,77.3,14.38,0.28,4.27,13.37,0.31,4.14,13.37,0.0,0.0,24.79,27.7,68,0,11,0.52,3.2,127.75,0.3,24.79,24.79,13350,1035,3589,True
61209,12/09/2020,17:00:09,77.3,14.38,0.26,4.01,13.37,0.31,4.01,13.37,0.0,0.0,24.78,27.7,68,0,11,0.52,3.2,127.75,0.3,24.78,24.79,13365,1035,3589,True
61224,12/09/2020,17:00:24,77.2,14.38,0.29,4.01,13.38,0.3,4.01,13.38,0.0,0.0,24.77,27.7,68,0,11,0.52,3.2,127.75,0.3,24.76,24.77,13576,1035,3589,True
61239,12/09/2020,17:00:39,77.2,14.38,0.26,3.74,13.37,0.3,3.88,13.37,0.0,0.0,24.76,27.7,68,0,11,0.52,3.2,127.75,0.29,24.76,24.76,13591,1035,3589,True
61254,12/09/2020,17:00:54,77.2,14.37,0.27,3.74,13.37,0.3,4.01,13.37,0.0,0.0,24.75,27.69,68,0,11,0.52,3.2,127.75,0.31,24.75,24.75,13606,1035,3589,True
61269,12/09/2020,17:01:09,77.2,14.37,0.26,4.14,13.37,0.3,4.0,13.38,0.0,0.0,24.75,27.69,68,0,11,0.52,3.2,127.75,0.3,24.74,24.74,13621,1035,3589,True
61284,12/09/2020,17:01:24,77.2,14.37,0.27,3.87,13.37,0.29,3.74,13.37,0.0,0.0,24.74,27.68,68,0,11,0.52,3.2,127.75,0.29,24.74,24.74,13832,1035,3589,True
61299,12/09/2020,17:01:39,77.2,14.38,0.26,3.74,13.37,0.27,3.74,13.37,0.0,0.0,24.74,27.69,68,0,11,0.52,3.2,127.75,0.29,24.73,24.73,13847,1035,3589,True
61314,12/09/2020,17:01:54,77.1,14.37,0.26,3.87,13.37,0.29,4.14,13.37,0.0,0.0,24.72,27.7,68,0,11,0.52,3.2,127.75,0.29,24.72,24.71,13862,1035,3589,True
61329,12/09/2020,17:02:09,77.2,14.37,0.26,3.6,13.37,0.28,3.87,13.37,0.0,0.0,24.73,27.68,68,0,11,0.52,3.2,127.75,0.28,24.72,24.72,13877,1035,3589,True
61344,12/09/2020,17:02:24,77.1,14.38,0.26,3.87,13.38,0.28,3.74,13.37,0.0,0.0,24.72,27.68,68,0,11,0.52,3.2,127.75,0.29,24.71,24.71,14088,1035,3589,True
61359,12/09/2020,17:02:39,77.1,14.37,0.26,3.74,13.37,0.28,3.74,13.37,0.0,0.0,24.71,27.68,68,0,11,0.52,3.2,127.75,0.29,24.7,24.7,14103,1035,3589,True
61374,12/09/2020,17:02:54,77.1,14.37,0.25,3.74,13.38,0.28,3.6,13.37,0.0,0.0,24.7,27.67,68,0,11,0.52,3.2,127.75,0.28,24.69,24.7,14118,1035,3589,True
61389,12/09/2020,17:03:09,77.0,14.37,0.25,3.6,13.37,0.28,3.74,13.37,0.0,0.0,24.68,27.67,68,0,11,0.52,3.2,127.75,0.26,24.7,24.7,14133,1035,3589,True
61404,12/09/2020,17:03:24,77.0,14.38,0.26,3.34,13.37,0.27,3.6,13.37,0.0,0.0,24.68,27.67,68,0,11,0.52,3.2,127.75,0.26,24.69,24.69,14344,1035,3589,True
61419,12/09/2020,17:03:39,77.0,14.37,0.26,3.74,13.38,0.27,3.6,13.38,0.0,0.0,24.7,27.67,68,0,11,0.52,3.2,127.75,0.27,24.69,24.7,14359,1035,3589,True
61434,12/09/2020,17:03:54,77.0,14.37,0.25,3.6,13.37,0.26,3.47,13.37,0.0,0.0,24.69,27.66,68,0,11,0.52,3.2,127.75,0.26,24.68,24.69,14374,1035,3589,True
61449,12/09/2020,17:04:09,77.0,14.37,0.23,3.47,13.37,0.26,3.61,13.37,0.0,0.0,24.67,27.66,68,0,11,0.52,3.2,127.75,0.27,24.68,24.67,14389,1035,3589,True
61464,12/09/2020,17:04:24,77.0,14.37,0.24,3.47,13.37,0.27,3.6,13.37,0.0,0.0,24.67,27.67,68,0,11,0.52,3.2,127.75,0.25,24.66,24.66,14600,1035,3589,True
61479,12/09/2020,17:04:39,77.0,14.36,0.23,3.34,13.37,0.25,3.34,13.37,0.0,0.0,24.66,27.66,68,0,11,0.52,3.2,127.75,0.24,24.66,24.66,14615,1035,3589,True
61494,12/09/2020,17:04:54,77.0,14.37,0.25,3.34,13.37,0.26,3.47,13.37,0.0,0.0,24.66,27.67,68,0,11,0.52,3.2,127.75,0.25,24.64,24.65,14630,1035,3589,True
61509,12/09/2020,17:05:09,77.0,14.36,0.23,3.34,13.37,0.26,3.34,13.37,0.0,0.0,24.64,27.67,68,0,11,0.52,3.2,127.75,0.24,24.65,24.64,14645,1035,3589,True
61524,12/09/2020,17:05:24,77.0,14.37,0.22,3.2,13.37,0.26,3.47,13.37,0.0,0.0,24.64,27.66,68,0,11,0.52,3.2,127.75,0.25,24.64,24.63,14856,1035,3589,True
61539,12/09/2020,17:05:39,77.0,14.35,0.23,3.6,13.37,0.25,3.47,13.37,0.0,0.0,24.63,27.66,68,0,11,0.52,3.2,127.75,0.25,24.63,24.62,14871,1035,3589,True
61554,12/09/2020,17:05:54,77.0,14.37,0.21,3.07,13.37,0.23,3.2,13.37,0.0,0.0,24.62,27.66,68,0,11,0.52,3.2,127.75,0.24,24.63,24.62,14886,1035,3589,True
61569,12/09/2020,17:06:09,77.0,14.37,0.23,3.34,13.37,0.26,3.2,13.38,0.0,0.0,24.62,27.65,68,0,11,0.52,3.2,127.75,0.25,24.62,24.62,14901,1035,3589,True
61584,12/09/2020,17:06:24,77.0,14.37,0.22,3.2,13.37,0.25,3.2,13.37,0.0,0.0,24.62,27.64,68,0,11,0.52,3.2,127.75,0.25,24.61,24.62,15112,1035,3589,True
61599,12/09/2020,17:06:39,77.0,14.37,0.22,3.34,13.37,0.24,3.07,13.37,0.0,0.0,24.61,27.64,68,0,11,0.52,3.2,127.75,0.24,24.62,24.62,15127,1035,3589,True
61614,12/09/2020,17:06:54,77.0,14.36,0.22,3.2,13.37,0.24,3.2,13.37,0.0,0.0,24.61,27.64,68,0,11,0.52,3.2,127.75,0.25,24.62,24.61,15142,1035,3589,True
61629,12/09/2020,17:07:09,77.0,14.37,0.21,3.07,13.37,0.23,3.2,13.37,0.0,0.0,24.6,27.64,68,0,11,0.52,3.2,127.75,0.22,24.61,24.61,15157,1035,3589,True
61644,12/09/2020,17:07:24,77.0,14.36,0.23,3.07,13.37,0.23,3.2,13.37,0.0,0.0,24.6,27.64,68,0,11,0.52,3.2,127.75,0.24,24.6,24.6,8,1036,3589,True
61659,12/09/2020,17:07:39,77.0,14.36,0.21,3.2,13.37,0.26,3.07,13.36,0.0,0.0,24.59,27.63,68,0,11,0.52,3.2,127.75,0.24,24.59,24.59,23,1036,3589,True
61674,12/09/2020,17:07:54,77.0,14.36,0.22,3.07,13.37,0.26,3.47,13.37,0.0,0.0,24.58,27.62,68,0,11,0.52,3.2,127.75,0.23,24.58,24.59,38,1036,3589,True
61689,12/09/2020,17:08:09,77.0,14.37,0.2,3.2,13.37,0.24,3.2,13.37,0.0,0.0,24.58,27.62,68,0,11,0.52,3.2,127.75,0.23,24.58,24.58,53,1036,3589,True
61704,12/09/2020,17:08:24,77.0,14.35,0.21,3.07,13.37,0.25,3.2,13.37,0.0,0.0,24.58,27.63,68,0,11,0.52,3.2,127.75,0.23,24.57,24.57,264,1036,3589,True
61719,12/09/2020,17:08:39,77.0,14.34,0.21,3.07,13.37,0.24,3.21,13.37,0.0,0.0,24.57,27.62,68,0,11,0.52,3.2,127.75,0.24,24.56,24.56,279,1036,3589,True
61734,12/09/2020,17:08:54,77.0,14.35,0.21,3.07,13.37,0.23,3.2,13.37,0.0,0.0,24.55,27.62,68,0,11,0.52,3.2,127.75,0.23,24.55,24.58,294,1036,3589,True
61749,12/09/2020,17:09:09,76.9,14.34,0.2,3.2,13.36,0.23,3.2,13.37,0.0,0.0,24.55,27.62,68,0,11,0.52,3.2,127.75,0.23,24.55,24.55,309,1036,3589,True
61764,12/09/2020,17:09:24,76.9,14.35,0.21,3.07,13.37,0.23,3.07,13.37,0.0,0.0,24.54,27.61,68,0,11,0.52,3.2,127.75,0.23,24.54,24.55,520,1036,3589,True
61779,12/09/2020,17:09:39,76.9,14.35,0.21,3.2,13.37,0.21,3.07,13.37,0.0,0.0,24.54,27.62,68,0,11,0.52,3.2,127.75,0.23,24.54,24.55,535,1036,3589,True
61794,12/09/2020,17:09:54,76.9,14.34,0.2,3.07,13.37,0.22,3.07,13.36,0.0,0.0,24.54,27.6,68,0,11,0.52,3.2,127.75,0.23,24.53,24.55,550,1036,3589,True
61809,12/09/2020,17:10:09,76.9,14.35,0.22,2.94,13.37,0.23,3.2,13.37,0.0,0.0,24.52,27.61,68,0,11,0.52,3.2,127.75,0.21,24.54,24.53,565,1036,3589,True
61824,12/09/2020,17:10:24,76.8,14.35,0.2,3.07,13.37,0.23,2.8,13.36,0.0,0.0,24.53,27.61,68,0,11,0.52,3.2,127.75,0.22,24.53,24.53,776,1036,3589,True
61839,12/09/2020,17:10:39,76.8,14.34,0.2,2.8,13.36,0.22,2.94,13.37,0.0,0.0,24.52,27.6,68,0,11,0.52,3.2,127.75,0.23,24.52,24.52,791,1036,3589,True
61854,12/09/2020,17:10:54,76.8,14.35,0.19,2.67,13.37,0.21,2.8,13.36,0.0,0.0,24.52,27.61,68,0,11,0.52,3.2,127.75,0.21,24.52,24.51,806,1036,3589,True
61869,12/09/2020,17:11:09,76.8,14.34,0.19,2.8,13.36,0.21,2.8,13.37,0.0,0.0,24.5,27.6,68,0,11,0.52,3.2,127.75,0.21,24.51,24.51,821,1036,3589,True
61884,12/09/2020,17:11:24,76.8,14.33,0.19,2.67,13.36,0.2,2.8,13.36,0.0,0.0,24.5,27.6,68,0,11,0.52,3.2,127.75,0.2,24.51,24.5,1032,1036,3589,True
61899,12/09/2020,17:11:39,76.8,14.34,0.17,2.53,13.36,0.2,2.8,13.36,0.0,0.0,24.5,27.59,68,0,11,0.52,3.2,127.75,0.2,24.5,24.5,1047,1036,3589,True
61914,12/09/2020,17:11:54,76.7,14.34,0.18,2.67,13.36,0.18,2.67,13.36,0.0,0.0,24.49,27.6,68,0,11,0.52,3.2,127.75,0.19,24.48,24.48,1062,1036,3589,True
61929,12/09/2020,17:12:09,76.7,14.34,0.17,2.54,13.36,0.19,2.54,13.36,0.0,0.0,24.47,27.6,68,0,11,0.52,3.2,127.75,0.19,24.47,24.47,1077,1036,3589,True
61944,12/09/2020,17:12:24,76.7,14.34,0.17,2.54,13.36,0.2,2.27,13.37,0.0,0.0,24.48,27.59,68,0,11,0.52,3.2,127.75,0.19,24.47,24.48,1288,1036,3589,True
61959,12/09/2020,17:12:39,76.7,14.33,0.18,2.67,13.37,0.19,2.4,13.37,0.0,0.0,24.47,27.59,68,0,11,0.52,3.2,127.75,0.18,24.46,24.46,1303,1036,3589,True
61974,12/09/2020,17:12:54,76.7,14.33,0.16,2.53,13.36,0.19,2.53,13.37,0.0,0.0,24.45,27.58,68,0,11,0.52,3.2,127.75,0.17,24.46,24.45,1318,1036,3589,True
61989,12/09/2020,17:13:09,76.6,14.33,0.17,2.4,13.36,0.19,2.53,13.36,0.0,0.0,24.45,27.58,67,0,11,0.52,3.2,127.75,0.19,24.45,24.45,1333,1036,3589,True
62004,12/09/2020,17:13:24,76.6,14.33,0.15,2.27,13.36,0.18,2.27,13.37,0.0,0.0,24.43,27.57,68,0,11,0.52,3.2,127.75,0.17,24.44,24.43,1544,1036,3589,True
62019,12/09/2020,17:13:39,76.6,14.33,0.14,2.27,13.37,0.17,2.4,13.37,0.0,0.0,24.43,27.58,67,0,11,0.52,3.2,127.75,0.17,24.43,24.43,1559,1036,3589,True
62034,12/09/2020,17:13:54,76.6,14.32,0.15,2.27,13.36,0.16,2.4,13.36,0.0,0.0,24.43,27.57,67,0,11,0.52,3.2,127.75,0.16,24.42,24.42,1574,1036,3589,True
62049,12/09/2020,17:14:09,76.6,14.33,0.14,2.27,13.36,0.16,2.13,13.36,0.0,0.0,24.4,27.56,67,0,11,0.52,3.2,127.75,0.16,24.41,24.41,1589,1036,3589,True
62064,12/09/2020,17:14:24,76.4,14.33,0.14,2.13,13.36,0.16,2.13,13.36,0.0,0.0,24.4,27.56,67,0,11,0.52,3.2,127.75,0.17,24.4,24.4,1800,1036,3589,True
62079,12/09/2020,17:14:39,76.4,14.33,0.14,2.27,13.36,0.14,1.87,13.36,0.0,0.0,24.39,27.56,67,0,11,0.52,3.2,127.75,0.17,24.39,24.4,1815,1036,3589,True
62094,12/09/2020,17:14:54,76.4,14.32,0.15,2.13,13.36,0.16,2.0,13.36,0.0,0.0,24.38,27.56,67,0,11,0.52,3.2,127.75,0.16,24.39,24.38,1830,1036,3589,True
62109,12/09/2020,17:15:09,76.4,14.33,0.15,2.13,13.36,0.15,2.0,13.36,0.0,0.0,24.38,27.56,67,0,11,0.52,3.2,127.75,0.16,24.38,24.38,1845,1036,3589,True
62124,12/09/2020,17:15:24,76.4,14.32,0.13,2.0,13.36,0.14,2.0,13.36,0.0,0.0,24.37,27.55,67,0,11,0.52,3.2,127.75,0.14,24.38,24.37,2056,1036,3589,True
62139,12/09/2020,17:15:39,76.3,14.33,0.13,2.0,13.36,0.16,2.0,13.36,0.0,0.0,24.37,27.54,67,0,11,0.52,3.2,127.75,0.15,24.37,24.37,2071,1036,3589,True
62154,12/09/2020,17:15:54,76.3,14.33,0.14,2.0,13.36,0.16,2.13,13.36,0.0,0.0,24.35,27.54,67,0,11,0.52,3.2,127.75,0.14,24.36,24.35,2086,1036,3589,True
62169,12/09/2020,17:16:09,76.3,14.31,0.13,1.87,13.36,0.14,1.73,13.36,0.0,0.0,24.35,27.54,67,0,11,0.52,3.2,127.75,0.13,24.35,24.35,2101,1036,3589,True
62184,12/09/2020,17:16:24,76.3,14.32,0.12,1.87,13.36,0.13,1.6,13.36,0.0,0.0,24.32,27.54,67,0,11,0.52,3.2,127.75,0.15,24.33,24.33,2312,1036,3589,True
62199,12/09/2020,17:16:39,76.2,14.3,0.13,2.13,13.36,0.16,1.73,13.36,0.0,0.0,24.34,27.53,67,0,11,0.52,3.2,127.75,0.14,24.33,24.33,2327,1036,3589,True
62214,12/09/2020,17:16:54,76.2,14.33,0.14,1.87,13.36,0.14,1.87,13.36,0.0,0.0,24.32,27.53,67,0,11,0.52,3.2,127.75,0.15,24.31,24.33,2342,1036,3589,True
62229,12/09/2020,17:17:09,76.2,14.31,0.11,1.87,13.36,0.14,1.73,13.36,0.0,0.0,24.32,27.53,67,0,11,0.52,3.2,127.75,0.13,24.31,24.32,2357,1036,3589,True
62244,12/09/2020,17:17:24,76.2,14.31,0.11,1.73,13.36,0.13,1.73,13.37,0.0,0.0,24.3,27.53,67,0,11,0.52,3.2,127.75,0.13,24.3,24.32,2568,1036,3589,True
62259,12/09/2020,17:17:39,76.2,14.3,0.11,1.6,13.36,0.12,1.6,13.36,0.0,0.0,24.3,27.52,67,0,11,0.52,3.2,127.75,0.13,24.31,24.31,2583,1036,3589,True
62274,12/09/2020,17:17:54,76.1,14.3,0.11,1.46,13.36,0.12,1.6,13.36,0.0,0.0,24.29,27.52,67,0,11,0.52,3.2,127.75,0.14,24.3,24.29,2598,1036,3589,True
62289,12/09/2020,17:18:09,76.2,14.3,0.1,1.46,13.36,0.11,1.73,13.36,0.0,0.0,24.29,27.53,67,0,11,0.52,3.2,127.75,0.12,24.29,24.29,2613,1036,3589,True
62304,12/09/2020,17:18:24,76.2,14.3,0.1,1.6,13.36,0.12,1.6,13.36,0.0,0.0,24.29,27.51,67,0,11,0.52,3.2,127.75,0.13,24.29,24.28,2824,1036,3589,True
62319,12/09/2020,17:18:39,76.2,14.3,0.1,1.33,13.36,0.11,1.46,13.36,0.0,0.0,24.27,27.51,67,0,11,0.52,3.2,127.75,0.11,24.29,24.28,2839,1036,3589,True
62334,12/09/2020,17:18:54,76.2,14.3,0.09,1.33,13.36,0.11,1.33,13.36,0.0,0.0,24.28,27.51,67,0,11,0.52,3.2,127.75,0.11,24.28,24.28,2854,1036,3589,True
62349,12/09/2020,17:19:09,76.1,14.29,0.1,1.6,13.36,0.1,1.46,13.36,0.0,0.0,24.27,27.51,67,0,11,0.52,3.2,127.75,0.11,24.28,24.28,2869,1036,3589,True
62364,12/09/2020,17:19:24,76.1,14.3,0.1,1.46,13.36,0.09,1.46,13.36,0.0,0.0,24.26,27.51,67,0,11,0.52,3.2,127.75,0.09,24.27,24.26,3080,1036,3589,True
62379,12/09/2020,17:19:39,76.2,14.29,0.09,1.33,13.36,0.1,1.33,13.36,0.0,0.0,24.25,27.51,67,0,11,0.52,3.2,127.75,0.11,24.25,24.26,3095,1036,3589,True
62394,12/09/2020,17:19:54,76.2,14.29,0.1,1.2,13.36,0.1,1.33,13.36,0.0,0.0,24.25,27.5,67,0,11,0.52,3.2,127.75,0.09,24.24,24.25,3110,1036,3589,True
62409,12/09/2020,17:20:09,76.1,14.3,0.09,1.2,13.36,0.1,1.33,13.36,0.0,0.0,24.24,27.49,67,0,11,0.52,3.2,127.75,0.09,24.24,24.24,3125,1036,3589,True
62424,12/09/2020,17:20:24,76.2,14.29,0.09,1.2,13.36,0.1,1.33,13.36,0.0,0.0,24.23,27.49,67,0,11,0.52,3.2,127.75,0.09,24.22,24.23,3336,1036,3589,True
62439,12/09/2020,17:20:39,76.2,14.3,0.09,1.33,13.36,0.1,1.33,13.36,0.0,0.0,24.23,27.49,67,0,11,0.52,3.2,127.75,0.09,24.24,24.22,3351,1036,3589,True
62454,12/09/2020,17:20:54,76.2,14.28,0.08,1.2,13.36,0.09,1.2,13.36,0.0,0.0,24.23,27.48,67,0,11,0.52,3.2,127.75,0.09,24.22,24.22,3366,1036,3589,True
62469,12/09/2020,17:21:09,76.1,14.28,0.08,1.06,13.36,0.09,1.33,13.36,0.0,0.0,24.22,27.48,67,0,11,0.52,3.2,127.75,0.1,24.22,24.22,3381,1036,3589,True
62484,12/09/2020,17:21:24,76.2,14.28,0.08,1.2,13.36,0.09,1.2,13.36,0.0,0.0,24.2,27.48,67,0,11,0.52,3.2,127.75,0.08,24.2,24.2,3592,1036,3589,True
62499,12/09/2020,17:21:39,76.2,14.29,0.08,1.2,13.36,0.09,1.06,13.35,0.0,0.0,24.2,27.47,67,0,11,0.52,3.2,127.75,0.1,24.2,24.2,3607,1036,3589,True
62514,12/09/2020,17:21:54,76.2,14.28,0.08,1.2,13.36,0.12,1.2,13.36,0.0,0.0,24.18,27.47,67,0,11,0.52,3.2,127.75,0.09,24.19,24.19,3622,1036,3589,True
62529,12/09/2020,17:22:09,76.1,14.29,0.08,1.2,13.36,0.09,1.06,13.36,0.0,0.0,24.17,27.47,67,0,11,0.52,3.2,127.75,0.08,24.18,24.18,3637,1036,3589,True
62544,12/09/2020,17:22:24,76.2,16.22,0.04,0.8,13.36,0.06,0.8,13.36,0.0,0.0,24.19,27.48,67,0,11,0.52,3.2,127.75,0.08,24.18,24.18,3848,1036,3589,True
62559,12/09/2020,17:22:39,76.2,16.51,0.04,0.8,13.36,0.07,0.53,13.36,0.0,0.0,24.16,27.46,67,0,11,0.52,3.2,127.75,0.06,24.16,24.16,3863,1036,3589,True
62574,12/09/2020,17:22:54,76.2,16.47,0.04,0.53,13.36,0.05,0.66,13.36,0.0,0.0,24.16,27.45,67,0,11,0.52,3.2,127.75,0.05,24.16,24.15,3878,1036,3589,True
62589,12/09/2020,17:23:09,76.1,16.09,0.05,0.8,13.36,0.06,0.93,13.36,0.0,0.0,24.15,27.44,67,0,11,0.52,3.2,127.75,0.07,24.16,24.16,3893,1036,3589,True
62604,12/09/2020,17:23:24,76.2,16.09,0.04,0.8,13.36,0.05,0.66,13.36,0.0,0.0,24.14,27.44,67,0,11,0.52,3.2,127.75,0.06,24.14,24.14,4105,1036,3589,True
62619,12/09/2020,17:23:39,76.2,16.15,0.04,0.93,13.36,0.06,0.93,13.36,0.0,0.0,24.13,27.44,67,0,11,0.52,3.2,127.75,0.07,24.11,24.11,4120,1036,3589,True
62634,12/09/2020,17:23:54,76.1,16.21,0.04,0.66,13.36,0.06,0.66,13.35,0.0,0.0,24.11,27.44,67,0,11,0.52,3.2,127.75,0.06,24.11,24.12,4135,1036,3589,True
62649,12/09/2020,17:24:09,76.1,15.17,0.05,0.93,13.36,0.06,1.06,13.36,0.0,0.0,24.1,27.43,67,0,11,0.52,3.2,127.75,0.07,24.11,24.11,4150,1036,3589,True
62664,12/09/2020,17:24:24,76.2,14.27,0.06,0.93,13.36,0.07,0.93,13.36,0.0,0.0,24.09,27.43,67,0,11,0.52,3.2,127.75,0.09,24.11,24.1,4361,1036,3589,True
62679,12/09/2020,17:24:39,76.2,14.26,0.06,0.93,13.36,0.08,1.06,13.36,0.0,0.0,24.09,27.43,67,0,11,0.52,3.2,127.75,0.08,24.09,24.09,4376,1036,3589,True
62694,12/09/2020,17:24:54,76.2,14.26,0.06,0.93,13.35,0.08,1.06,13.36,0.0,0.0,24.09,27.42,67,0,11,0.52,3.2,127.75,0.07,24.09,24.09,4391,1036,3589,True
62709,12/09/2020,17:25:09,76.2,14.26,0.06,0.8,13.36,0.06,0.8,13.36,0.0,0.0,24.07,27.42,67,0,11,0.52,3.2,127.75,0.06,24.09,24.08,4406,1036,3589,True
62724,12/09/2020,17:25:24,76.1,14.26,0.05,0.93,13.35,0.06,0.8,13.36,0.0,0.0,24.07,27.42,67,0,11,0.52,3.2,127.75,0.07,24.09,24.08,4617,1036,3589,True
62739,12/09/2020,17:25:39,76.1,14.26,0.06,1.06,13.36,0.07,0.93,13.35,0.0,0.0,24.07,27.43,67,0,11,0.52,3.2,127.75,0.04,24.08,24.06,4632,1036,3589,True
62754,12/09/2020,17:25:54,76.1,14.25,0.04,0.66,13.36,0.06,0.8,13.36,0.0,0.0,24.06,27.41,67,0,11,0.52,3.2,127.75,0.07,24.07,24.06,4647,1036,3589,True
62769,12/09/2020,17:26:09,76.1,14.26,0.05,0.8,13.36,0.06,0.8,13.36,0.0,0.0,24.05,27.42,67,0,11,0.52,3.2,127.75,0.06,24.06,24.06,4662,1036,3589,True
62784,12/09/2020,17:26:24,76.1,14.24,0.04,0.66,13.36,0.06,0.8,13.36,0.0,0.0,24.06,27.41,67,0,11,0.52,3.2,127.75,0.05,24.05,24.05,4873,1036,3589,True
62799,12/09/2020,17:26:39,76.0,14.23,0.04,0.8,13.35,0.04,0.8,13.35,0.0,0.0,24.04,27.4,67,0,11,0.52,3.2,127.75,0.05,24.05,24.04,4888,1036,3589,True
62814,12/09/2020,17:26:54,76.0,14.22,0.04,0.66,13.35,0.05,0.66,13.35,0.0,0.0,24.04,27.41,67,0,11,0.52,3.2,127.75,0.05,24.03,24.04,4903,1036,3589,True
62829,12/09/2020,17:27:09,76.0,14.2,0.04,0.66,13.35,0.05,0.66,13.35,0.0,0.0,24.04,27.41,67,0,11,0.52,3.2,127.75,0.04,24.03,24.04,4918,1036,3589,True
62844,12/09/2020,17:27:24,76.0,14.16,0.03,0.66,13.36,0.05,0.66,13.35,0.0,0.0,24.03,27.39,67,0,11,0.52,3.2,127.75,0.05,24.02,24.03,5129,1036,3589,True
62859,12/09/2020,17:27:39,76.0,14.07,0.04,0.66,13.36,0.06,0.66,13.35,0.0,0.0,24.01,27.4,67,0,11,0.52,3.2,127.75,0.04,24.01,24.01,5144,1036,3589,True
62874,12/09/2020,17:27:54,75.9,13.9,0.04,0.66,13.35,0.05,0.66,13.35,0.0,0.0,24.0,27.39,67,0,11,0.52,3.2,127.75,0.05,24.01,24.0,5159,1036,3589,True
62889,12/09/2020,17:28:09,75.9,13.76,0.0,0.0,13.35,0.0,0.0,13.35,0.0,0.0,23.99,27.39,67,0,1,0.52,3.2,127.75,0.0,24.0,24.0,5174,1036,3589,True
62904,12/09/2020,17:28:24,75.9,13.61,0.0,0.0,13.36,0.0,0.0,13.35,0.0,0.0,23.99,27.36,67,0,1,0.52,3.2,127.75,0.0,23.99,23.99,5385,1036,3589,True
62919,12/09/2020,17:28:39,75.9,13.52,0.0,0.0,13.36,0.0,0.0,13.35,0.0,0.0,23.98,27.32,67,0,1,0.52,3.2,127.75,0.0,23.98,23.98,5400,1036,3589,True
62934,12/09/2020,17:28:54,75.9,13.41,0.0,0.0,13.36,0.0,0.0,13.35,0.0,0.0,23.97,27.3,67,0,1,0.52,3.2,127.75,0.0,23.98,23.98,5415,1036,3589,True
62949,12/09/2020,17:29:09,75.9,13.32,0.0,0.0,13.35,0.0,0.0,13.36,0.0,0.0,23.97,27.26,67,0,1,0.52,3.2,127.75,0.0,23.97,23.97,5430,1036,3589,True
62964,12/09/2020,17:29:24,75.8,13.25,0.0,0.0,13.35,0.0,0.0,13.35,0.0,0.0,23.95,27.23,67,0,1,0.52,3.2,127.75,0.0,23.96,23.96,5641,1036,3589,True
62979,12/09/2020,17:29:39,75.8,13.14,0.0,0.0,13.35,0.0,0.0,13.36,0.0,0.0,23.95,27.19,67,0,1,0.52,3.2,127.75,0.0,23.95,23.95,5656,1036,3589,True
62994,12/09/2020,17:29:54,75.8,13.05,0.0,0.0,13.35,0.0,0.0,13.35,0.0,0.0,23.94,27.16,67,0,1,0.52,3.2,127.75,0.0,23.95,23.95,5671,1036,3589,True
63009,12/09/2020,17:30:09,75.8,12.93,0.0,0.0,13.35,0.0,0.0,13.36,0.0,0.0,23.94,27.14,67,0,1,0.52,3.2,127.75,0.0,23.93,23.94,5686,1036,3589,True
63024,12/09/2020,17:30:24,75.8,12.82,0.0,0.0,13.35,0.0,0.0,13.36,0.0,0.0,23.93,27.11,67,0,1,0.52,3.2,127.75,0.0,23.93,23.93,5897,1036,3589,True
63039,12/09/2020,17:30:39,75.8,12.71,0.0,0.0,13.35,0.0,0.0,13.36,0.0,0.0,23.92,27.08,67,0,1,0.52,3.2,127.75,0.0,23.93,23.92,5912,1036,3589,True
63054,12/09/2020,17:30:54,75.8,12.61,0.0,0.0,13.36,0.0,0.0,13.35,0.0,0.0,23.92,27.06,67,0,1,0.52,3.2,127.75,0.0,23.91,23.91,5927,1036,3589,True
63069,12/09/2020,17:31:09,75.7,12.51,0.0,0.0,13.35,0.0,0.0,13.35,0.0,0.0,23.91,27.03,67,0,1,0.52,3.2,127.75,0.0,23.91,23.91,5942,1036,3589,True
63084,12/09/2020,17:31:24,75.7,12.39,0.0,0.0,13.35,0.0,0.0,13.36,0.0,0.0,23.9,27.01,67,0,1,0.52,3.2,127.75,0.0,23.91,23.9,6153,1036,3589,True
63099,12/09/2020,17:31:39,75.7,12.31,0.0,0.0,13.35,0.0,0.0,13.35,0.0,0.0,23.9,27.0,67,0,1,0.52,3.2,127.75,0.0,23.9,23.9,6168,1036,3589,True
63114,12/09/2020,17:31:54,75.7,12.2,0.0,0.0,13.35,0.0,0.0,13.36,0.0,0.0,23.89,26.98,67,0,1,0.52,3.2,127.75,0.0,23.89,23.89,6183,1036,3589,True
63129,12/09/2020,17:32:09,75.7,12.08,0.0,0.0,13.36,0.0,0.0,13.36,0.0,0.0,23.88,26.96,66,0,1,0.52,3.2,127.75,0.0,23.88,23.88,6198,1036,3589,True
63144,12/09/2020,17:32:24,75.7,11.99,0.0,0.0,13.35,0.0,0.0,13.35,0.0,0.0,23.89,26.95,67,0,1,0.52,3.2,127.75,0.0,23.89,23.89,6409,1036,3589,True
63159,12/09/2020,17:32:39,75.5,11.89,0.0,0.0,13.35,0.0,0.0,13.35,0.0,0.0,23.87,26.93,67,0,1,0.52,3.2,127.75,0.0,23.88,23.87,6424,1036,3589,True
63174,12/09/2020,17:32:54,75.5,11.8,0.0,0.0,13.35,0.0,0.0,13.36,0.0,0.0,23.87,26.92,66,0,1,0.52,3.2,127.75,0.0,23.87,23.87,6439,1036,3589,True
63189,12/09/2020,17:33:09,75.5,11.69,0.0,0.0,13.35,0.0,0.0,13.35,0.0,0.0,23.87,26.9,67,0,1,0.52,3.2,127.75,0.0,23.87,23.86,6454,1036,3589,True
63204,12/09/2020,17:33:24,75.5,11.6,0.0,0.0,13.36,0.0,0.0,13.35,0.0,0.0,23.86,26.89,66,0,1,0.52,3.2,127.75,0.0,23.86,23.86,6665,1036,3589,True
63219,12/09/2020,17:33:39,75.5,11.5,0.0,0.0,13.36,0.0,0.0,13.35,0.0,0.0,23.84,26.88,66,0,1,0.52,3.2,127.75,0.0,23.85,23.85,6680,1036,3589,True
63234,12/09/2020,17:33:54,75.5,11.41,0.0,0.0,13.36,0.0,0.0,13.35,0.0,0.0,23.84,26.86,66,0,1,0.52,3.2,127.75,0.0,23.84,23.84,6695,1036,3589,True
63249,12/09/2020,17:34:09,75.5,11.29,0.0,0.0,13.35,0.0,0.0,13.35,0.0,0.0,23.83,26.85,66,0,1,0.52,3.2,127.75,0.0,23.83,23.83,6710,1036,3589,True
63264,12/09/2020,17:34:24,75.5,11.2,0.0,0.0,13.35,0.0,0.0,13.35,0.0,0.0,23.83,26.84,66,0,1,0.52,3.2,127.75,0.0,23.83,23.83,6921,1036,3589,True
63279,12/09/2020,17:34:39,75.5,11.1,0.0,0.0,13.35,0.0,0.0,13.35,0.0,0.0,23.82,26.83,66,0,1,0.52,3.2,127.75,0.0,23.83,23.83,6936,1036,3589,True
63294,12/09/2020,17:34:54,75.5,10.99,0.0,0.0,13.35,0.0,0.0,13.35,0.0,0.0,23.83,26.82,66,0,1,0.52,3.2,127.75,0.0,23.83,23.83,6951,1036,3589,True
63309,12/09/2020,17:35:09,75.5,10.89,0.0,0.0,13.35,0.0,0.0,13.35,0.0,0.0,23.82,26.81,66,0,1,0.52,3.2,127.75,0.0,23.83,23.82,6966,1036,3589,True
63324,12/09/2020,17:35:24,75.5,10.79,0.0,0.0,13.35,0.0,0.0,13.35,0.0,0.0,23.81,26.79,66,0,1,0.52,3.2,127.75,0.0,23.82,23.82,7177,1036,3589,True
63339,12/09/2020,17:35:39,75.4,10.69,0.0,0.0,13.36,0.0,0.0,13.35,0.0,0.0,23.8,26.79,66,0,1,0.52,3.2,127.75,0.0,23.81,23.8,7192,1036,3589,True
63354,12/09/2020,17:35:54,75.4,10.57,0.0,0.0,13.36,0.0,0.0,13.36,0.0,0.0,23.8,26.78,66,0,1,0.52,3.2,127.75,0.0,23.8,23.8,7207,1036,3589,True
63369,12/09/2020,17:36:09,75.4,10.46,0.0,0.0,13.35,0.0,0.0,13.35,0.0,0.0,23.78,26.77,66,0,1,0.52,3.2,127.75,0.0,23.79,23.78,7222,1036,3589,True
63384,12/09/2020,17:36:24,75.3,10.34,0.0,0.0,13.35,0.0,0.0,13.35,0.0,0.0,23.78,26.76,66,0,1,0.52,3.2,127.75,0.0,23.78,23.78,7433,1036,3589,True
63399,12/09/2020,17:36:39,75.4,10.23,0.0,0.0,13.35,0.0,0.0,13.35,0.0,0.0,23.77,26.75,66,0,1,0.52,3.2,127.75,0.0,23.77,23.76,7448,1036,3589,True
63414,12/09/2020,17:36:54,75.3,10.1,0.0,0.0,13.35,0.0,0.0,13.35,0.0,0.0,23.77,26.74,66,0,1,0.52,3.2,127.75,0.0,23.76,23.76,7463,1036,3589,True
63429,12/09/2020,17:37:09,75.3,9.98,0.0,0.0,13.35,0.0,0.0,13.35,0.0,0.0,23.76,26.74,66,0,1,0.52,3.2,127.75,0.0,23.76,23.76,7478,1036,3589,True
63444,12/09/2020,17:37:24,75.3,9.87,0.0,0.0,13.35,0.0,0.0,13.35,0.0,0.0,23.75,26.73,66,0,1,0.52,3.2,127.75,0.0,23.75,23.75,7689,1036,3589,True
63459,12/09/2020,17:37:39,75.3,9.71,0.0,0.0,13.35,0.0,0.0,13.35,0.0,0.0,23.75,26.72,66,0,1,0.52,3.2,127.75,0.0,23.75,23.75,7704,1036,3589,True
63474,12/09/2020,17:37:54,75.2,9.59,0.0,0.0,13.35,0.0,0.0,13.35,0.0,0.0,23.74,26.71,66,0,1,0.52,3.2,127.75,0.0,23.74,23.74,7719,1036,3589,True
63489,12/09/2020,17:38:09,75.2,9.44,0.0,0.0,13.35,0.0,0.0,13.35,0.0,0.0,23.72,26.7,66,0,1,0.52,3.2,127.75,0.0,23.72,23.72,7734,1036,3589,True
63504,12/09/2020,17:38:24,75.2,9.3,0.0,0.0,13.35,0.0,0.0,13.35,0.0,0.0,23.71,26.7,66,0,1,0.52,3.2,127.75,0.0,23.71,23.71,7945,1036,3589,True
63519,12/09/2020,17:38:39,75.1,9.17,0.0,0.0,13.35,0.0,0.0,13.35,0.0,0.0,23.7,26.69,66,0,1,0.52,3.2,127.75,0.0,23.7,23.7,7960,1036,3589,True
63534,12/09/2020,17:38:54,75.1,9.03,0.0,0.0,13.35,0.0,0.0,13.35,0.0,0.0,23.69,26.69,66,0,1,0.52,3.2,127.75,0.0,23.69,23.69,7975,1036,3589,True
63549,12/09/2020,17:39:09,75.1,8.89,0.0,0.0,13.35,0.0,0.0,13.35,0.0,0.0,23.69,26.67,66,0,1,0.52,3.2,127.75,0.0,23.69,23.69,7990,1036,3589,True
63564,12/09/2020,17:39:24,75.1,8.75,0.0,0.0,13.35,0.0,0.0,13.35,0.0,0.0,23.68,26.67,66,0,1,0.52,3.2,127.75,0.0,23.69,23.69,8201,1036,3589,True
63579,12/09/2020,17:39:39,75.1,8.6,0.0,0.0,13.35,0.0,0.0,13.35,0.0,0.0,23.67,26.66,66,0,1,0.52,3.2,127.75,0.0,23.67,23.67,8216,1036,3589,True
63594,12/09/2020,17:39:54,75.1,8.45,0.0,0.0,13.35,0.0,0.0,13.35,0.0,0.0,23.67,26.66,66,0,1,0.52,3.2,127.75,0.0,23.67,23.67,8231,1036,3589,True
63609,12/09/2020,17:40:09,75.1,8.31,0.0,0.0,13.35,0.0,0.0,13.35,0.0,0.0,23.66,26.64,66,0,1,0.52,3.2,127.75,0.0,23.66,23.66,8246,1036,3589,True
63624,12/09/2020,17:40:24,75.1,8.16,0.0,0.0,13.35,0.0,0.0,13.35,0.0,0.0,23.66,26.64,66,0,1,0.52,3.2,127.75,0.0,23.66,23.66,8457,1036,3589,True
63639,12/09/2020,17:40:39,75.1,8.02,0.0,0.0,13.35,0.0,0.0,13.35,0.0,0.0,23.65,26.63,66,0,1,0.52,3.2,127.75,0.0,23.65,23.65,8472,1036,3589,True
63654,12/09/2020,17:40:54,75.1,7.88,0.0,0.0,13.35,0.0,0.0,13.35,0.0,0.0,23.64,26.62,66,0,1,0.52,3.2,127.75,0.0,23.64,23.64,8487,1036,3589,True
63669,12/09/2020,17:41:09,75.1,7.74,0.0,0.0,13.35,0.0,0.0,13.35,0.0,0.0,23.64,26.62,66,0,1,0.52,3.2,127.75,0.0,23.64,23.64,8502,1036,3589,True
63684,12/09/2020,17:41:24,75.1,7.6,0.0,0.0,13.35,0.0,0.0,13.35,0.0,0.0,23.63,26.61,66,0,1,0.52,3.2,127.75,0.0,23.63,23.63,8713,1036,3589,True
63699,12/09/2020,17:41:39,75.1,7.46,0.0,0.0,13.35,0.0,0.0,13.35,0.0,0.0,23.63,26.6,66,0,1,0.52,3.2,127.75,0.0,23.62,23.62,8728,1036,3589,True
63714,12/09/2020,17:41:54,75.1,7.3,0.0,0.0,13.35,0.0,0.0,13.35,0.0,0.0,23.62,26.6,66,0,1,0.52,3.2,127.75,0.0,23.61,23.61,8743,1036,3589,True
63729,12/09/2020,17:42:09,75.1,7.16,0.0,0.0,13.35,0.0,0.0,13.35,0.0,0.0,23.61,26.59,66,0,1,0.52,3.2,127.75,0.0,23.61,23.61,8758,1036,3589,True
63744,12/09/2020,17:42:24,75.1,7.03,0.0,0.0,13.35,0.0,0.0,13.35,0.0,0.0,23.61,26.58,66,0,1,0.52,3.2,127.75,0.0,23.61,23.61,8969,1036,3589,True
63759,12/09/2020,17:42:39,75.1,6.87,0.0,0.0,13.35,0.0,0.0,13.35,0.0,0.0,23.6,26.58,66,0,1,0.52,3.2,127.75,0.0,23.6,23.6,8984,1036,3589,True
63774,12/09/2020,17:42:54,75.1,6.72,0.0,0.0,13.35,0.0,0.0,13.35,0.0,0.0,23.59,26.57,66,0,1,0.52,3.2,127.75,0.0,23.59,23.59,8999,1036,3589,True
63789,12/09/2020,17:43:09,75.1,6.57,0.0,0.0,13.35,0.0,0.0,13.35,0.0,0.0,23.58,26.56,66,0,1,0.52,3.2,127.75,0.0,23.59,23.59,9014,1036,3589,True
63804,12/09/2020,17:43:24,75.1,6.41,0.0,0.0,13.35,0.0,0.0,13.35,0.0,0.0,23.58,26.55,66,0,1,0.52,3.2,127.75,0.0,23.58,23.58,9225,1036,3589,True
63819,12/09/2020,17:43:39,75.1,6.25,0.0,0.0,13.35,0.0,0.0,13.35,0.0,0.0,23.58,26.55,66,0,1,0.52,3.2,127.75,0.0,23.58,23.58,9240,1036,3589,True
63834,12/09/2020,17:43:54,75.1,6.1,0.0,0.0,13.35,0.0,0.0,13.35,0.0,0.0,23.58,26.54,66,0,1,0.52,3.2,127.75,0.0,23.57,23.58,9255,1036,3589,True
63849,12/09/2020,17:44:09,75.1,5.96,0.0,0.0,13.35,0.0,0.0,13.35,0.0,0.0,23.57,26.53,66,0,1,0.52,3.2,127.75,0.0,23.57,23.57,9270,1036,3589,True
63864,12/09/2020,17:44:24,75.1,5.79,0.0,0.0,13.35,0.0,0.0,13.35,0.0,0.0,23.56,26.52,66,0,1,0.52,3.2,127.75,0.0,23.56,23.56,9481,1036,3589,True
63879,12/09/2020,17:44:39,75.1,5.66,0.0,0.0,13.35,0.0,0.0,13.35,0.0,0.0,23.55,26.51,66,0,1,0.52,3.2,127.75,0.0,23.55,23.55,9496,1036,3589,True
63894,12/09/2020,17:44:54,75.1,5.51,0.0,0.0,13.35,0.0,0.0,13.35,0.0,0.0,23.55,26.51,66,0,1,0.52,3.2,127.75,0.0,23.54,23.55,9511,1036,3589,True
63909,12/09/2020,17:45:09,75.1,5.36,0.0,0.0,13.35,0.0,0.0,13.29,0.0,0.0,23.54,26.5,66,0,1,0.52,3.2,127.75,0.0,23.54,23.54,9526,1036,3589,True
63924,12/09/2020,17:45:24,75.1,5.2,0.0,0.0,13.29,0.0,0.0,13.34,0.0,0.0,23.54,26.5,66,0,1,0.52,3.2,127.75,0.0,23.54,23.54,9737,1036,3589,True
