54511,02/06/2021,15:08:31,85.7,20.79,0.16,3.47,13.36,0.25,2.93,13.36,0.0,0.0,30.21,22.73,71,0,11,0.0,12.82,137.37,0.25,30.21,30.21,514,3072,3589,True
54526,02/06/2021,15:08:46,85.0,19.27,3.89,75.06,13.5,5.59,75.06,13.5,0.0,0.0,29.62,22.84,71,0,11,0.0,12.82,137.37,5.62,29.64,29.62,529,3072,3589,True
54541,02/06/2021,15:09:01,83.9,16.25,6.07,98.7,13.55,7.29,98.64,13.54,0.0,0.0,28.59,22.96,72,0,11,0.0,12.82,137.37,7.22,28.58,28.58,544,3072,3589,True
54556,02/06/2021,15:09:16,82.5,17.18,5.83,100.61,13.55,7.39,100.13,13.55,0.0,0.0,27.44,23.09,73,0,11,0.0,12.82,137.37,7.41,27.44,27.44,558,3072,3589,True
54571,02/06/2021,15:09:31,81.4,17.13,5.84,99.93,13.55,7.42,99.93,13.55,0.0,0.0,26.96,23.19,74,0,11,0.0,12.82,137.37,7.41,26.95,26.95,769,3072,3589,True
54586,02/06/2021,15:09:46,80.7,17.14,5.84,100.61,13.56,7.41,100.47,13.56,0.0,0.0,26.67,23.31,75,0,11,0.0,12.82,137.37,7.4,26.66,26.66,784,3072,3589,True
54601,02/06/2021,15:10:01,79.8,17.12,5.86,100.61,13.56,7.4,100.34,13.56,0.0,0.0,25.99,23.42,76,0,11,0.0,12.82,137.37,7.41,25.99,25.99,799,3072,3589,True
54616,02/06/2021,15:10:16,78.9,17.14,5.84,100.2,13.56,7.4,100.4,13.56,0.0,0.0,25.69,23.5,76,0,11,0.0,12.82,137.37,7.38,25.68,25.7,814,3072,3589,True
54631,02/06/2021,15:10:31,78.1,17.14,5.87,100.61,13.56,7.41,100.61,13.56,0.0,0.0,25.34,23.59,77,0,11,0.0,12.82,137.37,7.41,25.35,25.35,1025,3072,3589,True
54646,02/06/2021,15:10:46,77.9,17.09,5.85,100.07,13.56,7.38,100.07,13.56,0.0,0.0,25.43,23.67,78,0,11,0.0,12.82,137.37,7.39,25.43,25.43,1040,3072,3589,True
54661,02/06/2021,15:11:01,77.4,17.16,5.85,100.2,13.56,7.41,100.2,13.56,0.0,0.0,25.3,23.75,77,0,11,0.0,12.82,137.37,7.38,25.3,25.29,1055,3072,3589,True
54676,02/06/2021,15:11:16,77.3,17.16,5.83,100.2,13.56,7.38,99.93,13.56,0.0,0.0,25.34,23.83,78,0,11,0.0,12.82,137.37,7.4,25.34,25.34,1070,3072,3589,True
54691,02/06/2021,15:11:31,77.0,17.21,5.81,100.07,13.56,7.37,100.2,13.57,0.0,0.0,25.2,23.89,78,0,11,0.0,12.82,137.37,7.37,25.21,25.21,1281,3072,3589,True
54706,02/06/2021,15:11:46,76.6,17.22,5.8,100.01,13.56,7.37,99.93,13.57,0.0,0.0,25.0,23.95,78,0,11,0.0,12.82,137.37,7.37,25.01,25.01,1296,3072,3589,True
54721,02/06/2021,15:12:01,76.1,17.21,5.83,99.93,13.57,7.38,100.01,13.56,0.0,0.0,24.73,24.01,78,0,11,0.0,12.82,137.37,7.36,24.74,24.72,1311,3072,3589,True
54736,02/06/2021,15:12:16,75.5,17.2,5.81,99.93,13.56,7.38,99.87,13.56,0.0,0.0,24.59,24.07,78,0,11,0.0,12.82,137.37,7.37,24.6,24.6,1326,3072,3589,True
54751,02/06/2021,15:12:31,75.5,17.21,5.79,99.53,13.56,7.35,99.39,13.56,0.0,0.0,24.79,24.13,78,0,11,0.0,12.82,137.37,7.33,24.8,24.79,1537,3072,3589,True
54766,02/06/2021,15:12:46,75.9,17.21,5.77,99.39,13.56,7.34,99.46,13.56,0.0,0.0,25.03,24.19,78,0,11,0.0,12.82,137.37,7.32,25.05,25.05,1552,3072,3589,True
54781,02/06/2021,15:13:01,76.2,17.21,5.78,99.46,13.57,7.33,99.39,13.57,0.0,0.0,25.29,24.23,78,0,11,0.0,12.82,137.37,7.33,25.29,25.3,1567,3072,3589,True
54796,02/06/2021,15:13:16,76.3,17.21,5.77,99.46,13.57,7.33,99.46,13.56,0.0,0.0,25.55,24.28,78,0,11,0.0,12.82,137.37,7.33,25.56,25.56,1582,3072,3589,True
54811,02/06/2021,15:13:31,76.8,17.24,5.76,99.39,13.57,7.3,99.19,13.57,0.0,0.0,25.75,24.33,78,0,11,0.0,12.82,137.37,7.31,25.75,25.75,1793,3072,3589,True
54826,02/06/2021,15:13:46,77.0,17.21,5.77,99.19,13.56,7.31,99.46,13.57,0.0,0.0,25.9,24.37,78,0,11,0.0,12.82,137.37,7.3,25.9,25.91,1808,3072,3589,True
54841,02/06/2021,15:14:01,77.1,17.26,5.75,99.33,13.57,7.33,99.19,13.57,0.0,0.0,25.97,24.41,78,0,11,0.0,12.82,137.37,7.3,25.97,25.97,1823,3072,3589,True
54856,02/06/2021,15:14:16,77.2,17.16,5.78,99.06,13.57,7.29,99.46,13.57,0.0,0.0,25.95,24.47,78,0,11,0.0,12.82,137.37,7.29,25.95,25.95,1838,3072,3589,True
54871,02/06/2021,15:14:31,77.2,17.14,5.77,99.46,13.57,7.29,99.46,13.57,0.0,0.0,25.94,24.49,78,0,11,0.0,12.82,137.37,7.32,25.94,25.94,2049,3072,3589,True
54886,02/06/2021,15:14:46,77.3,17.14,5.78,98.85,13.5,7.33,99.02,13.51,0.0,0.0,25.99,24.53,78,0,11,0.01,12.83,137.38,7.28,25.98,25.98,2064,3072,3589,True
54901,02/06/2021,15:15:01,77.4,17.07,5.75,98.58,13.56,7.27,99.05,13.56,0.0,0.0,26.09,24.57,77,0,11,0.01,12.83,137.38,7.28,26.09,26.09,2079,3072,3589,True
54916,02/06/2021,15:15:16,77.7,17.14,5.78,98.71,13.56,7.29,98.7,13.51,0.0,0.0,26.22,24.61,78,0,11,0.01,12.83,137.38,7.28,26.22,26.24,2094,3072,3589,True
54931,02/06/2021,15:15:31,78.0,17.14,5.73,98.78,13.56,7.28,98.58,13.56,0.0,0.0,26.37,24.65,79,0,11,0.01,12.83,137.38,7.26,26.38,26.38,2305,3072,3589,True
54946,02/06/2021,15:15:46,78.1,17.12,5.74,98.43,13.53,7.32,99.17,13.53,0.0,0.0,26.49,24.68,78,0,11,0.01,12.83,137.38,7.29,26.49,26.49,2320,3072,3589,True
54961,02/06/2021,15:16:01,78.1,17.16,5.73,98.17,13.53,7.27,98.68,13.51,0.0,0.0,26.63,24.72,78,0,11,0.01,12.83,137.38,7.26,26.62,26.62,2335,3072,3589,True
54976,02/06/2021,15:16:16,78.1,17.15,5.74,98.44,13.56,7.24,98.85,13.56,0.0,0.0,26.73,24.74,79,0,11,0.01,12.83,137.38,7.24,26.73,26.73,2350,3072,3589,True
54991,02/06/2021,15:16:31,78.5,17.1,5.74,98.03,13.56,7.26,98.11,13.56,0.0,0.0,26.85,24.78,79,0,11,0.01,12.83,137.38,7.27,26.85,26.84,2561,3072,3589,True
55006,02/06/2021,15:16:46,78.7,16.97,5.58,94.85,13.55,6.97,94.37,13.55,0.0,0.0,26.88,24.82,78,0,11,0.01,12.83,137.38,7.0,26.88,26.88,2576,3072,3589,True
55021,02/06/2021,15:17:01,78.7,16.98,5.56,94.17,13.55,6.95,94.44,13.55,0.0,0.0,26.85,24.84,78,0,11,0.01,12.83,137.38,6.97,26.84,26.84,2591,3072,3589,True
55036,02/06/2021,15:17:16,78.8,17.02,5.54,94.3,13.55,6.98,94.44,13.55,0.0,0.0,26.86,24.87,78,0,11,0.01,12.83,137.38,6.97,26.85,26.84,2606,3072,3589,True
55051,02/06/2021,15:17:31,78.9,17.02,5.53,94.3,13.55,6.95,94.03,13.55,0.0,0.0,26.84,24.89,78,0,11,0.01,12.83,137.38,6.95,26.84,26.85,2817,3072,3589,True
55066,02/06/2021,15:17:46,79.0,17.02,5.51,93.69,13.55,6.93,93.9,13.55,0.0,0.0,26.8,24.92,78,0,11,0.01,12.83,137.38,6.93,26.8,26.79,2832,3072,3589,True
55081,02/06/2021,15:18:01,79.1,17.01,5.5,93.49,13.55,6.9,93.49,13.55,0.0,0.0,26.84,24.95,78,0,11,0.01,12.83,137.38,6.91,26.83,26.84,2847,3072,3589,True
55096,02/06/2021,15:18:16,79.1,17.07,5.47,93.35,13.55,6.91,93.9,13.55,0.0,0.0,26.82,24.98,78,0,11,0.01,12.83,137.38,6.9,26.83,26.82,2862,3072,3589,True
55111,02/06/2021,15:18:31,79.1,17.07,5.48,93.42,13.55,6.91,93.35,13.55,0.0,0.0,26.77,25.01,78,0,11,0.01,12.83,137.38,6.89,26.77,26.77,3073,3072,3589,True
55126,02/06/2021,15:18:46,79.1,17.09,5.45,93.08,13.55,6.88,93.22,13.55,0.0,0.0,26.78,25.04,78,0,11,0.01,12.83,137.38,6.89,26.79,26.78,3088,3072,3589,True
55141,02/06/2021,15:19:01,79.2,17.09,5.43,92.81,13.55,6.86,92.81,13.55,0.0,0.0,26.8,25.06,78,0,11,0.01,12.83,137.38,6.86,26.79,26.78,3103,3072,3589,True
55156,02/06/2021,15:19:16,79.4,17.06,5.43,92.68,13.55,6.84,92.81,13.55,0.0,0.0,26.8,25.08,79,0,11,0.01,12.83,137.38,6.83,26.82,26.82,3118,3072,3589,True
55171,02/06/2021,15:19:31,79.4,17.05,5.42,92.47,13.55,6.83,92.27,13.55,0.0,0.0,26.8,25.11,78,0,11,0.01,12.83,137.38,6.83,26.79,26.79,3329,3072,3589,True
55186,02/06/2021,15:19:46,79.5,17.05,5.4,92.14,13.55,6.82,92.14,13.55,0.0,0.0,26.79,25.14,78,0,11,0.01,12.83,137.38,6.81,26.8,26.79,3344,3072,3589,True
55201,02/06/2021,15:20:01,79.5,17.04,5.42,92.14,13.55,6.8,92.27,13.55,0.0,0.0,26.77,25.16,78,0,11,0.01,12.83,137.38,6.81,26.76,26.76,3359,3072,3589,True
55216,02/06/2021,15:20:16,79.6,17.13,5.39,92.54,13.56,6.82,92.54,13.55,0.0,0.0,26.77,25.19,78,0,11,0.01,12.83,137.38,6.82,26.77,26.77,3374,3072,3589,True
55231,02/06/2021,15:20:31,79.6,17.16,5.36,92.27,13.55,6.82,92.41,13.55,0.0,0.0,26.72,25.21,78,0,11,0.01,12.83,137.38,6.82,26.71,26.72,3585,3072,3589,True
55246,02/06/2021,15:20:46,79.2,17.17,5.37,92.14,13.55,6.82,92.27,13.56,0.0,0.0,26.56,25.24,78,0,11,0.01,12.83,137.38,6.82,26.57,26.56,3600,3072,3589,True
55261,02/06/2021,15:21:01,79.1,17.18,5.34,92.0,13.55,6.81,92.0,13.54,0.0,0.0,26.54,25.26,78,0,11,0.01,12.83,137.38,6.77,26.55,26.55,3615,3072,3589,True
55276,02/06/2021,15:21:16,79.1,17.18,5.57,95.93,13.57,7.06,95.8,13.56,0.0,0.0,26.55,25.29,78,0,11,0.02,12.84,137.39,7.09,26.56,26.56,3630,3072,3589,True
55291,02/06/2021,15:21:31,79.2,17.3,5.56,96.07,13.57,7.07,95.8,13.57,0.0,0.0,26.59,25.31,79,0,11,0.02,12.84,137.39,7.1,26.59,26.59,3841,3072,3589,True
55306,02/06/2021,15:21:46,79.2,17.37,5.54,95.93,13.57,7.09,96.21,13.57,0.0,0.0,26.64,25.34,79,0,11,0.02,12.84,137.39,7.08,26.63,26.63,3856,3072,3589,True
55321,02/06/2021,15:22:01,79.4,17.37,5.53,96.21,13.57,7.07,96.34,13.57,0.0,0.0,26.66,25.36,79,0,11,0.02,12.84,137.39,7.09,26.65,26.66,3871,3072,3589,True
55336,02/06/2021,15:22:16,79.5,17.37,5.5,96.07,13.57,7.03,95.8,13.57,0.0,0.0,26.69,25.39,79,0,11,0.02,12.84,137.39,7.05,26.71,26.71,3886,3072,3589,True
55351,02/06/2021,15:22:31,79.5,17.32,5.52,95.66,13.57,7.05,95.66,13.57,0.0,0.0,26.74,25.41,79,0,11,0.02,12.84,137.39,7.06,26.72,26.74,4098,3072,3589,True
55366,02/06/2021,15:22:46,79.6,17.33,5.5,95.26,13.57,7.05,95.53,13.57,0.0,0.0,26.76,25.43,79,0,11,0.02,12.84,137.39,7.04,26.75,26.76,4112,3072,3589,True
55381,02/06/2021,15:23:01,79.6,17.36,5.5,95.53,13.57,7.04,95.66,13.57,0.0,0.0,26.8,25.46,79,0,11,0.02,12.84,137.39,7.06,26.8,26.79,4127,3072,3589,True
55396,02/06/2021,15:23:16,79.8,17.24,5.5,95.53,13.57,7.0,95.26,13.57,0.0,0.0,26.87,25.49,79,0,11,0.02,12.84,137.39,7.01,26.86,26.87,4142,3072,3589,True
55411,02/06/2021,15:23:31,79.8,17.19,5.52,94.92,13.57,7.0,95.12,13.57,0.0,0.0,26.92,25.51,79,0,11,0.02,12.84,137.39,7.01,26.92,26.93,4354,3072,3589,True
55426,02/06/2021,15:23:46,79.8,17.17,5.52,94.99,13.57,6.98,94.71,13.57,0.0,0.0,26.98,25.53,79,0,11,0.02,12.84,137.39,6.97,26.98,26.98,4369,3072,3589,True
55441,02/06/2021,15:24:01,79.8,17.16,5.5,94.58,13.57,6.96,94.58,13.57,0.0,0.0,27.07,25.55,79,0,11,0.02,12.84,137.39,6.97,27.07,27.07,4383,3072,3589,True
55456,02/06/2021,15:24:16,80.0,17.18,5.48,94.31,13.57,6.96,94.31,13.57,0.0,0.0,27.12,25.57,79,0,11,0.02,12.84,137.39,6.94,27.13,27.13,4399,3072,3589,True
55471,02/06/2021,15:24:31,80.0,17.18,5.47,94.04,13.57,6.94,94.17,13.57,0.0,0.0,27.11,25.61,79,0,11,0.02,12.84,137.39,6.94,27.12,27.12,4610,3072,3589,True
55486,02/06/2021,15:24:46,80.2,17.17,5.47,94.04,13.57,6.93,94.04,13.57,0.0,0.0,27.12,25.63,79,0,11,0.02,12.84,137.39,6.92,27.12,27.13,4625,3072,3589,True
55501,02/06/2021,15:25:01,80.2,17.1,5.47,93.9,13.57,6.92,93.76,13.57,0.0,0.0,27.15,25.65,79,0,11,0.02,12.84,137.39,6.91,27.15,27.15,4640,3072,3589,True
55516,02/06/2021,15:25:16,80.3,17.12,5.46,93.63,13.57,6.89,93.56,13.57,0.0,0.0,27.16,25.68,79,0,11,0.02,12.84,137.39,6.89,27.16,27.18,4655,3072,3589,True
55531,02/06/2021,15:25:31,80.4,17.12,5.46,93.63,13.57,6.91,93.49,13.57,0.0,0.0,27.17,25.69,79,0,11,0.02,12.84,137.39,6.88,27.17,27.18,4866,3072,3589,True
55546,02/06/2021,15:25:46,80.4,17.18,5.43,93.49,13.57,6.91,93.63,13.57,0.0,0.0,27.13,25.71,79,0,11,0.02,12.84,137.39,6.9,27.13,27.13,4881,3072,3589,True
55561,02/06/2021,15:26:01,80.4,17.3,5.39,93.36,13.57,6.87,93.36,13.57,0.0,0.0,27.1,25.73,79,0,11,0.02,12.84,137.39,6.88,27.1,27.1,4896,3072,3589,True
55576,02/06/2021,15:26:16,80.3,17.38,5.38,93.36,13.57,6.88,93.36,13.57,0.0,0.0,27.02,25.75,79,0,11,0.02,12.84,137.39,6.87,27.03,27.03,4911,3072,3589,True
55591,02/06/2021,15:26:31,80.3,17.38,5.37,93.36,13.58,6.88,93.36,13.57,0.0,0.0,27.05,25.77,80,0,11,0.02,12.84,137.39,6.88,27.04,27.06,5122,3072,3589,True
55606,02/06/2021,15:26:46,80.4,17.52,5.32,93.49,13.57,6.89,93.49,13.57,0.0,0.0,27.01,25.79,80,0,11,0.02,12.84,137.39,6.88,27.0,27.01,5137,3072,3589,True
55621,02/06/2021,15:27:01,80.3,17.52,5.32,93.49,13.57,6.86,93.36,13.57,0.0,0.0,27.03,25.83,80,0,11,0.02,12.84,137.39,6.88,27.03,27.03,5152,3072,3589,True
55636,02/06/2021,15:27:16,80.3,17.52,5.32,93.36,13.57,6.88,93.36,13.57,0.0,0.0,26.9,25.85,79,0,11,0.02,12.84,137.39,6.87,26.9,26.9,5167,3072,3589,True
55651,02/06/2021,15:27:31,80.3,17.52,5.32,93.36,13.58,6.88,93.36,13.58,0.0,0.0,26.93,25.86,79,0,11,0.03,12.85,137.4,6.88,26.92,26.93,5378,3072,3589,True
55666,02/06/2021,15:27:46,80.3,17.51,5.31,93.36,13.57,6.87,93.43,13.58,0.0,0.0,26.98,25.89,79,0,11,0.03,12.85,137.4,6.86,26.98,26.99,5393,3072,3589,True
55681,02/06/2021,15:28:01,80.2,17.52,5.3,93.22,13.57,6.85,93.15,13.58,0.0,0.0,26.87,25.9,79,0,11,0.03,12.85,137.4,6.85,26.87,26.88,5408,3072,3589,True
55696,02/06/2021,15:28:16,80.2,17.52,5.29,92.68,13.57,6.85,92.88,13.57,0.0,0.0,26.87,25.92,79,0,11,0.03,12.85,137.4,6.86,26.87,26.87,5423,3072,3589,True
55711,02/06/2021,15:28:31,80.2,17.5,5.29,92.68,13.57,6.82,92.75,13.57,0.0,0.0,26.89,25.94,79,0,11,0.03,12.85,137.4,6.82,26.9,26.9,5634,3072,3589,True
55726,02/06/2021,15:28:46,80.3,17.49,5.28,92.41,13.57,6.81,92.41,13.57,0.0,0.0,26.93,25.95,80,0,11,0.03,12.85,137.4,6.82,26.92,26.93,5649,3072,3589,True
55741,02/06/2021,15:29:01,80.3,17.47,5.26,92.41,13.57,6.79,92.14,13.57,0.0,0.0,26.96,25.98,79,0,11,0.03,12.85,137.4,6.79,26.94,26.95,5664,3072,3589,True
55756,02/06/2021,15:29:16,80.4,17.48,5.26,92.0,13.57,6.78,91.73,13.57,0.0,0.0,26.96,26.01,79,0,11,0.03,12.85,137.4,6.77,26.96,26.96,5679,3072,3589,True
55771,02/06/2021,15:29:31,80.4,17.46,5.26,91.73,13.57,6.76,92.14,13.57,0.0,0.0,26.98,26.01,79,0,11,0.03,12.85,137.4,6.76,26.98,26.98,5890,3072,3589,True
55786,02/06/2021,15:29:46,80.5,17.42,5.24,91.46,13.57,6.74,91.46,13.57,0.0,0.0,26.97,26.05,80,0,11,0.03,12.85,137.4,6.76,26.96,26.97,5905,3072,3589,True
55801,02/06/2021,15:30:01,80.5,17.4,5.25,91.19,13.57,6.74,91.32,13.57,0.0,0.0,27.01,26.06,79,0,11,0.03,12.85,137.4,6.72,27.01,27.01,5920,3072,3589,True
55816,02/06/2021,15:30:16,80.5,17.43,5.23,91.32,13.58,6.72,91.19,13.57,0.0,0.0,26.97,26.07,79,0,11,0.03,12.85,137.4,6.74,26.96,26.97,5935,3072,3589,True
55831,02/06/2021,15:30:31,80.5,17.42,5.24,91.05,13.57,6.71,91.05,13.57,0.0,0.0,26.96,26.09,79,0,11,0.03,12.85,137.4,6.72,26.95,26.94,6146,3072,3589,True
55846,02/06/2021,15:30:46,80.6,17.42,5.23,91.32,13.57,6.72,91.39,13.57,0.0,0.0,26.95,26.11,79,0,11,0.03,12.85,137.4,6.72,26.95,26.95,6161,3072,3589,True
55861,02/06/2021,15:31:01,80.6,17.43,5.22,91.39,13.57,6.7,91.19,13.57,0.0,0.0,27.02,26.13,80,0,11,0.03,12.85,137.4,6.7,27.0,27.01,6176,3072,3589,True
55876,02/06/2021,15:31:16,80.6,17.41,5.21,90.91,13.58,6.69,91.19,13.58,0.0,0.0,26.89,26.14,80,0,11,0.03,12.85,137.4,6.71,26.9,26.9,6191,3072,3589,True
55891,02/06/2021,15:31:31,80.6,17.42,5.22,90.98,13.57,6.69,90.78,13.57,0.0,0.0,26.91,26.16,80,0,11,0.03,12.85,137.4,6.68,26.91,26.91,6402,3072,3589,True
55906,02/06/2021,15:31:46,80.6,17.42,5.22,91.19,13.57,6.67,90.51,13.57,0.0,0.0,26.93,26.18,79,0,11,0.03,12.85,137.4,6.67,26.94,26.95,6417,3072,3589,True
55921,02/06/2021,15:32:01,80.6,17.37,5.21,90.24,13.58,6.66,90.37,13.57,0.0,0.0,26.96,26.19,79,0,11,0.03,12.85,137.4,6.66,26.97,26.96,6432,3072,3589,True
55936,02/06/2021,15:32:16,80.6,17.37,5.21,90.85,13.57,6.68,90.37,13.57,0.0,0.0,26.98,26.21,79,0,11,0.03,12.85,137.4,6.66,26.98,26.99,6447,3072,3589,True
55951,02/06/2021,15:32:31,80.6,17.36,5.17,89.83,13.57,6.63,90.37,13.57,0.0,0.0,26.98,26.22,79,0,11,0.03,12.85,137.4,6.62,26.99,26.98,6658,3072,3589,True
55966,02/06/2021,15:32:46,80.6,17.37,5.17,89.89,13.58,6.65,89.69,13.57,0.0,0.0,27.01,26.25,80,0,11,0.03,12.85,137.4,6.62,27.02,27.01,6673,3072,3589,True
55981,02/06/2021,15:33:01,80.6,17.33,5.17,89.96,13.57,6.6,90.24,13.58,0.0,0.0,26.98,26.26,79,0,11,0.03,12.85,137.4,6.63,26.98,26.98,6688,3072,3589,True
55996,02/06/2021,15:33:16,80.6,17.36,5.17,89.29,13.57,6.61,89.83,13.57,0.0,0.0,26.94,26.29,79,0,11,0.03,12.85,137.4,6.61,26.95,26.95,6703,3072,3589,True
56011,02/06/2021,15:33:31,80.6,17.34,5.15,89.62,13.58,6.6,89.49,13.57,0.0,0.0,26.96,26.31,79,0,11,0.03,12.85,137.4,6.6,26.96,26.97,6914,3072,3589,True
56026,02/06/2021,15:33:46,80.6,17.41,5.12,89.15,13.57,6.57,89.01,13.57,0.0,0.0,26.95,26.31,79,0,11,0.03,12.85,137.4,6.61,26.96,26.95,6929,3072,3589,True
56041,02/06/2021,15:34:01,80.6,17.4,5.1,89.15,13.57,6.55,89.35,13.57,0.0,0.0,26.9,26.34,79,0,11,0.04,12.86,137.41,6.56,26.9,26.9,6944,3072,3589,True
56056,02/06/2021,15:34:16,80.6,17.4,5.1,88.74,13.57,6.57,89.15,13.57,0.0,0.0,26.9,26.35,79,0,11,0.04,12.86,137.41,6.53,26.9,26.9,6959,3072,3589,True
56071,02/06/2021,15:34:31,80.6,17.39,5.11,89.01,13.57,6.56,88.61,13.57,0.0,0.0,26.93,26.35,79,0,11,0.04,12.86,137.41,6.54,26.93,26.94,7170,3072,3589,True
56086,02/06/2021,15:34:46,80.6,17.34,5.08,88.2,13.57,6.53,88.47,13.58,0.0,0.0,26.97,26.38,79,0,11,0.04,12.86,137.41,6.55,26.98,26.96,7185,3072,3589,True
56101,02/06/2021,15:35:01,80.6,17.47,5.07,88.88,13.57,6.52,88.61,13.57,0.0,0.0,26.97,26.4,80,0,11,0.04,12.86,137.41,6.5,26.96,26.96,7200,3072,3589,True
56116,02/06/2021,15:35:16,80.6,17.47,5.06,88.4,13.57,6.52,88.61,13.58,0.0,0.0,26.95,26.41,79,0,11,0.04,12.86,137.41,6.52,26.96,26.95,7215,3072,3589,True
56131,02/06/2021,15:35:31,80.6,17.39,5.07,88.2,13.57,6.52,87.93,13.58,0.0,0.0,27.0,26.42,79,0,11,0.04,12.86,137.41,6.5,26.99,26.98,7426,3072,3589,True
56146,02/06/2021,15:35:46,80.6,17.4,5.06,88.2,13.58,6.51,88.2,13.57,0.0,0.0,26.97,26.45,79,0,11,0.04,12.86,137.41,6.52,26.97,26.96,7441,3072,3589,True
56161,02/06/2021,15:36:01,80.6,17.52,5.03,88.13,13.57,6.48,88.34,13.57,0.0,0.0,26.97,26.46,79,0,11,0.04,12.86,137.41,6.5,26.98,26.97,7456,3072,3589,True
56176,02/06/2021,15:36:16,80.7,17.58,5.0,87.93,13.57,6.47,88.13,13.57,0.0,0.0,26.98,26.47,79,0,11,0.04,12.86,137.41,6.46,26.98,26.99,7471,3072,3589,True
56191,02/06/2021,15:36:31,80.7,17.58,5.0,87.93,13.58,6.46,87.86,13.57,0.0,0.0,26.99,26.49,79,0,11,0.04,12.86,137.41,6.46,26.98,26.99,7682,3072,3589,True
56206,02/06/2021,15:36:46,80.8,17.58,4.97,87.99,13.57,6.47,87.79,13.57,0.0,0.0,27.0,26.51,79,0,11,0.04,12.86,137.41,6.46,26.99,27.0,7697,3072,3589,True
56221,02/06/2021,15:37:01,80.8,17.59,4.98,87.39,13.57,6.47,87.66,13.57,0.0,0.0,26.98,26.52,79,0,11,0.04,12.86,137.41,6.48,26.98,26.98,7712,3072,3589,True
56236,02/06/2021,15:37:16,80.8,17.59,4.96,87.25,13.57,6.43,87.31,13.57,0.0,0.0,26.98,26.54,79,0,11,0.04,12.86,137.41,6.42,26.97,26.98,7727,3072,3589,True
56251,02/06/2021,15:37:31,80.8,17.59,4.95,87.39,13.57,6.44,87.52,13.57,0.0,0.0,26.95,26.54,79,0,11,0.04,12.86,137.41,6.44,26.95,26.96,7938,3072,3589,True
56266,02/06/2021,15:37:46,80.7,17.61,4.94,86.98,13.57,6.41,87.04,13.58,0.0,0.0,26.9,26.56,80,0,11,0.04,12.86,137.41,6.43,26.89,26.9,7953,3072,3589,True
56281,02/06/2021,15:38:01,80.6,17.54,4.96,87.11,13.57,6.41,86.71,13.57,0.0,0.0,26.88,26.58,80,0,11,0.04,12.86,137.41,6.41,26.88,26.88,7968,3072,3589,True
56296,02/06/2021,15:38:16,80.6,17.53,4.95,86.91,13.58,6.4,86.71,13.57,0.0,0.0,26.87,26.59,80,0,11,0.04,12.86,137.41,6.4,26.87,26.87,7983,3072,3589,True
56311,02/06/2021,15:38:31,80.7,17.59,4.93,86.77,13.57,6.38,86.71,13.57,0.0,0.0,26.91,26.62,79,0,11,0.04,12.86,137.41,6.4,26.92,26.92,8194,3072,3589,True
56326,02/06/2021,15:38:46,80.7,17.56,4.92,86.71,13.57,6.41,86.57,13.57,0.0,0.0,26.95,26.62,80,0,11,0.04,12.86,137.41,6.38,26.95,26.95,8209,3072,3589,True
56341,02/06/2021,15:39:01,80.7,17.62,4.89,86.57,13.57,6.38,86.44,13.57,0.0,0.0,26.94,26.64,79,0,11,0.04,12.86,137.41,6.37,26.94,26.94,8224,3072,3589,True
56356,02/06/2021,15:39:16,80.8,17.65,4.89,86.36,13.57,6.35,86.44,13.57,0.0,0.0,26.94,26.66,79,0,11,0.04,12.86,137.41,6.36,26.94,26.92,8239,3072,3589,True
56371,02/06/2021,15:39:31,80.7,17.65,4.88,86.16,13.57,6.36,86.5,13.57,0.0,0.0,26.92,26.66,79,0,11,0.04,12.86,137.41,6.36,26.92,26.92,8450,3072,3589,True
56386,02/06/2021,15:39:46,80.7,17.65,4.84,85.76,13.57,6.33,85.76,13.57,0.0,0.0,26.91,26.68,79,0,11,0.04,12.86,137.41,6.32,26.92,26.92,8465,3072,3589,True
56401,02/06/2021,15:40:01,80.6,17.65,4.85,85.89,13.57,6.33,86.16,13.57,0.0,0.0,26.87,26.69,79,0,11,0.04,12.86,137.41,6.33,26.85,26.86,8480,3072,3589,True
56416,02/06/2021,15:40:16,80.6,17.65,4.84,85.62,13.58,6.31,85.76,13.57,0.0,0.0,26.75,26.7,79,0,11,0.04,12.86,137.41,6.32,26.74,26.74,8495,3072,3589,True
56431,02/06/2021,15:40:31,80.4,17.65,4.82,85.62,13.57,6.31,85.35,13.57,0.0,0.0,26.69,26.71,79,0,11,0.04,12.86,137.41,6.3,26.71,26.7,8706,3072,3589,True
56446,02/06/2021,15:40:46,80.4,17.71,4.79,84.87,13.57,6.26,85.49,13.57,0.0,0.0,26.66,26.72,79,0,11,0.04,12.86,137.41,6.27,26.66,26.65,8721,3072,3589,True
56461,02/06/2021,15:41:01,80.3,17.82,4.76,85.21,13.57,6.28,85.21,13.57,0.0,0.0,26.68,26.74,79,0,11,0.05,12.87,137.42,6.27,26.67,26.67,8736,3072,3589,True
56476,02/06/2021,15:41:16,80.3,17.82,4.77,85.35,13.57,6.25,85.08,13.57,0.0,0.0,26.68,26.76,79,0,11,0.05,12.87,137.42,6.27,26.67,26.67,8751,3072,3589,True
56491,02/06/2021,15:41:31,80.3,17.89,4.74,84.4,13.57,6.27,84.94,13.57,0.0,0.0,26.7,26.76,79,0,11,0.05,12.87,137.42,6.23,26.69,26.69,8962,3072,3589,True
56506,02/06/2021,15:41:46,80.4,17.79,4.76,84.67,13.57,6.24,84.67,13.57,0.0,0.0,26.73,26.79,79,0,11,0.05,12.87,137.42,6.25,26.73,26.71,8977,3072,3589,True
56521,02/06/2021,15:42:01,80.4,17.77,4.77,84.94,13.57,6.28,85.21,13.57,0.0,0.0,26.77,26.79,79,0,11,0.05,12.87,137.42,6.21,26.77,26.77,8992,3072,3589,True
56536,02/06/2021,15:42:16,80.4,17.76,4.77,84.67,13.57,6.27,84.81,13.57,0.0,0.0,26.75,26.8,79,0,11,0.05,12.87,137.42,6.23,26.74,26.75,9007,3072,3589,True
56551,02/06/2021,15:42:31,80.4,17.77,4.76,84.13,13.57,6.25,84.94,13.57,0.0,0.0,26.74,26.83,79,0,11,0.05,12.87,137.42,6.21,26.73,26.73,9218,3072,3589,True
56566,02/06/2021,15:42:46,80.3,17.78,4.71,84.54,13.57,6.23,84.81,13.57,0.0,0.0,26.68,26.82,79,0,11,0.05,12.87,137.42,6.19,26.68,26.67,9233,3072,3589,True
56581,02/06/2021,15:43:01,80.0,17.76,4.77,84.87,13.57,6.26,84.81,13.57,0.0,0.0,26.6,26.84,79,0,11,0.05,12.87,137.42,6.26,26.59,26.59,9248,3072,3589,True
56596,02/06/2021,15:43:16,80.0,17.58,4.81,84.81,13.57,6.17,84.4,13.57,0.0,0.0,26.61,26.84,79,0,11,0.05,12.87,137.42,6.19,26.61,26.61,9263,3072,3589,True
56611,02/06/2021,15:43:31,79.8,17.61,4.76,84.67,13.57,6.25,84.26,13.57,0.0,0.0,26.53,26.87,79,0,11,0.05,12.87,137.42,6.25,26.52,26.53,9474,3072,3589,True
56626,02/06/2021,15:43:46,79.8,17.61,4.78,84.54,13.57,6.15,83.86,13.57,0.0,0.0,26.56,26.87,79,0,11,0.05,12.87,137.42,6.13,26.55,26.55,9489,3072,3589,True
56641,02/06/2021,15:44:01,79.8,17.65,4.73,84.13,13.57,6.16,83.59,13.57,0.0,0.0,26.5,26.9,79,0,11,0.05,12.87,137.42,6.23,26.5,26.5,9504,3072,3589,True
56656,02/06/2021,15:44:16,79.8,17.66,4.73,83.59,13.57,6.12,83.72,13.57,0.0,0.0,26.4,26.9,79,0,11,0.05,12.87,137.42,6.2,26.41,26.41,9519,3072,3589,True
56671,02/06/2021,15:44:31,79.8,17.66,4.75,83.45,13.57,6.1,83.59,13.57,0.0,0.0,26.37,26.91,79,0,11,0.05,12.87,137.42,6.2,26.36,26.36,9730,3072,3589,True
56686,02/06/2021,15:44:46,79.8,17.83,4.69,83.45,13.57,6.19,83.31,13.57,0.0,0.0,26.39,26.92,79,0,11,0.05,12.87,137.42,6.1,26.4,26.39,9745,3072,3589,True
56701,02/06/2021,15:45:01,79.8,17.82,4.64,83.24,13.57,6.06,83.31,13.57,0.0,0.0,26.43,26.94,79,0,11,0.05,12.87,137.42,6.1,26.43,26.43,9760,3072,3589,True
56716,02/06/2021,15:45:16,79.8,17.8,4.66,83.18,13.57,6.13,82.23,13.57,0.0,0.0,26.45,26.95,79,0,11,0.05,12.87,137.42,6.14,26.45,26.46,9775,3072,3589,True
56731,02/06/2021,15:45:31,79.7,17.75,4.67,83.04,13.57,6.06,83.04,13.57,0.0,0.0,26.42,26.96,79,0,11,0.05,12.87,137.42,6.09,26.43,26.42,9986,3072,3589,True
56746,02/06/2021,15:45:46,79.8,17.7,4.59,81.28,13.57,6.04,81.28,13.57,0.0,0.0,26.46,26.97,79,0,11,0.05,12.87,137.42,6.11,26.47,26.46,10001,3072,3589,True
56761,02/06/2021,15:46:01,79.7,17.75,4.65,82.77,13.57,6.05,82.09,13.57,0.0,0.0,26.46,26.99,79,0,11,0.05,12.87,137.42,6.06,26.46,26.45,10016,3072,3589,True
56776,02/06/2021,15:46:16,79.7,17.86,4.55,80.87,13.57,6.03,82.09,13.57,0.0,0.0,26.46,27.0,79,0,11,0.05,12.87,137.42,6.01,26.46,26.46,10031,3072,3589,True
56791,02/06/2021,15:46:31,79.7,17.83,4.57,81.01,13.57,5.97,82.36,13.57,0.0,0.0,26.45,27.01,79,0,11,0.05,12.87,137.42,6.0,26.45,26.44,10242,3072,3589,True
56806,02/06/2021,15:46:46,79.7,17.85,4.52,81.14,13.57,5.93,81.55,13.57,0.0,0.0,26.47,27.01,79,0,11,0.05,12.87,137.42,5.99,26.46,26.48,10257,3072,3589,True
56821,02/06/2021,15:47:01,79.7,17.92,4.54,81.82,13.57,6.03,81.69,13.57,0.0,0.0,26.51,27.03,79,0,11,0.05,12.87,137.42,5.91,26.5,26.5,10272,3072,3589,True
56836,02/06/2021,15:47:16,79.6,17.87,4.46,80.19,13.57,5.94,81.82,13.57,0.0,0.0,26.47,27.04,79,0,11,0.05,12.87,137.42,5.91,26.47,26.48,10287,3072,3589,True
56851,02/06/2021,15:47:31,79.6,17.68,4.52,80.0,13.57,5.97,79.19,13.57,0.0,0.0,26.47,27.05,79,0,11,0.05,12.87,137.42,5.92,26.45,26.45,10498,3072,3589,True
56866,02/06/2021,15:47:46,79.5,17.66,4.58,81.08,13.57,5.91,80.19,13.57,0.0,0.0,26.37,27.05,79,0,11,0.05,12.87,137.42,6.01,26.37,26.37,10513,3072,3589,True
56881,02/06/2021,15:48:01,79.6,17.59,4.62,81.49,13.57,5.85,79.38,13.57,0.0,0.0,26.43,27.08,79,0,11,0.05,12.87,137.42,5.86,26.42,26.42,10528,3072,3589,True
56896,02/06/2021,15:48:16,79.6,17.6,4.55,80.47,13.56,5.92,80.6,13.56,0.0,0.0,26.43,27.08,79,0,11,0.06,12.88,137.43,5.96,26.43,26.44,10543,3072,3589,True
56911,02/06/2021,15:48:31,79.6,17.53,4.55,80.74,13.57,5.9,80.33,13.57,0.0,0.0,26.44,27.09,79,0,11,0.06,12.88,137.43,5.85,26.44,26.43,10754,3072,3589,True
56926,02/06/2021,15:48:46,79.6,17.56,4.52,80.06,13.56,5.94,79.24,13.57,0.0,0.0,26.46,27.1,79,0,11,0.06,12.88,137.43,5.89,26.46,26.47,10769,3072,3589,True
56941,02/06/2021,15:49:01,79.6,17.43,4.62,80.81,13.57,5.86,79.86,13.57,0.0,0.0,26.49,27.12,79,0,11,0.06,12.88,137.43,5.93,26.49,26.48,10784,3072,3589,True
56956,02/06/2021,15:49:16,79.7,17.37,4.52,80.47,13.57,5.89,79.11,13.57,0.0,0.0,26.51,27.11,79,0,11,0.06,12.88,137.43,5.81,26.51,26.52,10799,3072,3589,True
56971,02/06/2021,15:49:31,79.6,17.37,4.64,79.92,13.57,5.88,79.79,13.57,0.0,0.0,26.49,27.12,79,0,11,0.06,12.88,137.43,5.77,26.49,26.49,11010,3072,3589,True
56986,02/06/2021,15:49:46,79.6,17.42,4.53,78.16,13.57,5.84,79.52,13.56,0.0,0.0,26.5,27.14,79,0,11,0.06,12.88,137.43,5.92,26.5,26.5,11025,3072,3589,True
57001,02/06/2021,15:50:01,79.5,17.48,4.58,78.91,13.57,5.87,78.78,13.56,0.0,0.0,26.44,27.16,78,0,11,0.06,12.88,137.43,5.92,26.43,26.43,11040,3072,3589,True
57016,02/06/2021,15:50:16,79.4,17.51,4.59,79.11,13.57,5.84,80.13,13.56,0.0,0.0,26.39,27.16,78,0,11,0.06,12.88,137.43,5.9,26.4,26.4,11055,3072,3589,True
57031,02/06/2021,15:50:31,79.1,17.45,4.61,78.37,13.56,5.82,77.83,13.57,0.0,0.0,26.32,27.16,78,0,11,0.06,12.88,137.43,5.73,26.31,26.32,11266,3072,3589,True
57046,02/06/2021,15:50:46,79.1,17.55,4.56,78.16,13.57,5.86,80.33,13.57,0.0,0.0,26.24,27.18,79,0,11,0.06,12.88,137.43,5.77,26.24,26.24,11281,3072,3589,True
57061,02/06/2021,15:51:01,79.1,17.49,4.5,79.46,13.57,5.87,79.65,13.56,0.0,0.0,26.25,27.18,79,0,11,0.06,12.88,137.43,5.7,26.25,26.26,11296,3072,3589,True
57076,02/06/2021,15:51:16,79.1,17.49,4.46,79.24,13.57,5.8,79.11,13.57,0.0,0.0,26.3,27.19,79,0,11,0.06,12.88,137.43,5.74,26.3,26.31,11311,3072,3589,True
57091,02/06/2021,15:51:31,79.2,17.51,4.54,79.52,13.57,5.87,77.29,13.56,0.0,0.0,26.34,27.2,78,0,11,0.06,12.88,137.43,5.71,26.35,26.34,11522,3072,3589,True
57106,02/06/2021,15:51:46,79.4,17.45,4.47,78.57,13.57,5.8,79.24,13.57,0.0,0.0,26.39,27.21,79,0,11,0.06,12.88,137.43,5.81,26.39,26.39,11537,3072,3589,True
57121,02/06/2021,15:52:01,79.5,17.43,4.54,78.29,13.56,5.71,77.42,13.57,0.0,0.0,26.46,27.22,78,0,11,0.06,12.88,137.43,5.85,26.45,26.46,11552,3072,3589,True
57136,02/06/2021,15:52:16,79.5,17.44,4.44,78.51,13.56,5.74,78.24,13.56,0.0,0.0,26.48,27.23,79,0,11,0.06,12.88,137.43,5.73,26.47,26.46,11567,3072,3589,True
57151,02/06/2021,15:52:31,79.5,17.4,4.46,79.05,13.57,5.69,77.56,13.56,0.0,0.0,26.47,27.24,79,0,11,0.06,12.88,137.43,5.71,26.47,26.47,11778,3072,3589,True
57166,02/06/2021,15:52:46,79.5,17.41,4.5,77.48,13.57,5.8,78.91,13.56,0.0,0.0,26.46,27.25,79,0,11,0.06,12.88,137.43,5.79,26.46,26.46,11793,3072,3589,True
57181,02/06/2021,15:53:01,79.4,17.41,4.4,77.02,13.56,5.64,76.53,13.56,0.0,0.0,26.37,27.26,79,0,11,0.06,12.88,137.43,5.58,26.38,26.37,11808,3072,3589,True
57196,02/06/2021,15:53:16,79.2,17.56,4.41,76.53,13.56,5.71,77.75,13.57,0.0,0.0,26.28,27.26,78,0,11,0.06,12.88,137.43,5.8,26.29,26.29,11823,3072,3589,True
57211,02/06/2021,15:53:31,79.2,17.56,4.31,75.8,13.57,5.79,76.8,13.57,0.0,0.0,26.29,27.27,78,0,11,0.06,12.88,137.43,5.78,26.3,26.29,12034,3072,3589,True
57226,02/06/2021,15:53:46,79.2,17.6,4.38,78.37,13.56,5.62,77.69,13.56,0.0,0.0,26.3,27.29,79,0,11,0.06,12.88,137.43,5.77,26.3,26.3,12049,3072,3589,True
57241,02/06/2021,15:54:01,79.1,17.58,4.26,77.97,13.56,5.61,76.12,13.56,0.0,0.0,26.27,27.3,79,0,11,0.06,12.88,137.43,5.69,26.29,26.29,12064,3072,3589,True
57256,02/06/2021,15:54:16,79.1,17.56,4.35,77.83,13.56,5.54,77.69,13.56,0.0,0.0,26.22,27.3,78,0,11,0.06,12.88,137.43,5.58,26.22,26.2,12079,3072,3589,True
57271,02/06/2021,15:54:31,79.1,17.59,4.25,76.47,13.56,5.64,75.25,13.56,0.0,0.0,26.17,27.31,79,0,11,0.06,12.88,137.43,5.62,26.18,26.18,12290,3072,3589,True
57286,02/06/2021,15:54:46,79.1,17.51,4.32,75.93,13.56,5.51,77.02,13.56,0.0,0.0,26.2,27.32,78,0,11,0.06,12.88,137.43,5.57,26.19,26.19,12305,3072,3589,True
57301,02/06/2021,15:55:01,79.1,17.62,4.27,77.29,13.56,5.62,76.61,13.56,0.0,0.0,26.21,27.33,78,0,11,0.06,12.88,137.43,5.6,26.21,26.21,12320,3072,3589,True
57316,02/06/2021,15:55:16,79.1,17.59,4.35,74.85,13.56,5.55,75.93,13.56,0.0,0.0,26.27,27.34,78,0,11,0.06,12.88,137.43,5.63,26.27,26.27,12335,3072,3589,True
57331,02/06/2021,15:55:31,79.1,17.59,4.23,75.12,13.56,5.69,75.93,13.56,0.0,0.0,26.29,27.34,78,0,11,0.06,12.88,137.43,5.52,26.3,26.3,12546,3072,3589,True
57346,02/06/2021,15:55:46,79.1,17.65,4.2,76.07,13.56,5.53,75.93,13.56,0.0,0.0,26.3,27.36,78,0,11,0.07,12.89,137.44,5.59,26.3,26.31,12561,3072,3589,True
57361,02/06/2021,15:56:01,79.1,17.61,4.33,76.47,13.56,5.63,76.34,13.56,0.0,0.0,26.33,27.36,78,0,11,0.07,12.89,137.44,5.56,26.33,26.33,12576,3072,3589,True
57376,02/06/2021,15:56:16,79.1,17.52,4.23,76.47,13.56,5.56,75.25,13.56,0.0,0.0,26.33,27.36,78,0,11,0.07,12.89,137.44,5.61,26.33,26.33,12591,3072,3589,True
57391,02/06/2021,15:56:31,79.2,17.51,4.35,74.17,13.56,5.62,74.85,13.56,0.0,0.0,26.39,27.38,78,0,11,0.07,12.89,137.44,5.39,26.39,26.37,12802,3072,3589,True
57406,02/06/2021,15:56:46,79.4,17.52,4.32,73.76,13.56,5.56,74.17,13.56,0.0,0.0,26.42,27.38,78,0,11,0.07,12.89,137.44,5.59,26.42,26.42,12817,3072,3589,True
57421,02/06/2021,15:57:01,79.5,17.45,4.3,73.76,13.55,5.5,74.03,13.56,0.0,0.0,26.46,27.39,78,0,11,0.07,12.89,137.44,5.48,26.46,26.46,12832,3072,3589,True
57436,02/06/2021,15:57:16,79.5,17.49,4.28,74.98,13.56,5.53,74.03,13.56,0.0,0.0,26.46,27.4,78,0,11,0.07,12.89,137.44,5.48,26.45,26.45,12847,3072,3589,True
57451,02/06/2021,15:57:31,79.6,17.46,4.28,75.12,13.56,5.52,75.39,13.56,0.0,0.0,26.49,27.42,78,0,11,0.07,12.89,137.44,5.46,26.48,26.48,13058,3072,3589,True
57466,02/06/2021,15:57:46,79.6,17.42,4.32,72.68,13.56,5.46,74.52,13.56,0.0,0.0,26.5,27.41,78,0,11,0.07,12.89,137.44,5.38,26.49,26.49,13073,3072,3589,True
57481,02/06/2021,15:58:01,79.6,17.4,4.25,74.44,13.56,5.55,74.11,13.55,0.0,0.0,26.5,27.43,78,0,11,0.07,12.89,137.44,5.47,26.51,26.5,13088,3072,3589,True
57496,02/06/2021,15:58:16,79.6,17.37,4.3,73.08,13.55,5.4,75.12,13.56,0.0,0.0,26.44,27.42,78,0,11,0.07,12.89,137.44,5.31,26.44,26.45,13103,3072,3589,True
57511,02/06/2021,15:58:31,79.5,17.4,4.27,72.95,13.56,5.36,74.3,13.55,0.0,0.0,26.41,27.44,78,0,11,0.07,12.89,137.44,5.47,26.41,26.4,13314,3072,3589,True
57526,02/06/2021,15:58:46,79.4,17.37,4.24,72.68,13.56,5.39,72.68,13.55,0.0,0.0,26.39,27.44,78,0,11,0.07,12.89,137.44,5.33,26.39,26.39,13329,3072,3589,True
57541,02/06/2021,15:59:01,79.4,17.34,4.25,71.19,13.56,5.48,74.3,13.56,0.0,0.0,26.36,27.45,78,0,11,0.07,12.89,137.44,5.34,26.36,26.36,13344,3072,3589,True
57556,02/06/2021,15:59:16,79.2,17.33,4.23,71.05,13.56,5.29,74.11,13.56,0.0,0.0,26.32,27.46,78,0,11,0.07,12.89,137.44,5.34,26.32,26.33,13359,3072,3589,True
57571,02/06/2021,15:59:31,79.4,17.36,4.25,73.63,13.56,5.32,72.54,13.56,0.0,0.0,26.35,27.47,78,0,11,0.07,12.89,137.44,5.45,26.35,26.34,13570,3072,3589,True
57586,02/06/2021,15:59:46,79.1,17.37,4.24,73.9,13.56,5.41,73.03,13.55,0.0,0.0,26.3,27.48,78,0,11,0.07,12.89,137.44,5.42,26.3,26.3,13585,3072,3589,True
57601,02/06/2021,16:00:01,79.1,17.27,4.25,72.76,13.56,5.26,71.32,13.55,0.0,0.0,26.32,27.47,78,0,11,0.07,12.89,137.44,5.29,26.31,26.33,13600,3072,3589,True
57616,02/06/2021,16:00:16,79.1,17.25,4.13,72.95,13.55,5.22,70.78,13.55,0.0,0.0,26.26,27.49,78,0,11,0.07,12.89,137.44,5.27,26.27,26.26,13615,3072,3589,True
57631,02/06/2021,16:00:31,79.1,17.26,4.2,70.37,13.55,5.37,71.81,13.55,0.0,0.0,26.28,27.49,78,0,11,0.07,12.89,137.44,5.31,26.28,26.27,13826,3072,3589,True
57646,02/06/2021,16:00:46,79.1,17.3,4.08,73.03,13.56,5.18,72.68,13.55,0.0,0.0,26.22,27.49,78,0,11,0.07,12.89,137.44,5.4,26.22,26.23,13841,3072,3589,True
57661,02/06/2021,16:01:01,78.9,17.3,4.22,71.19,13.56,5.21,71.86,13.56,0.0,0.0,26.11,27.5,78,0,11,0.07,12.89,137.44,5.38,26.1,26.1,13856,3072,3589,True
57676,02/06/2021,16:01:16,78.9,17.28,4.07,72.62,13.55,5.16,69.96,13.55,0.0,0.0,26.05,27.51,78,0,11,0.07,12.89,137.44,5.32,26.05,26.04,13871,3072,3589,True
57691,02/06/2021,16:01:31,78.9,17.33,4.14,71.73,13.56,5.31,71.67,13.55,0.0,0.0,26.06,27.51,77,0,11,0.07,12.89,137.44,5.36,26.06,26.07,14082,3072,3589,True
57706,02/06/2021,16:01:46,78.9,17.23,4.04,71.81,13.55,5.26,70.86,13.56,0.0,0.0,26.11,27.52,77,0,11,0.07,12.89,137.44,5.28,26.11,26.11,14097,3072,3589,True
57721,02/06/2021,16:02:01,78.8,17.28,4.12,70.78,13.56,5.19,71.0,13.56,0.0,0.0,26.06,27.52,78,0,11,0.07,12.89,137.44,5.22,26.05,26.05,14112,3072,3589,True
57736,02/06/2021,16:02:16,78.7,17.33,4.05,70.32,13.55,5.29,70.32,13.55,0.0,0.0,26.0,27.53,77,0,11,0.07,12.89,137.44,5.31,26.0,25.99,14127,3072,3589,True
57751,02/06/2021,16:02:31,78.7,17.32,4.15,70.73,13.56,5.15,71.32,13.55,0.0,0.0,26.01,27.53,78,0,11,0.07,12.89,137.44,5.14,26.02,26.02,14338,3072,3589,True
57766,02/06/2021,16:02:46,78.7,17.3,4.11,71.4,13.55,5.1,71.27,13.55,0.0,0.0,26.0,27.55,78,0,11,0.07,12.89,137.44,5.31,26.0,25.99,14353,3072,3589,True
57781,02/06/2021,16:03:01,78.7,17.28,4.09,70.59,13.55,5.23,71.54,13.55,0.0,0.0,26.01,27.55,77,0,11,0.07,12.89,137.44,5.12,26.02,26.02,14368,3072,3589,True
57796,02/06/2021,16:03:16,78.7,17.28,4.08,69.02,13.55,5.26,71.27,13.55,0.0,0.0,26.03,27.56,77,0,11,0.07,12.89,137.44,5.19,26.04,26.02,14383,3072,3589,True
57811,02/06/2021,16:03:31,78.8,17.41,4.0,71.46,13.55,5.12,69.24,13.55,0.0,0.0,26.08,27.56,77,0,11,0.07,12.89,137.44,5.12,26.09,26.08,14594,3072,3589,True
57826,02/06/2021,16:03:46,78.8,17.54,3.98,70.05,13.55,5.17,71.27,13.55,0.0,0.0,26.13,27.57,78,0,11,0.07,12.89,137.44,5.15,26.14,26.12,14609,3072,3589,True
57841,02/06/2021,16:04:01,78.8,17.59,3.91,71.05,13.55,5.24,70.59,13.55,0.0,0.0,26.09,27.58,78,0,11,0.07,12.89,137.44,5.11,26.1,26.09,14624,3072,3589,True
57856,02/06/2021,16:04:16,78.7,17.63,4.03,69.37,13.56,5.16,69.64,13.56,0.0,0.0,26.05,27.58,77,0,11,0.08,12.9,137.45,5.11,26.05,26.05,14639,3072,3589,True
57871,02/06/2021,16:04:31,78.7,17.6,3.96,69.37,13.55,5.09,69.91,13.55,0.0,0.0,26.11,27.6,77,0,11,0.08,12.9,137.45,5.16,26.09,26.1,14850,3072,3589,True
57886,02/06/2021,16:04:46,78.7,17.72,3.93,69.78,13.55,5.11,69.83,13.56,0.0,0.0,26.12,27.59,77,0,11,0.08,12.9,137.45,5.19,26.11,26.11,14865,3072,3589,True
57901,02/06/2021,16:05:01,78.7,17.69,3.91,68.42,13.55,5.04,68.83,13.55,0.0,0.0,26.1,27.6,77,0,11,0.08,12.9,137.45,5.09,26.1,26.11,14880,3072,3589,True
57916,02/06/2021,16:05:16,78.7,17.65,3.89,68.15,13.55,5.18,68.56,13.55,0.0,0.0,26.13,27.59,78,0,11,0.08,12.9,137.45,5.05,26.13,26.13,14895,3072,3589,True
57931,02/06/2021,16:05:31,78.7,17.67,3.87,69.1,13.55,5.03,68.29,13.54,0.0,0.0,26.1,27.61,78,0,11,0.08,12.9,137.45,5.0,26.1,26.1,15106,3072,3589,True
57946,02/06/2021,16:05:46,78.7,17.68,3.88,67.61,13.55,5.01,67.75,13.55,0.0,0.0,26.09,27.61,77,0,11,0.08,12.9,137.45,5.0,26.07,26.08,15121,3072,3589,True
57961,02/06/2021,16:06:01,78.7,17.7,3.9,68.69,13.55,5.05,69.78,13.55,0.0,0.0,26.09,27.62,77,0,11,0.08,12.9,137.45,5.13,26.11,26.1,15136,3072,3589,True
57976,02/06/2021,16:06:16,78.7,17.61,3.91,68.15,13.55,4.97,67.34,13.55,0.0,0.0,26.08,27.63,77,0,11,0.08,12.9,137.45,5.01,26.09,26.08,15151,3072,3589,True
57991,02/06/2021,16:06:31,78.5,17.69,3.81,68.42,13.55,5.11,69.24,13.55,0.0,0.0,26.01,27.63,77,0,11,0.08,12.9,137.45,5.04,26.01,26.01,2,3073,3589,True
58006,02/06/2021,16:06:46,78.1,17.72,3.77,66.93,13.55,5.01,67.88,13.55,0.0,0.0,25.92,27.64,77,0,11,0.08,12.9,137.45,5.1,25.93,25.92,17,3073,3589,True
58021,02/06/2021,16:07:01,78.1,17.79,3.84,68.42,13.54,5.04,68.15,13.55,0.0,0.0,25.81,27.65,77,0,11,0.08,12.9,137.45,5.06,25.82,25.81,32,3073,3589,True
58036,02/06/2021,16:07:16,78.1,17.71,3.77,67.34,13.55,5.07,67.34,13.55,0.0,0.0,25.79,27.66,77,0,11,0.08,12.9,137.45,5.05,25.79,25.79,47,3073,3589,True
58051,02/06/2021,16:07:31,78.1,17.74,3.86,68.29,13.55,4.99,67.2,13.55,0.0,0.0,25.79,27.66,77,0,11,0.08,12.9,137.45,5.08,25.78,25.78,258,3073,3589,True
58066,02/06/2021,16:07:46,78.1,17.77,3.79,66.88,13.54,4.97,67.88,13.55,0.0,0.0,25.73,27.66,77,0,11,0.08,12.9,137.45,4.92,25.74,25.72,273,3073,3589,True
58081,02/06/2021,16:08:01,78.1,17.8,3.79,66.53,13.54,4.96,67.61,13.55,0.0,0.0,25.73,27.66,77,0,11,0.08,12.9,137.45,5.01,25.74,25.74,288,3073,3589,True
58096,02/06/2021,16:08:16,78.1,17.81,3.72,68.02,13.55,5.03,68.02,13.55,0.0,0.0,25.73,27.67,77,0,11,0.08,12.9,137.45,4.95,25.75,25.75,303,3073,3589,True
58111,02/06/2021,16:08:31,78.1,17.8,3.76,67.75,13.55,4.95,66.53,13.55,0.0,0.0,25.74,27.68,77,0,11,0.08,12.9,137.45,5.03,25.74,25.73,514,3073,3589,True
58126,02/06/2021,16:08:46,78.1,17.8,3.8,66.61,13.55,4.97,66.39,13.55,0.0,0.0,25.73,27.68,77,0,11,0.08,12.9,137.45,4.9,25.74,25.73,529,3073,3589,True
58141,02/06/2021,16:09:01,78.1,17.82,3.71,66.12,13.55,4.99,67.61,13.55,0.0,0.0,25.7,27.68,77,0,11,0.08,12.9,137.45,4.97,25.7,25.7,544,3073,3589,True
58156,02/06/2021,16:09:16,78.1,21.15,0.16,4.16,13.43,0.29,3.89,13.43,0.0,0.0,25.64,27.7,77,0,11,0.08,12.9,137.45,0.28,25.64,25.65,559,3073,3589,True
58171,02/06/2021,16:09:31,78.1,21.2,0.06,1.34,13.42,0.09,1.2,13.42,0.0,0.0,25.67,27.68,76,0,11,0.08,12.9,137.45,0.1,25.66,25.67,770,3073,3589,True
58186,02/06/2021,16:09:46,78.1,21.19,0.08,2.01,13.42,0.05,0.67,13.42,0.0,0.0,25.69,27.67,75,0,11,0.08,12.9,137.45,0.12,25.68,25.67,785,3073,3589,True
58201,02/06/2021,16:10:01,78.1,21.14,0.15,2.95,13.43,0.26,2.95,13.43,0.0,0.0,25.71,27.67,74,0,11,0.08,12.9,137.45,0.26,25.7,25.7,800,3073,3589,True
58216,02/06/2021,16:10:16,78.1,21.13,0.17,3.62,13.42,0.27,4.16,13.42,0.0,0.0,25.66,27.64,74,0,11,0.08,12.9,137.45,0.28,25.65,25.65,815,3073,3589,True
58231,02/06/2021,16:10:31,78.0,21.12,0.17,4.29,13.42,0.35,3.89,13.42,0.0,0.0,25.65,27.63,73,0,11,0.08,12.9,137.45,0.3,25.64,25.64,1026,3073,3589,True
58246,02/06/2021,16:10:46,78.0,18.1,3.64,65.66,13.53,4.82,65.26,13.54,0.0,0.0,25.66,27.63,73,0,11,0.08,12.9,137.45,4.85,25.66,25.66,1041,3073,3589,True
58261,02/06/2021,16:11:01,78.1,15.29,3.79,57.9,13.53,4.3,58.04,13.53,0.0,0.0,25.72,27.63,74,0,11,0.08,12.9,137.45,4.33,25.72,25.72,1056,3073,3589,True
58276,02/06/2021,16:11:16,78.1,17.89,3.65,64.17,13.54,4.78,65.39,13.54,0.0,0.0,25.72,27.64,75,0,11,0.08,12.9,137.45,4.74,25.72,25.72,1071,3073,3589,True
58291,02/06/2021,16:11:31,78.1,17.79,3.66,65.26,13.54,4.8,65.31,13.54,0.0,0.0,25.75,27.65,76,0,11,0.08,12.9,137.45,4.83,25.74,25.75,1282,3073,3589,True
58306,02/06/2021,16:11:46,78.1,17.82,3.64,64.58,13.54,4.78,64.45,13.54,0.0,0.0,25.76,27.65,77,0,11,0.08,12.9,137.45,4.71,25.76,25.75,1297,3073,3589,True
58321,02/06/2021,16:12:01,78.1,17.77,3.64,64.31,13.54,4.77,63.9,13.54,0.0,0.0,25.79,27.67,77,0,11,0.08,12.9,137.45,4.76,25.8,25.8,1312,3073,3589,True
58336,02/06/2021,16:12:16,78.1,17.71,3.6,64.85,13.54,4.79,64.85,13.54,0.0,0.0,25.79,27.67,77,0,11,0.08,12.9,137.45,4.72,25.79,25.79,1327,3073,3589,True
58351,02/06/2021,16:12:31,78.1,17.63,3.63,64.04,13.54,4.72,63.63,13.54,0.0,0.0,25.77,27.68,77,0,11,0.08,12.9,137.45,4.68,25.77,25.77,1538,3073,3589,True
58366,02/06/2021,16:12:46,78.1,17.68,3.6,63.9,13.54,4.66,63.5,13.54,0.0,0.0,25.79,27.68,77,0,11,0.08,12.9,137.45,4.74,25.79,25.8,1553,3073,3589,True
58381,02/06/2021,16:13:01,78.1,17.68,3.62,63.63,13.54,4.7,64.31,13.54,0.0,0.0,25.78,27.68,77,0,11,0.08,12.9,137.45,4.72,25.76,25.77,1568,3073,3589,True
58396,02/06/2021,16:13:16,78.1,17.62,3.61,63.36,13.54,4.64,63.5,13.54,0.0,0.0,25.79,27.69,77,0,11,0.08,12.9,137.45,4.65,25.78,25.78,1583,3073,3589,True
58411,02/06/2021,16:13:31,78.1,17.71,3.55,62.96,13.54,4.61,62.96,13.54,0.0,0.0,25.82,27.7,77,0,11,0.08,12.9,137.45,4.66,25.8,25.81,1794,3073,3589,True
58426,02/06/2021,16:13:46,78.1,17.72,3.56,63.5,13.54,4.64,63.09,13.54,0.0,0.0,25.85,27.71,77,0,11,0.08,12.9,137.45,4.66,25.85,25.85,1809,3073,3589,True
58441,02/06/2021,16:14:01,78.1,17.64,3.56,62.96,13.54,4.69,63.5,13.54,0.0,0.0,25.85,27.71,77,0,11,0.08,12.9,137.45,4.62,25.86,25.86,1824,3073,3589,True
58456,02/06/2021,16:14:16,78.1,17.62,3.53,62.28,13.54,4.6,63.36,13.54,0.0,0.0,25.89,27.72,77,0,11,0.08,12.9,137.45,4.66,25.9,25.9,1839,3073,3589,True
58471,02/06/2021,16:14:31,78.1,17.63,3.49,61.6,13.54,4.61,62.55,13.54,0.0,0.0,25.91,27.73,77,0,11,0.09,12.91,137.46,4.57,25.9,25.91,2050,3073,3589,True
58486,02/06/2021,16:14:46,78.1,17.59,3.54,62.69,13.55,4.61,62.41,13.54,0.0,0.0,25.88,27.74,77,0,11,0.09,12.91,137.46,4.57,25.89,25.89,2065,3073,3589,True
58501,02/06/2021,16:15:01,78.1,17.63,3.48,62.01,13.54,4.59,62.69,13.54,0.0,0.0,25.94,27.73,77,0,11,0.09,12.91,137.46,4.64,25.93,25.94,2080,3073,3589,True
58516,02/06/2021,16:15:16,78.1,17.62,3.51,62.69,13.54,4.57,61.74,13.54,0.0,0.0,25.9,27.73,77,0,11,0.09,12.91,137.46,4.57,25.91,25.9,2095,3073,3589,True
58531,02/06/2021,16:15:31,78.1,17.53,3.53,62.41,13.54,4.58,62.23,13.53,0.0,0.0,25.79,27.74,77,0,11,0.09,12.91,137.46,4.56,25.79,25.78,2306,3073,3589,True
58546,02/06/2021,16:15:46,78.1,17.56,3.52,61.87,13.54,4.51,61.56,13.54,0.0,0.0,25.68,27.75,77,0,11,0.09,12.91,137.46,4.59,25.68,25.68,2321,3073,3589,True
58561,02/06/2021,16:16:01,78.0,17.67,3.48,61.47,13.54,4.55,61.83,13.53,0.0,0.0,25.57,27.74,77,0,11,0.09,12.91,137.46,4.59,25.58,25.58,2336,3073,3589,True
58576,02/06/2021,16:16:16,77.9,17.53,3.47,61.2,13.54,4.56,61.69,13.54,0.0,0.0,25.54,27.76,77,0,11,0.09,12.91,137.46,4.48,25.54,25.54,2351,3073,3589,True
58591,02/06/2021,16:16:31,77.8,17.52,3.5,61.29,13.54,4.48,60.65,13.54,0.0,0.0,25.51,27.76,77,0,11,0.09,12.91,137.46,4.5,25.51,25.51,2562,3073,3589,True
58606,02/06/2021,16:16:46,77.7,17.46,3.47,59.98,13.54,4.48,61.2,13.53,0.0,0.0,25.48,27.76,77,0,11,0.09,12.91,137.46,4.47,25.46,25.47,2577,3073,3589,True
58621,02/06/2021,16:17:01,77.7,17.47,3.43,60.79,13.54,4.43,60.47,13.54,0.0,0.0,25.44,27.76,77,0,11,0.09,12.91,137.46,4.46,25.44,25.45,2592,3073,3589,True
58636,02/06/2021,16:17:16,77.6,17.45,3.46,60.34,13.53,4.42,59.44,13.53,0.0,0.0,25.43,27.77,76,0,11,0.09,12.91,137.46,4.43,25.44,25.44,2607,3073,3589,True
58651,02/06/2021,16:17:31,77.4,17.52,3.39,59.57,13.54,4.38,60.07,13.53,0.0,0.0,25.41,27.77,77,0,11,0.09,12.91,137.46,4.39,25.41,25.42,2818,3073,3589,True
58666,02/06/2021,16:17:46,77.4,17.56,3.35,59.3,13.54,4.4,58.85,13.53,0.0,0.0,25.4,27.77,77,0,11,0.09,12.91,137.46,4.33,25.4,25.4,2833,3073,3589,True
58681,02/06/2021,16:18:01,77.4,17.54,3.36,59.12,13.53,4.35,59.12,13.53,0.0,0.0,25.41,27.77,76,0,11,0.09,12.91,137.46,4.34,25.39,25.4,2848,3073,3589,True
58696,02/06/2021,16:18:16,77.3,17.48,3.34,58.04,13.53,4.29,58.31,13.53,0.0,0.0,25.43,27.78,76,0,11,0.09,12.91,137.46,4.33,25.42,25.43,2863,3073,3589,True
58711,02/06/2021,16:18:31,77.4,17.64,3.33,58.58,13.53,4.31,58.31,13.53,0.0,0.0,25.45,27.78,76,0,11,0.09,12.91,137.46,4.32,25.44,25.44,3074,3073,3589,True
58726,02/06/2021,16:18:46,77.6,17.72,3.27,58.04,13.53,4.29,58.99,13.53,0.0,0.0,25.5,27.78,76,0,11,0.09,12.91,137.46,4.31,25.51,25.51,3089,3073,3589,True
58741,02/06/2021,16:19:01,77.7,17.78,3.25,58.58,13.54,4.32,58.04,13.53,0.0,0.0,25.59,27.79,77,0,11,0.09,12.91,137.46,4.3,25.6,25.6,3104,3073,3589,True
58756,02/06/2021,16:19:16,77.8,17.75,3.24,57.23,13.53,4.29,57.36,13.53,0.0,0.0,25.64,27.8,76,0,11,0.09,12.91,137.46,4.3,25.63,25.63,3119,3073,3589,True
58771,02/06/2021,16:19:31,77.8,17.82,3.24,57.36,13.53,4.26,58.04,13.53,0.0,0.0,25.62,27.81,76,0,11,0.09,12.91,137.46,4.22,25.63,25.63,3330,3073,3589,True
58786,02/06/2021,16:19:46,77.8,17.79,3.2,56.82,13.53,4.26,56.51,13.53,0.0,0.0,25.62,27.8,76,0,11,0.09,12.91,137.46,4.2,25.63,25.63,3345,3073,3589,True
58801,02/06/2021,16:20:01,77.8,17.74,3.18,56.42,13.53,4.21,56.55,13.53,0.0,0.0,25.62,27.8,76,0,11,0.09,12.91,137.46,4.16,25.63,25.63,3360,3073,3589,True
58816,02/06/2021,16:20:16,77.9,17.69,3.2,56.55,13.53,4.15,56.28,13.53,0.0,0.0,25.71,27.82,76,0,11,0.09,12.91,137.46,4.18,25.69,25.7,3375,3073,3589,True
58831,02/06/2021,16:20:31,78.1,17.72,3.13,56.01,13.53,4.16,56.28,13.53,0.0,0.0,25.76,27.81,76,0,11,0.09,12.91,137.46,4.16,25.75,25.76,3586,3073,3589,True
58846,02/06/2021,16:20:46,78.1,17.71,3.13,56.14,13.52,4.15,55.97,13.52,0.0,0.0,25.72,27.81,76,0,11,0.09,12.91,137.46,4.12,25.72,25.72,3601,3073,3589,True
58861,02/06/2021,16:21:01,78.1,17.82,3.17,56.01,13.52,4.18,56.28,13.53,0.0,0.0,25.71,27.81,76,0,11,0.09,12.91,137.46,4.17,25.71,25.72,3616,3073,3589,True
58876,02/06/2021,16:21:16,78.1,17.75,3.13,55.33,13.53,4.1,55.74,13.53,0.0,0.0,25.77,27.82,76,0,11,0.09,12.91,137.46,4.14,25.78,25.77,3631,3073,3589,True
58891,02/06/2021,16:21:31,78.1,17.76,3.1,55.43,13.52,4.06,55.47,13.53,0.0,0.0,25.75,27.81,76,0,11,0.09,12.91,137.46,4.1,25.75,25.75,3842,3073,3589,True
58906,02/06/2021,16:21:46,78.1,17.72,3.09,54.62,13.53,4.02,54.62,13.52,0.0,0.0,25.75,27.82,76,0,11,0.09,12.91,137.46,4.03,25.74,25.75,3857,3073,3589,True
58921,02/06/2021,16:22:01,78.0,17.71,3.08,54.48,13.52,4.03,54.48,13.52,0.0,0.0,25.67,27.82,76,0,11,0.09,12.91,137.46,4.02,25.67,25.68,3872,3073,3589,True
58936,02/06/2021,16:22:16,77.8,17.73,3.04,53.84,13.52,3.99,53.98,13.52,0.0,0.0,25.57,27.82,76,0,11,0.09,12.91,137.46,4.03,25.56,25.56,3887,3073,3589,True
58951,02/06/2021,16:22:31,77.8,17.71,3.02,53.94,13.52,3.99,54.12,13.53,0.0,0.0,25.5,27.82,76,0,11,0.09,12.91,137.46,3.97,25.51,25.5,4098,3073,3589,True
58966,02/06/2021,16:22:46,77.6,17.7,3.04,53.8,13.52,4.0,53.71,13.52,0.0,0.0,25.35,27.82,76,0,11,0.09,12.91,137.46,4.01,25.35,25.35,4113,3073,3589,True
58981,02/06/2021,16:23:01,77.3,17.59,3.03,53.4,13.52,3.95,53.8,13.52,0.0,0.0,25.33,27.82,76,0,11,0.09,12.91,137.46,3.95,25.32,25.33,4128,3073,3589,True
58996,02/06/2021,16:23:16,77.3,17.56,3.03,53.53,13.52,3.93,53.53,13.52,0.0,0.0,25.35,27.82,76,0,11,0.09,12.91,137.46,3.98,25.35,25.34,4143,3073,3589,True
59011,02/06/2021,16:23:31,77.3,17.62,3.01,53.4,13.52,3.94,53.26,13.52,0.0,0.0,25.36,27.84,76,0,11,0.09,12.91,137.46,3.91,25.37,25.37,4354,3073,3589,True
59026,02/06/2021,16:23:46,77.3,17.53,3.01,53.13,13.52,3.93,53.13,13.52,0.0,0.0,25.34,27.83,76,0,11,0.09,12.91,137.46,3.93,25.34,25.33,4369,3073,3589,True
59041,02/06/2021,16:24:01,77.3,17.56,3.04,52.86,13.52,3.87,52.32,13.52,0.0,0.0,25.34,27.83,76,0,11,0.09,12.91,137.46,3.92,25.35,25.34,4384,3073,3589,True
59056,02/06/2021,16:24:16,77.3,17.53,3.01,52.99,13.52,3.88,52.86,13.52,0.0,0.0,25.35,27.83,76,0,11,0.09,12.91,137.46,3.88,25.34,25.36,4399,3073,3589,True
59071,02/06/2021,16:24:31,77.3,17.48,3.03,52.72,13.52,3.9,52.99,13.52,0.0,0.0,25.37,27.84,76,0,11,0.09,12.91,137.46,3.91,25.38,25.38,4610,3073,3589,True
59086,02/06/2021,16:24:46,77.3,17.45,3.05,53.13,13.52,3.92,53.4,13.52,0.0,0.0,25.36,27.84,76,0,11,0.09,12.91,137.46,3.91,25.37,25.37,4625,3073,3589,True
59101,02/06/2021,16:25:01,77.3,17.56,3.01,52.59,13.52,3.93,52.99,13.52,0.0,0.0,25.36,27.84,76,0,11,0.1,12.92,137.47,3.9,25.36,25.35,4640,3073,3589,True
59116,02/06/2021,16:25:16,77.3,17.47,2.98,52.14,13.52,3.91,52.72,13.52,0.0,0.0,25.39,27.84,76,0,11,0.1,12.92,137.47,3.88,25.38,25.38,4655,3073,3589,True
59131,02/06/2021,16:25:31,77.3,17.55,3.0,52.45,13.52,3.91,52.72,13.52,0.0,0.0,25.39,27.83,76,0,11,0.1,12.92,137.47,3.89,25.38,25.39,4866,3073,3589,True
59146,02/06/2021,16:25:46,77.2,17.59,2.97,52.45,13.52,3.87,52.32,13.52,0.0,0.0,25.3,27.84,76,0,11,0.1,12.92,137.47,3.89,25.3,25.3,4881,3073,3589,True
59161,02/06/2021,16:26:01,77.2,17.59,2.97,52.18,13.52,3.86,52.05,13.52,0.0,0.0,25.25,27.84,76,0,11,0.1,12.92,137.47,3.85,25.26,25.26,4896,3073,3589,True
59176,02/06/2021,16:26:16,77.2,17.53,2.95,51.91,13.52,3.85,51.74,13.52,0.0,0.0,25.28,27.85,76,0,11,0.1,12.92,137.47,3.82,25.28,25.28,4911,3073,3589,True
59191,02/06/2021,16:26:31,77.2,17.52,2.95,52.05,13.52,3.84,52.05,13.52,0.0,0.0,25.31,27.85,76,0,11,0.1,12.92,137.47,3.85,25.31,25.3,5122,3073,3589,True
59206,02/06/2021,16:26:46,77.3,17.64,2.95,51.91,13.52,3.85,52.18,13.52,0.0,0.0,25.35,27.85,76,0,11,0.1,12.92,137.47,3.85,25.35,25.35,5137,3073,3589,True
59221,02/06/2021,16:27:01,77.4,17.62,2.95,52.01,13.52,3.85,52.05,13.52,0.0,0.0,25.39,27.84,76,0,11,0.1,12.92,137.47,3.84,25.37,25.38,5152,3073,3589,True
59236,02/06/2021,16:27:16,77.4,17.59,2.93,51.91,13.51,3.82,51.78,13.52,0.0,0.0,25.43,27.84,76,0,11,0.1,12.92,137.47,3.82,25.43,25.43,5167,3073,3589,True
59251,02/06/2021,16:27:31,77.6,17.6,2.92,51.64,13.52,3.82,51.51,13.52,0.0,0.0,25.45,27.85,75,0,11,0.1,12.92,137.47,3.85,25.44,25.44,5378,3073,3589,True
59266,02/06/2021,16:27:46,77.6,17.52,2.92,51.51,13.52,3.8,51.37,13.52,0.0,0.0,25.41,27.85,75,0,11,0.1,12.92,137.47,3.8,25.41,25.41,5393,3073,3589,True
59281,02/06/2021,16:28:01,77.6,17.52,2.92,51.1,13.51,3.79,51.33,13.51,0.0,0.0,25.42,27.85,76,0,11,0.1,12.92,137.47,3.78,25.41,25.41,5408,3073,3589,True
59296,02/06/2021,16:28:16,77.6,17.67,2.88,50.83,13.51,3.77,50.52,13.51,0.0,0.0,25.47,27.85,75,0,11,0.1,12.92,137.47,3.75,25.46,25.46,5423,3073,3589,True
59311,02/06/2021,16:28:31,77.6,17.57,2.9,50.79,13.52,3.77,51.2,13.51,0.0,0.0,25.44,27.85,75,0,11,0.1,12.92,137.47,3.77,25.45,25.44,5634,3073,3589,True
59326,02/06/2021,16:28:46,77.7,17.54,2.86,50.42,13.52,3.74,50.66,13.52,0.0,0.0,25.48,27.86,75,0,11,0.1,12.92,137.47,3.74,25.47,25.47,5649,3073,3589,True
59341,02/06/2021,16:29:01,77.7,17.54,2.86,50.39,13.51,3.73,50.12,13.51,0.0,0.0,25.5,27.84,75,0,11,0.1,12.92,137.47,3.71,25.49,25.5,5664,3073,3589,True
59356,02/06/2021,16:29:16,77.6,17.54,2.84,50.12,13.51,3.69,50.12,13.51,0.0,0.0,25.44,27.86,75,0,11,0.1,12.92,137.47,3.7,25.43,25.44,5679,3073,3589,True
59371,02/06/2021,16:29:31,77.6,17.52,2.83,50.12,13.52,3.7,49.98,13.51,0.0,0.0,25.36,27.85,75,0,11,0.1,12.92,137.47,3.69,25.37,25.36,5890,3073,3589,True
59386,02/06/2021,16:29:46,77.4,17.63,2.82,49.71,13.51,3.69,49.71,13.51,0.0,0.0,25.32,27.85,75,0,11,0.1,12.92,137.47,3.7,25.32,25.32,5905,3073,3589,True
59401,02/06/2021,16:30:01,77.3,17.63,2.81,49.71,13.52,3.68,49.71,13.51,0.0,0.0,25.27,27.86,76,0,11,0.1,12.92,137.47,3.69,25.26,25.27,5920,3073,3589,True
59416,02/06/2021,16:30:16,77.3,17.63,2.79,49.44,13.51,3.66,49.31,13.51,0.0,0.0,25.27,27.86,75,0,11,0.1,12.92,137.47,3.66,25.27,25.28,5935,3073,3589,True
59431,02/06/2021,16:30:31,77.3,17.59,2.78,49.04,13.51,3.65,49.17,13.51,0.0,0.0,25.27,27.85,75,0,11,0.1,12.92,137.47,3.65,25.27,25.27,6146,3073,3589,True
59446,02/06/2021,16:30:46,77.3,17.71,2.75,49.04,13.51,3.63,49.17,13.51,0.0,0.0,25.24,27.85,75,0,11,0.1,12.92,137.47,3.62,25.24,25.24,6161,3073,3589,True
59461,02/06/2021,16:31:01,77.2,17.72,2.75,48.63,13.51,3.6,48.63,13.51,0.0,0.0,25.17,27.85,75,0,11,0.1,12.92,137.47,3.62,25.18,25.16,6176,3073,3589,True
59476,02/06/2021,16:31:16,77.1,17.73,2.73,48.36,13.51,3.58,48.5,13.51,0.0,0.0,25.14,27.85,75,0,11,0.1,12.92,137.47,3.59,25.13,25.13,6191,3073,3589,True
59491,02/06/2021,16:31:31,77.1,17.71,2.71,48.23,13.51,3.55,47.96,13.51,0.0,0.0,25.14,27.85,75,0,11,0.1,12.92,137.47,3.55,25.15,25.13,6402,3073,3589,True
59506,02/06/2021,16:31:46,77.1,17.77,2.69,47.82,13.51,3.54,47.82,13.51,0.0,0.0,25.14,27.86,75,0,11,0.1,12.92,137.47,3.53,25.12,25.13,6417,3073,3589,True
59521,02/06/2021,16:32:01,77.1,17.72,2.65,47.14,13.51,3.48,47.28,13.51,0.0,0.0,25.18,27.85,75,0,11,0.1,12.92,137.47,3.49,25.18,25.18,6432,3073,3589,True
59536,02/06/2021,16:32:16,77.1,17.71,2.63,47.01,13.51,3.46,46.87,13.5,0.0,0.0,25.2,27.85,75,0,11,0.1,12.92,137.47,3.47,25.21,25.22,6447,3073,3589,True
59551,02/06/2021,16:32:31,77.1,17.72,2.63,46.6,13.51,3.45,46.47,13.51,0.0,0.0,25.22,27.86,75,0,11,0.1,12.92,137.47,3.45,25.22,25.21,6658,3073,3589,True
59566,02/06/2021,16:32:46,77.2,17.73,2.61,46.17,13.5,3.42,46.06,13.51,0.0,0.0,25.27,27.86,75,0,11,0.1,12.92,137.47,3.41,25.26,25.26,6673,3073,3589,True
59581,02/06/2021,16:33:01,77.2,17.74,2.59,45.76,13.51,3.41,46.06,13.51,0.0,0.0,25.31,27.85,75,0,11,0.1,12.92,137.47,3.4,25.31,25.31,6688,3073,3589,True
59596,02/06/2021,16:33:16,77.3,17.78,2.56,45.79,13.51,3.38,45.52,13.51,0.0,0.0,25.36,27.86,75,0,11,0.1,12.92,137.47,3.39,25.36,25.36,6703,3073,3589,True
59611,02/06/2021,16:33:31,77.3,17.84,2.54,45.49,13.5,3.36,45.52,13.5,0.0,0.0,25.38,27.86,75,0,11,0.1,12.92,137.47,3.39,25.37,25.37,6914,3073,3589,True
59626,02/06/2021,16:33:46,77.3,17.84,2.53,45.22,13.5,3.37,45.22,13.5,0.0,0.0,25.43,27.85,75,0,11,0.1,12.92,137.47,3.36,25.42,25.42,6929,3073,3589,True
59641,02/06/2021,16:34:01,77.4,17.76,2.53,44.95,13.5,3.34,45.09,13.5,0.0,0.0,25.45,27.86,75,0,11,0.1,12.92,137.47,3.34,25.46,25.45,6944,3073,3589,True
59656,02/06/2021,16:34:16,77.6,17.72,2.52,45.09,13.5,3.32,44.82,13.5,0.0,0.0,25.47,27.85,75,0,11,0.1,12.92,137.47,3.32,25.47,25.46,6959,3073,3589,True
59671,02/06/2021,16:34:31,77.6,17.83,2.5,44.68,13.5,3.31,44.55,13.5,0.0,0.0,25.51,27.86,75,0,11,0.1,12.92,137.47,3.3,25.52,25.52,7170,3073,3589,True
59686,02/06/2021,16:34:46,77.7,17.82,2.5,44.28,13.5,3.29,44.41,13.5,0.0,0.0,25.57,27.84,74,0,11,0.1,12.92,137.47,3.28,25.57,25.57,7185,3073,3589,True
59701,02/06/2021,16:35:01,77.7,17.79,2.49,43.87,13.5,3.27,44.01,13.5,0.0,0.0,25.55,27.85,75,0,11,0.1,12.92,137.47,3.27,25.55,25.55,7200,3073,3589,True
59716,02/06/2021,16:35:16,77.7,17.81,2.45,43.74,13.5,3.25,43.87,13.5,0.0,0.0,25.53,27.84,75,0,11,0.1,12.92,137.47,3.26,25.52,25.53,7215,3073,3589,True
59731,02/06/2021,16:35:31,77.7,17.79,2.45,43.6,13.5,3.22,43.47,13.5,0.0,0.0,25.56,27.85,75,0,11,0.1,12.92,137.47,3.22,25.57,25.56,7426,3073,3589,True
59746,02/06/2021,16:35:46,77.7,17.94,2.4,43.2,13.5,3.2,43.33,13.5,0.0,0.0,25.55,27.84,75,0,11,0.1,12.92,137.47,3.21,25.55,25.55,7441,3073,3589,True
59761,02/06/2021,16:36:01,77.7,17.88,2.4,42.93,13.5,3.17,42.79,13.5,0.0,0.0,25.47,27.84,75,0,11,0.1,12.92,137.47,3.19,25.47,25.47,7456,3073,3589,True
59776,02/06/2021,16:36:16,77.4,17.9,2.39,42.89,13.5,3.18,43.03,13.5,0.0,0.0,25.32,27.85,74,0,11,0.1,12.92,137.47,3.18,25.32,25.32,7471,3073,3589,True
59791,02/06/2021,16:36:31,77.2,17.94,2.37,43.06,13.5,3.16,42.79,13.5,0.0,0.0,25.14,27.84,74,0,11,0.1,12.92,137.47,3.16,25.13,25.13,7682,3073,3589,True
59806,02/06/2021,16:36:46,77.0,17.94,2.38,42.62,13.5,3.14,42.66,13.5,0.0,0.0,25.06,27.85,74,0,11,0.1,12.92,137.47,3.16,25.06,25.06,7697,3073,3589,True
59821,02/06/2021,16:37:01,77.0,17.95,2.36,42.52,13.49,3.12,42.39,13.49,0.0,0.0,25.05,27.84,75,0,11,0.1,12.92,137.47,3.13,25.05,25.06,7712,3073,3589,True
59836,02/06/2021,16:37:16,77.0,17.91,2.35,42.22,13.5,3.12,42.12,13.49,0.0,0.0,25.02,27.85,74,0,11,0.1,12.92,137.47,3.13,25.03,25.03,7727,3073,3589,True
59851,02/06/2021,16:37:31,77.0,17.79,2.37,41.98,13.5,3.1,42.08,13.49,0.0,0.0,25.06,27.84,74,0,11,0.11,12.93,137.48,3.1,25.07,25.08,7938,3073,3589,True
59866,02/06/2021,16:37:46,77.0,17.78,2.34,41.71,13.5,3.1,41.44,13.5,0.0,0.0,25.11,27.84,74,0,11,0.11,12.93,137.48,3.08,25.11,25.11,7953,3073,3589,True
59881,02/06/2021,16:38:01,77.0,17.79,2.35,41.68,13.49,3.07,41.58,13.5,0.0,0.0,25.11,27.84,75,0,11,0.11,12.93,137.48,3.09,25.1,25.11,7968,3073,3589,True
59896,02/06/2021,16:38:16,77.1,17.74,2.33,41.27,13.49,3.06,41.41,13.49,0.0,0.0,25.16,27.84,74,0,11,0.11,12.93,137.48,3.05,25.15,25.15,7983,3073,3589,True
59911,02/06/2021,16:38:31,77.2,17.65,2.34,41.31,13.49,3.07,41.14,13.49,0.0,0.0,25.2,27.85,74,0,11,0.11,12.93,137.48,3.07,25.21,25.21,8194,3073,3589,True
59926,02/06/2021,16:38:46,77.3,17.88,2.3,41.27,13.49,3.05,41.27,13.49,0.0,0.0,25.27,27.83,74,0,11,0.11,12.93,137.48,3.05,25.27,25.27,8209,3073,3589,True
59941,02/06/2021,16:39:01,77.3,17.89,2.29,40.73,13.49,3.02,40.73,13.49,0.0,0.0,25.32,27.84,74,0,11,0.11,12.93,137.48,3.03,25.32,25.32,8224,3073,3589,True
59956,02/06/2021,16:39:16,77.3,17.85,2.28,40.73,13.49,3.03,41.0,13.49,0.0,0.0,25.32,27.84,74,0,11,0.11,12.93,137.48,3.04,25.32,25.33,8239,3073,3589,True
59971,02/06/2021,16:39:31,77.4,17.8,2.29,40.87,13.49,3.02,40.73,13.5,0.0,0.0,25.32,27.83,74,0,11,0.11,12.93,137.48,3.03,25.32,25.33,8450,3073,3589,True
59986,02/06/2021,16:39:46,77.3,17.81,2.25,40.73,13.49,3.02,40.47,13.49,0.0,0.0,25.33,27.83,74,0,11,0.11,12.93,137.48,2.99,25.32,25.32,8465,3073,3589,True
60001,02/06/2021,16:40:01,77.4,17.8,2.28,40.6,13.49,3.0,40.47,13.49,0.0,0.0,25.35,27.83,74,0,11,0.11,12.93,137.48,3.0,25.35,25.35,8480,3073,3589,True
60016,02/06/2021,16:40:16,77.4,17.77,2.26,40.2,13.49,2.99,40.2,13.49,0.0,0.0,25.36,27.83,74,0,11,0.11,12.93,137.48,2.99,25.36,25.37,8495,3073,3589,True
60031,02/06/2021,16:40:31,77.4,17.64,2.27,40.2,13.49,2.98,40.06,13.49,0.0,0.0,25.33,27.83,74,0,11,0.11,12.93,137.48,2.96,25.32,25.32,8706,3073,3589,True
60046,02/06/2021,16:40:46,77.4,17.72,2.25,39.93,13.49,2.93,39.52,13.49,0.0,0.0,25.38,27.82,74,0,11,0.11,12.93,137.48,2.96,25.37,25.38,8721,3073,3589,True
60061,02/06/2021,16:41:01,77.4,17.68,2.25,39.66,13.49,2.94,39.66,13.49,0.0,0.0,25.32,27.83,74,0,11,0.11,12.93,137.48,2.96,25.33,25.31,8736,3073,3589,True
60076,02/06/2021,16:41:16,77.4,17.55,2.25,39.39,13.49,2.95,39.49,13.49,0.0,0.0,25.31,27.82,74,0,11,0.11,12.93,137.48,2.94,25.32,25.32,8751,3073,3589,True
60091,02/06/2021,16:41:31,77.3,17.6,2.23,39.79,13.49,2.94,39.66,13.49,0.0,0.0,25.31,27.83,74,0,11,0.11,12.93,137.48,2.93,25.3,25.3,8962,3073,3589,True
60106,02/06/2021,16:41:46,77.3,17.61,2.22,38.98,13.49,2.9,39.12,13.49,0.0,0.0,25.26,27.82,74,0,11,0.11,12.93,137.48,2.9,25.26,25.26,8977,3073,3589,True
60121,02/06/2021,16:42:01,77.2,17.66,2.21,39.12,13.49,2.89,39.12,13.49,0.0,0.0,25.17,27.82,74,0,11,0.11,12.93,137.48,2.89,25.16,25.16,8992,3073,3589,True
60136,02/06/2021,16:42:16,77.1,17.63,2.18,38.82,13.48,2.86,38.68,13.49,0.0,0.0,25.13,27.81,74,0,11,0.11,12.93,137.48,2.88,25.13,25.13,9007,3073,3589,True
60151,02/06/2021,16:42:31,77.1,17.53,2.13,37.47,13.48,2.79,37.6,13.48,0.0,0.0,25.14,27.82,74,0,11,0.11,12.93,137.48,2.8,25.15,25.16,9218,3073,3589,True
60166,02/06/2021,16:42:46,77.1,17.55,2.11,37.2,13.48,2.76,37.36,13.49,0.0,0.0,25.17,27.82,74,0,11,0.11,12.93,137.48,2.79,25.17,25.17,9233,3073,3589,True
60181,02/06/2021,16:43:01,77.0,17.63,2.11,37.23,13.48,2.78,37.23,13.48,0.0,0.0,25.1,27.81,74,0,11,0.11,12.93,137.48,2.74,25.09,25.09,9248,3073,3589,True
60196,02/06/2021,16:43:16,77.0,17.58,2.1,37.23,13.49,2.76,36.93,13.48,0.0,0.0,25.15,27.8,74,0,11,0.11,12.93,137.48,2.76,25.15,25.14,9263,3073,3589,True
60211,02/06/2021,16:43:31,77.0,17.64,2.12,37.47,13.49,2.77,37.33,13.48,0.0,0.0,25.13,27.81,74,0,11,0.11,12.93,137.48,2.78,25.14,25.13,9474,3073,3589,True
60226,02/06/2021,16:43:46,77.0,17.62,2.11,37.07,13.49,2.76,36.82,13.48,0.0,0.0,25.1,27.8,74,0,11,0.11,12.93,137.48,2.74,25.09,25.08,9489,3073,3589,True
60241,02/06/2021,16:44:01,77.0,17.6,2.08,36.8,13.48,2.72,36.66,13.49,0.0,0.0,25.07,27.8,74,0,11,0.11,12.93,137.48,2.74,25.08,25.08,9504,3073,3589,True
60256,02/06/2021,16:44:16,77.0,17.59,2.09,36.93,13.48,2.73,36.8,13.48,0.0,0.0,25.1,27.8,74,0,11,0.11,12.93,137.48,2.72,25.1,25.1,9519,3073,3589,True
60271,02/06/2021,16:44:31,77.0,17.61,2.07,36.39,13.48,2.69,36.26,13.48,0.0,0.0,25.11,27.8,74,0,11,0.11,12.93,137.48,2.72,25.12,25.12,9730,3073,3589,True
60286,02/06/2021,16:44:46,77.0,17.42,2.07,36.12,13.48,2.67,35.99,13.48,0.0,0.0,25.12,27.8,74,0,11,0.11,12.93,137.48,2.69,25.12,25.12,9745,3073,3589,True
60301,02/06/2021,16:45:01,77.0,17.54,2.04,35.58,13.48,2.65,35.85,13.48,0.0,0.0,25.12,27.8,74,0,11,0.11,12.93,137.48,2.68,25.12,25.13,9760,3073,3589,True
60316,02/06/2021,16:45:16,77.0,17.65,2.03,36.12,13.48,2.67,35.58,13.48,0.0,0.0,25.12,27.8,74,0,11,0.11,12.93,137.48,2.67,25.12,25.12,9775,3073,3589,True
60331,02/06/2021,16:45:31,77.0,17.66,2.01,35.72,13.48,2.64,35.31,13.48,0.0,0.0,25.05,27.79,74,0,11,0.11,12.93,137.48,2.65,25.05,25.05,9986,3073,3589,True
60346,02/06/2021,16:45:46,77.0,17.67,2.0,35.04,13.48,2.61,35.18,13.48,0.0,0.0,25.03,27.79,74,0,11,0.11,12.93,137.48,2.6,25.03,25.03,10001,3073,3589,True
60361,02/06/2021,16:46:01,76.9,17.76,1.97,35.04,13.47,2.6,35.18,13.48,0.0,0.0,24.94,27.8,74,0,11,0.11,12.93,137.48,2.59,24.94,24.94,10016,3073,3589,True
60376,02/06/2021,16:46:16,76.7,17.79,1.93,34.91,13.48,2.55,34.77,13.48,0.0,0.0,24.85,27.79,74,0,11,0.11,12.93,137.48,2.55,24.84,24.84,10031,3073,3589,True
60391,02/06/2021,16:46:31,76.6,17.8,1.92,34.23,13.47,2.54,34.37,13.48,0.0,0.0,24.81,27.79,74,0,11,0.11,12.93,137.48,2.53,24.8,24.81,10242,3073,3589,True
60406,02/06/2021,16:46:46,76.6,17.72,1.93,33.94,13.48,2.54,34.34,13.47,0.0,0.0,24.83,27.79,74,0,11,0.11,12.93,137.48,2.54,24.83,24.83,10257,3073,3589,True
60421,02/06/2021,16:47:01,76.7,17.75,1.92,33.94,13.47,2.5,33.96,13.47,0.0,0.0,24.87,27.79,74,0,11,0.11,12.93,137.48,2.52,24.87,24.87,10272,3073,3589,True
60436,02/06/2021,16:47:16,76.8,17.6,1.92,33.8,13.47,2.5,33.67,13.47,0.0,0.0,24.97,27.79,74,0,11,0.11,12.93,137.48,2.5,24.96,24.96,10287,3073,3589,True
60451,02/06/2021,16:47:31,76.9,17.62,1.91,33.67,13.47,2.49,33.56,13.48,0.0,0.0,25.03,27.79,74,0,11,0.11,12.93,137.48,2.5,25.02,25.03,10498,3073,3589,True
60466,02/06/2021,16:47:46,77.0,17.65,1.88,33.4,13.47,2.48,33.4,13.47,0.0,0.0,25.07,27.78,73,0,11,0.11,12.93,137.48,2.5,25.08,25.07,10513,3073,3589,True
60481,02/06/2021,16:48:01,77.0,17.74,1.86,33.29,13.48,2.48,33.4,13.48,0.0,0.0,25.11,27.79,73,0,11,0.11,12.93,137.48,2.46,25.12,25.12,10528,3073,3589,True
60496,02/06/2021,16:48:16,77.0,17.79,1.84,32.73,13.47,2.44,32.86,13.47,0.0,0.0,25.17,27.78,73,0,11,0.11,12.93,137.48,2.42,25.17,25.17,10543,3073,3589,True
60511,02/06/2021,16:48:31,77.0,17.79,1.83,32.86,13.47,2.44,33.0,13.47,0.0,0.0,25.15,27.78,73,0,11,0.11,12.93,137.48,2.44,25.15,25.15,10754,3073,3589,True
60526,02/06/2021,16:48:46,77.0,17.79,1.82,32.19,13.47,2.41,32.32,13.47,0.0,0.0,25.08,27.78,73,0,11,0.11,12.93,137.48,2.43,25.08,25.08,10769,3073,3589,True
60541,02/06/2021,16:49:01,77.0,17.73,1.8,32.19,13.47,2.35,31.65,13.47,0.0,0.0,25.05,27.78,73,0,11,0.11,12.93,137.48,2.36,25.06,25.04,10784,3073,3589,True
60556,02/06/2021,16:49:16,77.0,17.83,1.76,31.38,13.47,2.31,31.25,13.47,0.0,0.0,25.02,27.78,73,0,11,0.11,12.93,137.48,2.33,25.01,25.01,10799,3073,3589,True
60571,02/06/2021,16:49:31,76.9,17.8,1.73,30.55,13.47,2.31,30.98,13.47,0.0,0.0,24.97,27.76,73,0,11,0.11,12.93,137.48,2.31,24.97,24.96,11010,3073,3589,True
60586,02/06/2021,16:49:46,76.8,17.84,1.69,30.57,13.46,2.24,30.17,13.47,0.0,0.0,24.94,27.77,73,0,11,0.11,12.93,137.48,2.27,24.93,24.94,11025,3073,3589,True
60601,02/06/2021,16:50:01,76.8,17.65,1.67,29.74,13.47,2.21,29.74,13.46,0.0,0.0,24.94,27.77,73,0,11,0.11,12.93,137.48,2.22,24.95,24.95,11040,3073,3589,True
60616,02/06/2021,16:50:16,76.8,17.68,1.65,29.34,13.46,2.19,29.49,13.47,0.0,0.0,24.94,27.76,73,0,11,0.11,12.93,137.48,2.17,24.93,24.93,11055,3073,3589,True
60631,02/06/2021,16:50:31,76.9,17.61,1.62,28.66,13.46,2.15,28.82,13.46,0.0,0.0,24.98,27.76,73,0,11,0.11,12.93,137.48,2.15,24.98,24.99,11266,3073,3589,True
60646,02/06/2021,16:50:46,77.0,17.64,1.64,28.53,13.46,2.12,28.53,13.46,0.0,0.0,25.02,27.76,73,0,11,0.11,12.93,137.48,2.12,25.02,25.03,11281,3073,3589,True
60661,02/06/2021,16:51:01,77.0,17.71,1.63,28.93,13.46,2.13,28.8,13.46,0.0,0.0,25.05,27.75,73,0,11,0.11,12.93,137.48,2.13,25.04,25.05,11296,3073,3589,True
60676,02/06/2021,16:51:16,77.0,17.76,1.62,28.53,13.46,2.11,28.8,13.46,0.0,0.0,25.1,27.76,73,0,11,0.11,12.93,137.48,2.14,25.1,25.1,11311,3073,3589,True
60691,02/06/2021,16:51:31,77.0,17.73,1.6,28.42,13.46,2.09,28.4,13.46,0.0,0.0,25.14,27.75,73,0,11,0.11,12.93,137.48,2.11,25.15,25.14,11522,3073,3589,True
60706,02/06/2021,16:51:46,77.0,17.74,1.61,28.66,13.46,2.12,28.53,13.46,0.0,0.0,25.15,27.74,73,0,11,0.11,12.93,137.48,2.15,25.14,25.15,11537,3073,3589,True
60721,02/06/2021,16:52:01,77.0,17.75,1.59,28.26,13.46,2.1,28.13,13.46,0.0,0.0,25.14,27.74,73,0,11,0.11,12.93,137.48,2.09,25.13,25.13,11552,3073,3589,True
60736,02/06/2021,16:52:16,77.0,17.85,1.59,28.26,13.46,2.12,28.53,13.46,0.0,0.0,25.07,27.74,73,0,11,0.11,12.93,137.48,2.1,25.07,25.07,11567,3073,3589,True
60751,02/06/2021,16:52:31,77.0,17.87,1.52,27.32,13.46,2.05,27.45,13.46,0.0,0.0,25.03,27.74,73,0,11,0.11,12.93,137.48,2.04,25.04,25.02,11778,3073,3589,True
60766,02/06/2021,16:52:46,77.0,17.9,1.52,27.72,13.46,2.04,27.72,13.46,0.0,0.0,25.06,27.74,73,0,11,0.11,12.93,137.48,2.04,25.06,25.06,11793,3073,3589,True
60781,02/06/2021,16:53:01,77.0,17.92,1.51,27.05,13.46,2.01,27.18,13.46,0.0,0.0,25.03,27.73,73,0,11,0.11,12.93,137.48,2.03,25.02,25.03,11808,3073,3589,True
60796,02/06/2021,16:53:16,77.0,17.73,1.5,27.05,13.46,1.99,26.65,13.46,0.0,0.0,25.02,27.72,73,0,11,0.11,12.93,137.48,1.99,25.01,25.02,11823,3073,3589,True
60811,02/06/2021,16:53:31,76.9,17.7,1.48,26.38,13.45,1.95,25.97,13.46,0.0,0.0,24.92,27.73,73,0,11,0.11,12.93,137.48,1.94,24.92,24.92,12034,3073,3589,True
60826,02/06/2021,16:53:46,76.8,17.79,1.45,25.84,13.46,1.92,25.7,13.46,0.0,0.0,24.92,27.72,73,0,11,0.11,12.93,137.48,1.91,24.91,24.92,12049,3073,3589,True
60841,02/06/2021,16:54:01,76.8,17.75,1.42,25.43,13.46,1.86,24.88,13.45,0.0,0.0,24.89,27.73,72,0,11,0.11,12.93,137.48,1.86,24.89,24.89,12064,3073,3589,True
60856,02/06/2021,16:54:16,76.8,17.67,1.39,24.88,13.45,1.81,24.88,13.46,0.0,0.0,24.92,27.72,73,0,11,0.11,12.93,137.48,1.84,24.92,24.92,12079,3073,3589,True
60871,02/06/2021,16:54:31,76.8,17.63,1.38,24.47,13.45,1.8,24.21,13.45,0.0,0.0,24.93,27.72,72,0,11,0.11,12.93,137.48,1.8,24.93,24.94,12290,3073,3589,True
60886,02/06/2021,16:54:46,76.8,17.64,1.37,23.8,13.45,1.78,23.94,13.46,0.0,0.0,24.9,27.71,72,0,11,0.11,12.93,137.48,1.75,24.92,24.91,12305,3073,3589,True
60901,02/06/2021,16:55:01,76.8,17.54,1.35,23.8,13.45,1.78,23.53,13.45,0.0,0.0,24.94,27.7,72,0,11,0.12,12.94,137.49,1.77,24.95,24.94,12320,3073,3589,True
60916,02/06/2021,16:55:16,76.8,17.59,1.33,23.26,13.44,1.73,23.4,13.45,0.0,0.0,24.96,27.7,72,0,11,0.12,12.94,137.49,1.74,24.96,24.96,12335,3073,3589,True
60931,02/06/2021,16:55:31,76.9,17.71,1.31,23.13,13.45,1.72,23.15,13.45,0.0,0.0,24.98,27.71,72,0,11,0.12,12.94,137.49,1.73,24.98,24.99,12546,3073,3589,True
60946,02/06/2021,16:55:46,76.9,17.75,1.3,23.13,13.45,1.74,22.99,13.45,0.0,0.0,25.0,27.69,72,0,11,0.12,12.94,137.49,1.72,25.0,25.0,12561,3073,3589,True
60961,02/06/2021,16:56:01,76.9,17.67,1.33,23.4,13.45,1.76,23.53,13.45,0.0,0.0,24.99,27.69,72,0,11,0.12,12.94,137.49,1.76,24.99,25.0,12576,3073,3589,True
60976,02/06/2021,16:56:16,76.9,17.66,1.31,23.26,13.45,1.73,23.4,13.45,0.0,0.0,24.99,27.7,72,0,11,0.12,12.94,137.49,1.77,24.97,24.97,12591,3073,3589,True
60991,02/06/2021,16:56:31,77.0,17.67,1.3,23.4,13.44,1.73,23.4,13.45,0.0,0.0,25.04,27.69,72,0,11,0.12,12.94,137.49,1.74,25.03,25.03,12802,3073,3589,True
61006,02/06/2021,16:56:46,76.9,17.63,1.31,23.13,13.45,1.7,23.13,13.45,0.0,0.0,25.0,27.69,72,0,11,0.12,12.94,137.49,1.74,25.01,25.0,12817,3073,3589,True
61021,02/06/2021,16:57:01,76.9,17.58,1.31,22.86,13.45,1.68,23.13,13.45,0.0,0.0,24.98,27.68,72,0,11,0.12,12.94,137.49,1.71,24.98,24.98,12832,3073,3589,True
61036,02/06/2021,16:57:16,76.9,17.67,1.26,22.57,13.44,1.68,22.59,13.45,0.0,0.0,24.98,27.68,72,0,11,0.12,12.94,137.49,1.68,24.97,24.97,12847,3073,3589,True
61051,02/06/2021,16:57:31,77.0,17.67,1.26,22.32,13.45,1.65,22.59,13.45,0.0,0.0,24.98,27.69,72,0,11,0.12,12.94,137.49,1.69,24.97,24.97,13058,3073,3589,True
61066,02/06/2021,16:57:46,77.0,17.65,1.27,22.46,13.45,1.69,22.31,13.45,0.0,0.0,25.01,27.67,72,0,11,0.12,12.94,137.49,1.69,25.02,25.01,13073,3073,3589,True
61081,02/06/2021,16:58:01,77.0,17.72,1.28,22.59,13.44,1.67,22.73,13.45,0.0,0.0,25.02,27.67,72,0,11,0.12,12.94,137.49,1.69,25.01,25.02,13088,3073,3589,True
61096,02/06/2021,16:58:16,76.9,17.72,1.29,22.71,13.44,1.72,22.98,13.45,0.0,0.0,24.98,27.67,72,0,11,0.12,12.94,137.49,1.71,24.98,24.98,13103,3073,3589,True
61111,02/06/2021,16:58:31,76.9,17.75,1.27,23.13,13.45,1.69,22.84,13.45,0.0,0.0,24.94,27.66,72,0,11,0.12,12.94,137.49,1.71,24.94,24.95,13314,3073,3589,True
61126,02/06/2021,16:58:46,76.9,17.75,1.27,22.86,13.45,1.66,22.32,13.45,0.0,0.0,24.93,27.67,72,0,11,0.12,12.94,137.49,1.65,24.94,24.93,13329,3073,3589,True
61141,02/06/2021,16:59:01,76.8,17.79,1.25,22.44,13.45,1.66,22.59,13.45,0.0,0.0,24.92,27.66,72,0,11,0.12,12.94,137.49,1.68,24.92,24.93,13344,3073,3589,True
61156,02/06/2021,16:59:16,76.8,17.8,1.25,22.31,13.44,1.66,22.05,13.44,0.0,0.0,24.9,27.67,72,0,11,0.12,12.94,137.49,1.66,24.9,24.9,13359,3073,3589,True
61171,02/06/2021,16:59:31,76.8,17.72,1.26,22.19,13.44,1.67,22.59,13.45,0.0,0.0,24.91,27.66,72,0,11,0.12,12.94,137.49,1.68,24.91,24.91,13570,3073,3589,True
61186,02/06/2021,16:59:46,76.8,17.86,1.25,22.19,13.45,1.65,22.31,13.44,0.0,0.0,24.91,27.65,72,0,11,0.12,12.94,137.49,1.64,24.92,24.92,13585,3073,3589,True
61201,02/06/2021,17:00:01,76.7,17.91,1.26,22.57,13.45,1.67,22.44,13.45,0.0,0.0,24.87,27.65,72,0,11,0.12,12.94,137.49,1.68,24.87,24.87,13600,3073,3589,True
61216,02/06/2021,17:00:16,76.6,17.77,1.2,21.63,13.44,1.61,21.77,13.44,0.0,0.0,24.8,27.65,72,0,11,0.12,12.94,137.49,1.6,24.79,24.79,13615,3073,3589,True
61231,02/06/2021,17:00:31,76.6,17.75,1.22,22.17,13.44,1.65,22.17,13.44,0.0,0.0,24.78,27.65,72,0,11,0.12,12.94,137.49,1.61,24.78,24.79,13826,3073,3589,True
61246,02/06/2021,17:00:46,76.4,17.69,1.17,21.1,13.44,1.58,21.1,13.44,0.0,0.0,24.82,27.64,72,0,11,0.12,12.94,137.49,1.59,24.83,24.82,13841,3073,3589,True
61261,02/06/2021,17:01:01,76.4,17.64,1.2,21.11,13.44,1.59,21.1,13.44,0.0,0.0,24.84,27.65,72,0,11,0.12,12.94,137.49,1.58,24.85,24.85,13856,3073,3589,True
61276,02/06/2021,17:01:16,76.4,17.66,1.19,21.1,13.44,1.56,21.23,13.44,0.0,0.0,24.88,27.64,72,0,11,0.12,12.94,137.49,1.53,24.89,24.88,13871,3073,3589,True
61291,02/06/2021,17:01:31,76.6,17.59,1.18,20.56,13.44,1.53,20.56,13.44,0.0,0.0,24.9,27.64,72,0,11,0.12,12.94,137.49,1.52,24.9,24.89,14082,3073,3589,True
61306,02/06/2021,17:01:46,76.6,17.68,1.14,20.29,13.44,1.51,20.56,13.44,0.0,0.0,24.89,27.64,72,0,11,0.12,12.94,137.49,1.52,24.9,24.9,14097,3073,3589,True
61321,02/06/2021,17:02:01,76.6,17.63,1.15,19.89,13.44,1.48,20.02,13.44,0.0,0.0,24.89,27.64,72,0,11,0.12,12.94,137.49,1.47,24.89,24.89,14112,3073,3589,True
61336,02/06/2021,17:02:16,76.6,17.72,1.13,19.62,13.44,1.48,19.75,13.44,0.0,0.0,24.92,27.63,72,0,11,0.12,12.94,137.49,1.49,24.91,24.91,14127,3073,3589,True
61351,02/06/2021,17:02:31,76.6,17.68,1.11,19.62,13.44,1.45,19.48,13.44,0.0,0.0,24.88,27.63,72,0,11,0.12,12.94,137.49,1.46,24.9,24.89,14338,3073,3589,True
61366,02/06/2021,17:02:46,76.6,17.8,1.09,19.35,13.44,1.46,19.35,13.44,0.0,0.0,24.89,27.62,71,0,11,0.12,12.94,137.49,1.44,24.89,24.89,14353,3073,3589,True
61381,02/06/2021,17:03:01,76.7,17.81,1.08,19.35,13.44,1.42,19.33,13.44,0.0,0.0,24.95,27.62,72,0,11,0.12,12.94,137.49,1.42,24.96,24.96,14368,3073,3589,True
61396,02/06/2021,17:03:16,76.7,17.65,1.07,19.47,13.44,1.45,19.21,13.43,0.0,0.0,24.99,27.62,72,0,11,0.12,12.94,137.49,1.44,24.99,25.0,14383,3073,3589,True
61411,02/06/2021,17:03:31,76.7,17.58,1.06,18.8,13.43,1.39,18.68,13.43,0.0,0.0,24.93,27.62,71,0,11,0.12,12.94,137.49,1.41,24.93,24.93,14594,3073,3589,True
61426,02/06/2021,17:03:46,76.7,17.64,1.07,18.95,13.44,1.41,19.2,13.43,0.0,0.0,24.93,27.62,71,0,11,0.12,12.94,137.49,1.44,24.93,24.94,14609,3073,3589,True
61441,02/06/2021,17:04:01,76.7,17.59,1.1,19.08,13.44,1.4,18.8,13.44,0.0,0.0,24.97,27.6,71,0,11,0.12,12.94,137.49,1.4,24.97,24.96,14624,3073,3589,True
61456,02/06/2021,17:04:16,76.7,17.57,1.03,18.41,13.44,1.37,18.53,13.43,0.0,0.0,24.99,27.62,71,0,11,0.12,12.94,137.49,1.38,24.99,25.0,14639,3073,3589,True
61471,02/06/2021,17:04:31,76.7,17.62,1.04,18.27,13.44,1.39,18.53,13.44,0.0,0.0,24.99,27.61,71,0,11,0.12,12.94,137.49,1.4,25.0,25.0,14850,3073,3589,True
61486,02/06/2021,17:04:46,76.7,17.72,1.03,18.13,13.43,1.37,18.39,13.43,0.0,0.0,24.99,27.61,71,0,11,0.12,12.94,137.49,1.37,25.0,25.0,14865,3073,3589,True
61501,02/06/2021,17:05:01,76.8,17.61,1.01,18.26,13.43,1.36,17.86,13.43,0.0,0.0,25.01,27.6,71,0,11,0.12,12.94,137.49,1.35,25.02,25.01,14880,3073,3589,True
61516,02/06/2021,17:05:16,76.8,17.65,1.0,17.86,13.43,1.31,17.72,13.43,0.0,0.0,25.03,27.59,71,0,11,0.12,12.94,137.49,1.3,25.03,25.02,14895,3073,3589,True
61531,02/06/2021,17:05:31,76.8,17.7,0.98,17.45,13.43,1.3,17.19,13.43,0.0,0.0,25.05,27.59,71,0,11,0.12,12.94,137.49,1.31,25.04,25.04,15106,3073,3589,True
61546,02/06/2021,17:05:46,76.8,17.56,0.98,17.19,13.43,1.27,16.92,13.43,0.0,0.0,25.05,27.6,71,0,11,0.12,12.94,137.49,1.26,25.05,25.05,15121,3073,3589,True
61561,02/06/2021,17:06:01,76.8,17.67,0.93,16.65,13.43,1.27,17.05,13.43,0.0,0.0,25.05,27.58,71,0,11,0.12,12.94,137.49,1.25,25.06,25.05,15136,3073,3589,True
61576,02/06/2021,17:06:16,76.8,17.59,0.95,16.65,13.43,1.26,16.65,13.43,0.0,0.0,25.0,27.58,71,0,11,0.12,12.94,137.49,1.24,24.99,24.99,15151,3073,3589,True
61591,02/06/2021,17:06:31,76.8,17.64,0.95,16.78,13.43,1.25,16.78,13.43,0.0,0.0,24.99,27.58,71,0,11,0.12,12.94,137.49,1.25,24.99,25.0,2,3074,3589,True
61606,02/06/2021,17:06:46,76.8,17.6,0.93,16.38,13.43,1.24,16.51,13.43,0.0,0.0,24.99,27.58,71,0,11,0.12,12.94,137.49,1.19,25.0,25.0,17,3074,3589,True
61621,02/06/2021,17:07:01,76.8,15.94,0.95,15.17,13.43,1.13,15.31,13.42,0.0,0.0,25.0,27.58,71,0,11,0.12,12.94,137.49,1.15,25.0,25.0,32,3074,3589,True
61636,02/06/2021,17:07:16,76.8,14.54,0.98,14.35,13.43,1.07,14.09,13.43,0.0,0.0,24.97,27.57,71,0,11,0.12,12.94,137.49,1.05,24.96,24.95,47,3074,3589,True
61651,02/06/2021,17:07:31,76.8,14.22,0.97,14.22,13.42,1.03,13.82,13.42,0.0,0.0,24.94,27.57,71,0,11,0.12,12.94,137.49,1.04,24.94,24.95,258,3074,3589,True
61666,02/06/2021,17:07:46,76.7,14.22,0.98,13.68,13.42,1.02,13.68,13.42,0.0,0.0,24.9,27.56,71,0,11,0.12,12.94,137.49,1.02,24.88,24.9,273,3074,3589,True
61681,02/06/2021,17:08:01,76.6,14.22,0.94,13.68,13.42,1.02,13.82,13.42,0.0,0.0,24.84,27.56,71,0,11,0.12,12.94,137.49,1.03,24.83,24.84,288,3074,3589,True
61696,02/06/2021,17:08:16,76.4,14.23,0.93,13.54,13.42,1.03,13.55,13.42,0.0,0.0,24.8,27.55,71,0,11,0.12,12.94,137.49,1.0,24.8,24.81,303,3074,3589,True
61711,02/06/2021,17:08:31,76.4,14.22,0.93,13.55,13.42,0.99,13.28,13.42,0.0,0.0,24.8,27.53,71,0,11,0.12,12.94,137.49,1.03,24.79,24.79,514,3074,3589,True
61726,02/06/2021,17:08:46,76.4,14.23,0.93,13.28,13.42,1.0,13.28,13.42,0.0,0.0,24.76,27.54,71,0,11,0.12,12.94,137.49,1.01,24.76,24.76,529,3074,3589,True
61741,02/06/2021,17:09:01,76.4,14.22,0.93,13.14,13.42,0.98,13.01,13.42,0.0,0.0,24.77,27.52,71,0,11,0.12,12.94,137.49,0.99,24.77,24.77,544,3074,3589,True
61756,02/06/2021,17:09:16,76.3,14.23,0.91,13.15,13.42,0.98,13.15,13.42,0.0,0.0,24.76,27.5,71,0,11,0.12,12.94,137.49,0.98,24.77,24.76,559,3074,3589,True
61771,02/06/2021,17:09:31,76.2,14.22,0.9,12.88,13.42,0.98,13.01,13.42,0.0,0.0,24.71,27.52,71,0,11,0.12,12.94,137.49,0.97,24.71,24.71,770,3074,3589,True
61786,02/06/2021,17:09:46,76.2,14.22,0.9,13.01,13.42,0.97,13.0,13.42,0.0,0.0,24.66,27.52,71,0,11,0.12,12.94,137.49,0.97,24.66,24.66,785,3074,3589,True
61801,02/06/2021,17:10:01,76.2,14.21,0.87,12.87,13.42,0.94,12.74,13.42,0.0,0.0,24.64,27.51,71,0,11,0.12,12.94,137.49,0.93,24.64,24.64,800,3074,3589,True
61816,02/06/2021,17:10:16,76.2,14.22,0.87,12.33,13.41,0.92,12.47,13.42,0.0,0.0,24.66,27.49,70,0,11,0.12,12.94,137.49,0.91,24.66,24.67,815,3074,3589,True
61831,02/06/2021,17:10:31,76.2,14.22,0.85,12.06,13.42,0.91,12.48,13.41,0.0,0.0,24.71,27.5,71,0,11,0.12,12.94,137.49,0.93,24.71,24.7,1026,3074,3589,True
61846,02/06/2021,17:10:46,76.2,14.23,0.85,12.2,13.41,0.9,12.06,13.41,0.0,0.0,24.76,27.49,70,0,11,0.12,12.94,137.49,0.92,24.76,24.77,1041,3074,3589,True
61861,02/06/2021,17:11:01,76.2,14.21,0.85,12.2,13.42,0.92,12.6,13.41,0.0,0.0,24.79,27.48,70,0,11,0.12,12.94,137.49,0.91,24.79,24.78,1056,3074,3589,True
61876,02/06/2021,17:11:16,76.3,20.1,0.18,3.35,13.39,0.26,3.75,13.39,0.0,0.0,24.81,27.48,70,0,11,0.12,12.94,137.49,0.29,24.82,24.82,1071,3074,3589,True
61891,02/06/2021,17:11:31,76.4,20.25,0.06,1.33,13.39,0.06,1.2,13.39,0.0,0.0,24.84,27.48,69,0,11,0.12,12.94,137.49,0.09,24.84,24.84,1282,3074,3589,True
61906,02/06/2021,17:11:46,76.4,20.24,0.06,1.33,13.39,0.08,1.2,13.39,0.0,0.0,24.84,27.47,69,0,11,0.12,12.94,137.49,0.11,24.84,24.83,1297,3074,3589,True
61921,02/06/2021,17:12:01,76.3,20.1,0.15,2.67,13.39,0.23,2.94,13.39,0.0,0.0,24.8,27.46,69,0,11,0.12,12.94,137.49,0.24,24.8,24.8,1312,3074,3589,True
61936,02/06/2021,17:12:16,76.4,20.06,0.17,3.61,13.39,0.28,3.48,13.39,0.0,0.0,24.79,27.45,69,0,11,0.12,12.94,137.49,0.27,24.78,24.79,1327,3074,3589,True
61951,02/06/2021,17:12:31,76.4,20.06,0.16,3.61,13.39,0.27,3.07,13.4,0.0,0.0,24.76,27.44,70,0,11,0.12,12.94,137.49,0.25,24.77,24.77,1538,3074,3589,True
61966,02/06/2021,17:12:46,76.4,18.06,0.76,13.81,13.41,1.03,13.81,13.42,0.0,0.0,24.78,27.44,70,0,11,0.12,12.94,137.49,1.02,24.78,24.78,1553,3074,3589,True
61981,02/06/2021,17:13:01,76.3,14.74,0.87,13.0,13.41,0.97,13.27,13.41,0.0,0.0,24.78,27.45,70,0,11,0.12,12.94,137.49,0.99,24.79,24.78,1568,3074,3589,True
61996,02/06/2021,17:13:16,76.3,16.08,0.84,13.94,13.41,1.04,13.81,13.41,0.0,0.0,24.77,27.44,70,0,11,0.12,12.94,137.49,1.03,24.76,24.77,1583,3074,3589,True
62011,02/06/2021,17:13:31,76.2,14.61,0.83,12.47,13.41,0.92,12.47,13.41,0.0,0.0,24.72,27.44,70,0,11,0.12,12.94,137.49,0.94,24.73,24.74,1794,3074,3589,True
62026,02/06/2021,17:13:46,76.2,14.21,0.86,12.34,13.42,0.91,11.93,13.41,0.0,0.0,24.74,27.45,70,0,11,0.12,12.94,137.49,0.88,24.74,24.73,1809,3074,3589,True
62041,02/06/2021,17:14:01,76.1,14.22,0.8,11.93,13.41,0.87,11.66,13.41,0.0,0.0,24.7,27.44,70,0,11,0.12,12.94,137.49,0.89,24.7,24.7,1824,3074,3589,True
62056,02/06/2021,17:14:16,76.2,14.21,0.81,11.53,13.41,0.86,11.39,13.41,0.0,0.0,24.68,27.44,70,0,11,0.12,12.94,137.49,0.86,24.68,24.69,1839,3074,3589,True
62071,02/06/2021,17:14:31,76.2,14.21,0.81,11.53,13.41,0.87,11.26,13.41,0.0,0.0,24.72,27.43,70,0,11,0.12,12.94,137.49,0.86,24.72,24.71,2050,3074,3589,True
62086,02/06/2021,17:14:46,76.1,14.21,0.79,11.39,13.41,0.83,11.26,13.41,0.0,0.0,24.71,27.42,70,0,11,0.12,12.94,137.49,0.83,24.72,24.72,2065,3074,3589,True
62101,02/06/2021,17:15:01,76.1,14.21,0.8,10.99,13.41,0.85,11.39,13.41,0.0,0.0,24.68,27.42,70,0,11,0.12,12.94,137.49,0.83,24.68,24.68,2080,3074,3589,True
62116,02/06/2021,17:15:16,76.2,14.22,0.78,11.39,13.41,0.84,11.13,13.41,0.0,0.0,24.69,27.43,70,0,11,0.12,12.94,137.49,0.83,24.69,24.69,2095,3074,3589,True
62131,02/06/2021,17:15:31,76.2,14.21,0.77,11.13,13.41,0.83,10.99,13.41,0.0,0.0,24.68,27.41,70,0,11,0.12,12.94,137.49,0.84,24.67,24.67,2306,3074,3589,True
62146,02/06/2021,17:15:46,76.1,14.22,0.77,10.99,13.41,0.81,10.59,13.41,0.0,0.0,24.7,27.42,70,0,11,0.12,12.94,137.49,0.81,24.71,24.69,2321,3074,3589,True
62161,02/06/2021,17:16:01,76.2,14.22,0.77,10.86,13.41,0.82,10.86,13.41,0.0,0.0,24.71,27.41,70,0,11,0.12,12.94,137.49,0.82,24.72,24.72,2336,3074,3589,True
62176,02/06/2021,17:16:16,76.2,14.51,0.72,10.59,13.41,0.8,10.85,13.4,0.0,0.0,24.72,27.41,70,0,11,0.12,12.94,137.49,0.79,24.71,24.72,2351,3074,3589,True
62191,02/06/2021,17:16:31,76.2,14.51,0.73,10.45,13.4,0.79,10.72,13.4,0.0,0.0,24.71,27.4,70,0,11,0.12,12.94,137.49,0.79,24.72,24.72,2562,3074,3589,True
62206,02/06/2021,17:16:46,76.2,14.52,0.71,10.32,13.41,0.77,10.31,13.4,0.0,0.0,24.66,27.41,70,0,11,0.12,12.94,137.49,0.79,24.66,24.66,2577,3074,3589,True
62221,02/06/2021,17:17:01,76.1,14.49,0.71,10.05,13.4,0.76,10.45,13.4,0.0,0.0,24.63,27.42,70,0,11,0.12,12.94,137.49,0.75,24.64,24.63,2592,3074,3589,True
62236,02/06/2021,17:17:16,76.2,14.51,0.68,9.92,13.4,0.75,9.78,13.4,0.0,0.0,24.64,27.41,70,0,11,0.12,12.94,137.49,0.75,24.65,24.64,2607,3074,3589,True
62251,02/06/2021,17:17:31,76.2,14.49,0.66,9.78,13.4,0.74,9.65,13.4,0.0,0.0,24.68,27.42,70,0,11,0.12,12.94,137.49,0.74,24.68,24.67,2818,3074,3589,True
62266,02/06/2021,17:17:46,76.2,14.5,0.67,9.51,13.4,0.7,9.91,13.4,0.0,0.0,24.71,27.41,70,0,11,0.12,12.94,137.49,0.74,24.71,24.71,2833,3074,3589,True
62281,02/06/2021,17:18:01,76.2,14.49,0.66,9.24,13.4,0.69,9.65,13.41,0.0,0.0,24.72,27.42,70,0,11,0.12,12.94,137.49,0.69,24.71,24.71,2848,3074,3589,True
62296,02/06/2021,17:18:16,76.2,14.49,0.64,9.64,13.4,0.71,9.38,13.4,0.0,0.0,24.72,27.43,70,0,11,0.12,12.94,137.49,0.72,24.72,24.71,2863,3074,3589,True
62311,02/06/2021,17:18:31,76.2,14.49,0.63,9.24,13.4,0.7,9.38,13.4,0.0,0.0,24.73,27.43,70,0,11,0.12,12.94,137.49,0.7,24.72,24.72,3074,3074,3589,True
62326,02/06/2021,17:18:46,76.2,14.49,0.64,9.38,13.4,0.69,9.51,13.39,0.0,0.0,24.75,27.42,70,0,11,0.12,12.94,137.49,0.7,24.75,24.74,3089,3074,3589,True
62341,02/06/2021,17:19:01,76.2,14.49,0.63,8.97,13.4,0.71,9.24,13.4,0.0,0.0,24.71,27.43,70,0,11,0.12,12.94,137.49,0.69,24.72,24.72,3104,3074,3589,True
62356,02/06/2021,17:19:16,76.2,14.49,0.64,8.97,13.39,0.68,9.51,13.4,0.0,0.0,24.68,27.42,70,0,11,0.12,12.94,137.49,0.7,24.66,24.66,3119,3074,3589,True
62371,02/06/2021,17:19:31,76.2,14.5,0.61,9.24,13.4,0.67,9.38,13.4,0.0,0.0,24.68,27.44,70,0,11,0.12,12.94,137.49,0.67,24.68,24.67,3330,3074,3589,True
62386,02/06/2021,17:19:46,76.1,14.49,0.61,8.97,13.4,0.69,9.23,13.4,0.0,0.0,24.68,27.43,70,0,11,0.12,12.94,137.49,0.67,24.67,24.67,3345,3074,3589,True
62401,02/06/2021,17:20:01,76.2,14.49,0.61,8.97,13.4,0.68,8.84,13.4,0.0,0.0,24.65,27.43,70,0,11,0.12,12.94,137.49,0.68,24.65,24.66,3360,3074,3589,True
62416,02/06/2021,17:20:16,76.2,14.49,0.62,9.11,13.39,0.67,8.97,13.4,0.0,0.0,24.64,27.44,70,0,11,0.12,12.94,137.49,0.67,24.64,24.64,3375,3074,3589,True
62431,02/06/2021,17:20:31,76.2,14.49,0.6,9.23,13.4,0.67,8.97,13.4,0.0,0.0,24.62,27.43,70,0,11,0.12,12.94,137.49,0.69,24.62,24.61,3586,3074,3589,True
62446,02/06/2021,17:20:46,76.1,14.49,0.61,8.56,13.4,0.64,8.97,13.39,0.0,0.0,24.6,27.43,70,0,11,0.12,12.94,137.49,0.65,24.61,24.61,3601,3074,3589,True
62461,02/06/2021,17:21:01,76.2,14.48,0.61,8.56,13.4,0.66,8.84,13.4,0.0,0.0,24.61,27.44,70,0,11,0.12,12.94,137.49,0.69,24.61,24.61,3616,3074,3589,True
                                                                                                                                                                                                                                                                                                          