55412,03/02/2021,15:23:32,89.4,20.79,0.14,3.33,13.35,0.25,3.07,13.35,0.0,0.0,32.24,25.0,72,0,11,0.0,17.53,142.08,0.24,32.23,32.23,303,4114,3589,True
55427,03/02/2021,15:23:47,89.2,20.79,0.15,3.2,13.35,0.22,3.07,13.35,0.0,0.0,31.98,25.1,72,0,11,0.0,17.53,142.08,0.23,31.98,31.98,514,4114,3589,True
55442,03/02/2021,15:24:02,88.9,19.06,4.45,84.91,13.5,6.29,84.91,13.5,0.0,0.0,31.74,25.22,73,0,11,0.0,17.53,142.08,6.36,31.74,31.74,529,4114,3589,True
55457,03/02/2021,15:24:17,88.8,16.06,6.24,99.85,13.53,7.36,99.44,13.54,0.0,0.0,31.52,25.35,74,0,11,0.0,17.53,142.08,7.37,31.52,31.52,544,4114,3589,True
55472,03/02/2021,15:24:32,88.6,17.25,5.93,102.49,13.54,7.59,102.49,13.54,0.0,0.0,31.33,25.47,74,0,11,0.0,17.53,142.08,7.55,31.33,31.33,559,4114,3589,True
55487,03/02/2021,15:24:47,88.5,17.2,5.97,102.36,13.54,7.56,102.36,13.54,0.0,0.0,31.22,25.58,75,0,11,0.0,17.53,142.08,7.57,31.22,31.22,770,4114,3589,True
55502,03/02/2021,15:25:02,88.5,17.19,5.95,101.95,13.54,7.56,102.09,13.55,0.0,0.0,31.14,25.67,76,0,11,0.0,17.53,142.08,7.56,31.12,31.14,785,4114,3589,True
55517,03/02/2021,15:25:17,88.2,17.11,5.96,102.22,13.55,7.54,101.95,13.55,0.0,0.0,31.0,25.79,77,0,11,0.0,17.53,142.08,7.54,30.99,30.99,800,4114,3589,True
55532,03/02/2021,15:25:32,87.8,17.1,5.96,102.09,13.54,7.52,101.95,13.55,0.0,0.0,30.89,25.87,78,0,11,0.0,17.53,142.08,7.53,30.89,30.91,815,4114,3589,True
55547,03/02/2021,15:25:47,87.8,17.14,5.95,102.09,13.55,7.53,102.09,13.55,0.0,0.0,30.85,25.96,79,0,11,0.0,17.53,142.08,7.54,30.84,30.85,1026,4114,3589,True
55562,03/02/2021,15:26:02,87.8,17.14,5.93,102.03,13.54,7.52,102.03,13.55,0.0,0.0,30.79,26.05,80,0,11,0.0,17.53,142.08,7.52,30.78,30.79,1041,4114,3589,True
55577,03/02/2021,15:26:17,87.8,17.12,5.94,101.95,13.54,7.48,101.68,13.55,0.0,0.0,30.75,26.11,81,0,11,0.0,17.53,142.08,7.5,30.75,30.75,1056,4114,3589,True
55592,03/02/2021,15:26:32,87.8,17.12,5.91,101.27,13.54,7.49,101.48,13.54,0.0,0.0,30.7,26.18,82,0,11,0.0,17.53,142.08,7.49,30.68,30.7,1071,4114,3589,True
55607,03/02/2021,15:26:47,87.8,17.13,5.92,101.62,13.55,7.48,101.27,13.54,0.0,0.0,30.63,26.25,81,0,11,0.0,17.53,142.08,7.48,30.63,30.63,1282,4114,3589,True
55622,03/02/2021,15:27:02,87.8,17.16,5.89,101.35,13.55,7.47,101.55,13.55,0.0,0.0,30.59,26.3,82,0,11,0.0,17.53,142.08,7.47,30.6,30.59,1297,4114,3589,True
55637,03/02/2021,15:27:17,87.8,17.17,5.9,101.21,13.54,7.49,101.35,13.54,0.0,0.0,30.53,26.37,81,0,11,0.0,17.53,142.08,7.47,30.55,30.54,1312,4114,3589,True
55652,03/02/2021,15:27:32,87.8,17.16,5.88,100.81,13.55,7.48,101.21,13.55,0.0,0.0,30.47,26.42,81,0,11,0.0,17.53,142.08,7.49,30.46,30.46,1327,4114,3589,True
55667,03/02/2021,15:27:47,87.8,17.16,5.86,100.4,13.55,7.43,101.21,13.55,0.0,0.0,30.43,26.48,81,0,11,0.0,17.53,142.08,7.42,30.43,30.43,1538,4114,3589,True
55682,03/02/2021,15:28:02,87.8,17.09,5.91,100.94,13.55,7.43,100.27,13.54,0.0,0.0,30.38,26.53,81,0,11,0.0,17.53,142.08,7.45,30.38,30.39,1553,4114,3589,True
55697,03/02/2021,15:28:17,87.8,17.1,5.88,100.54,13.55,7.42,100.54,13.55,0.0,0.0,30.36,26.57,81,0,11,0.0,17.53,142.08,7.41,30.36,30.35,1568,4114,3589,True
55712,03/02/2021,15:28:32,87.8,17.11,5.87,100.46,13.55,7.44,100.6,13.55,0.0,0.0,30.29,26.63,81,0,11,0.0,17.53,142.08,7.41,30.28,30.28,1583,4114,3589,True
55727,03/02/2021,15:28:47,87.6,17.13,5.85,99.99,13.56,7.39,99.99,13.55,0.0,0.0,30.26,26.66,81,0,11,0.0,17.53,142.08,7.42,30.26,30.26,1794,4114,3589,True
55742,03/02/2021,15:29:02,87.5,17.12,5.83,100.4,13.55,7.42,100.06,13.55,0.0,0.0,30.24,26.7,81,0,11,0.0,17.53,142.08,7.38,30.25,30.24,1809,4114,3589,True
55757,03/02/2021,15:29:17,87.5,17.18,5.82,99.78,13.54,7.38,99.99,13.55,0.0,0.0,30.22,26.74,81,0,11,0.0,17.53,142.08,7.36,30.23,30.22,1824,4114,3589,True
55772,03/02/2021,15:29:32,87.3,17.18,5.81,99.99,13.55,7.36,99.99,13.55,0.0,0.0,30.16,26.78,81,0,11,0.0,17.53,142.08,7.38,30.16,30.16,1839,4114,3589,True
55787,03/02/2021,15:29:47,87.2,17.25,5.8,100.13,13.55,7.37,99.86,13.55,0.0,0.0,30.14,26.81,81,0,11,0.0,17.53,142.08,7.38,30.14,30.14,2050,4114,3589,True
55802,03/02/2021,15:30:02,87.2,17.28,5.75,99.72,13.55,7.35,99.53,13.55,0.0,0.0,30.11,26.85,81,0,11,0.01,17.54,142.09,7.35,30.12,30.11,2065,4114,3589,True
55817,03/02/2021,15:30:17,87.1,17.27,5.74,99.18,13.55,7.32,99.18,13.55,0.0,0.0,30.14,26.89,81,0,11,0.01,17.54,142.09,7.33,30.14,30.14,2080,4114,3589,True
55832,03/02/2021,15:30:32,87.1,17.28,5.73,99.18,13.55,7.33,99.18,13.55,0.0,0.0,30.12,26.93,81,0,11,0.01,17.54,142.09,7.33,30.12,30.12,2095,4114,3589,True
55847,03/02/2021,15:30:47,87.1,17.21,5.75,98.91,13.55,7.32,98.91,13.55,0.0,0.0,30.11,26.97,81,0,11,0.01,17.54,142.09,7.32,30.11,30.11,2306,4114,3589,True
55862,03/02/2021,15:31:02,87.0,17.19,5.74,98.91,13.55,7.3,98.91,13.55,0.0,0.0,30.03,27.0,81,0,11,0.01,17.54,142.09,7.35,30.03,30.03,2321,4114,3589,True
55877,03/02/2021,15:31:17,86.9,17.14,5.77,98.77,13.55,7.34,99.05,13.55,0.0,0.0,29.97,27.03,81,0,11,0.01,17.54,142.09,7.3,29.97,29.96,2336,4114,3589,True
55892,03/02/2021,15:31:32,86.8,17.15,5.75,98.37,13.55,7.27,98.5,13.55,0.0,0.0,29.88,27.06,81,0,11,0.01,17.54,142.09,7.26,29.87,29.89,2351,4114,3589,True
55907,03/02/2021,15:31:47,86.7,17.09,5.73,97.56,13.55,7.27,98.5,13.55,0.0,0.0,29.85,27.09,81,0,11,0.01,17.54,142.09,7.25,29.85,29.85,2562,4114,3589,True
55922,03/02/2021,15:32:02,86.7,17.07,5.72,98.23,13.55,7.24,98.37,13.55,0.0,0.0,29.87,27.12,81,0,11,0.01,17.54,142.09,7.22,29.87,29.87,2577,4114,3589,True
55937,03/02/2021,15:32:17,86.7,17.06,5.76,97.83,13.55,7.28,98.64,13.55,0.0,0.0,29.94,27.16,81,0,11,0.01,17.54,142.09,7.21,29.93,29.93,2592,4114,3589,True
55952,03/02/2021,15:32:32,86.7,17.09,5.74,97.56,13.55,7.23,97.15,13.55,0.0,0.0,29.92,27.18,81,0,11,0.01,17.54,142.09,7.18,29.92,29.92,2607,4114,3589,True
55967,03/02/2021,15:32:47,86.3,17.13,5.72,98.37,13.55,7.14,97.56,13.55,0.0,0.0,29.82,27.22,81,0,11,0.01,17.54,142.09,7.2,29.81,29.81,2818,4114,3589,True
55982,03/02/2021,15:33:02,86.4,17.09,5.74,97.62,13.55,7.18,97.83,13.55,0.0,0.0,29.8,27.23,81,0,11,0.01,17.54,142.09,7.22,29.8,29.81,2833,4114,3589,True
55997,03/02/2021,15:33:17,86.2,17.16,5.72,97.42,13.55,7.22,97.96,13.55,0.0,0.0,29.65,27.27,81,0,11,0.01,17.54,142.09,7.2,29.64,29.64,2848,4114,3589,True
56012,03/02/2021,15:33:32,86.1,17.25,5.68,97.15,13.55,7.24,98.1,13.55,0.0,0.0,29.61,27.3,81,0,11,0.01,17.54,142.09,7.23,29.61,29.61,2863,4114,3589,True
56027,03/02/2021,15:33:47,86.1,17.18,5.62,96.61,13.54,7.11,97.69,13.54,0.0,0.0,29.66,27.32,81,0,11,0.01,17.54,142.09,7.22,29.67,29.67,3074,4114,3589,True
56042,03/02/2021,15:34:02,86.1,17.17,5.66,95.52,13.55,7.18,97.83,13.55,0.0,0.0,29.7,27.35,81,0,11,0.01,17.54,142.09,7.2,29.69,29.7,3089,4114,3589,True
56057,03/02/2021,15:34:17,86.1,17.16,5.65,97.56,13.55,7.21,97.01,13.55,0.0,0.0,29.69,27.38,81,0,11,0.01,17.54,142.09,7.13,29.69,29.69,3104,4114,3589,True
56072,03/02/2021,15:34:32,86.1,17.18,5.68,97.83,13.55,7.17,97.69,13.55,0.0,0.0,29.68,27.4,81,0,11,0.01,17.54,142.09,7.21,29.68,29.68,3119,4114,3589,True
56087,03/02/2021,15:34:47,86.0,17.29,5.53,96.61,13.55,7.16,96.34,13.55,0.0,0.0,29.63,27.43,81,0,11,0.01,17.54,142.09,7.21,29.62,29.62,3330,4114,3589,True
56102,03/02/2021,15:35:02,85.9,17.37,5.5,96.06,13.55,7.14,96.34,13.55,0.0,0.0,29.6,27.46,81,0,11,0.01,17.54,142.09,7.11,29.6,29.61,3345,4114,3589,True
56117,03/02/2021,15:35:17,85.8,17.46,5.59,95.39,13.55,7.18,96.06,13.55,0.0,0.0,29.57,27.48,81,0,11,0.01,17.54,142.09,7.15,29.56,29.56,3360,4114,3589,True
56132,03/02/2021,15:35:32,85.6,17.51,5.52,95.66,13.55,7.09,96.06,13.55,0.0,0.0,29.55,27.52,81,0,11,0.01,17.54,142.09,7.08,29.55,29.54,3375,4114,3589,True
56147,03/02/2021,15:35:47,85.7,17.52,5.42,95.93,13.55,7.02,95.12,13.55,0.0,0.0,29.45,27.54,81,0,11,0.01,17.54,142.09,7.12,29.45,29.45,3586,4114,3589,True
56162,03/02/2021,15:36:02,85.6,17.56,5.52,94.57,13.55,7.16,97.01,13.55,0.0,0.0,29.4,27.57,80,0,11,0.01,17.54,142.09,7.11,29.4,29.39,3601,4114,3589,True
56177,03/02/2021,15:36:17,85.7,17.44,5.57,95.39,13.55,7.15,94.98,13.55,0.0,0.0,29.41,27.59,80,0,11,0.02,17.55,142.1,7.09,29.41,29.41,3616,4114,3589,True
56192,03/02/2021,15:36:32,85.7,17.34,5.59,97.42,13.55,7.19,95.25,13.55,0.0,0.0,29.3,27.62,80,0,11,0.02,17.55,142.1,7.03,29.31,29.31,3631,4114,3589,True
56207,03/02/2021,15:36:47,85.3,17.29,5.5,96.34,13.55,7.02,95.79,13.55,0.0,0.0,29.2,27.63,80,0,11,0.02,17.55,142.1,7.02,29.2,29.2,3842,4114,3589,True
56222,03/02/2021,15:37:02,85.2,17.33,5.43,97.28,13.55,7.08,94.98,13.55,0.0,0.0,29.22,27.66,80,0,11,0.02,17.55,142.1,7.15,29.22,29.22,3857,4114,3589,True
56237,03/02/2021,15:37:17,85.2,17.31,5.61,95.79,13.55,6.93,96.06,13.55,0.0,0.0,29.24,27.68,80,0,11,0.02,17.55,142.1,7.02,29.24,29.23,3872,4114,3589,True
56252,03/02/2021,15:37:32,85.2,17.19,5.6,94.85,13.56,6.9,93.56,13.55,0.0,0.0,29.24,27.7,80,0,11,0.02,17.55,142.1,7.02,29.25,29.24,3887,4114,3589,True
56267,03/02/2021,15:37:47,85.1,17.18,5.56,95.93,13.55,7.14,96.74,13.55,0.0,0.0,29.22,27.74,80,0,11,0.02,17.55,142.1,7.02,29.22,29.21,4098,4114,3589,True
56282,03/02/2021,15:38:02,85.1,17.14,5.54,94.24,13.55,7.09,95.39,13.55,0.0,0.0,29.14,27.75,80,0,11,0.02,17.55,142.1,7.12,29.13,29.15,4113,4114,3589,True
56297,03/02/2021,15:38:17,84.9,17.16,5.51,94.71,13.55,7.08,94.57,13.55,0.0,0.0,29.07,27.78,80,0,11,0.02,17.55,142.1,7.13,29.06,29.06,4128,4114,3589,True
56312,03/02/2021,15:38:32,84.9,17.14,5.57,93.63,13.55,6.92,96.34,13.55,0.0,0.0,29.07,27.8,80,0,11,0.02,17.55,142.1,6.95,29.07,29.06,4143,4114,3589,True
56327,03/02/2021,15:38:47,84.7,17.26,5.49,93.35,13.55,7.05,95.79,13.55,0.0,0.0,29.01,27.82,80,0,11,0.02,17.55,142.1,7.04,29.02,29.01,4354,4114,3589,True
56342,03/02/2021,15:39:02,84.8,17.21,5.45,95.25,13.55,7.02,96.2,13.55,0.0,0.0,28.98,27.85,80,0,11,0.02,17.55,142.1,7.07,28.97,28.98,4369,4114,3589,True
56357,03/02/2021,15:39:17,84.7,17.17,5.58,93.9,13.55,7.05,93.83,13.55,0.0,0.0,28.97,27.88,80,0,11,0.02,17.55,142.1,6.96,28.98,28.98,4384,4114,3589,True
56372,03/02/2021,15:39:32,84.7,17.13,5.48,93.49,13.55,6.98,94.71,13.55,0.0,0.0,28.94,27.9,80,0,11,0.02,17.55,142.1,6.87,28.93,28.93,4399,4114,3589,True
56387,03/02/2021,15:39:47,84.5,17.05,5.45,95.79,13.55,6.96,95.39,13.55,0.0,0.0,28.94,27.91,80,0,11,0.02,17.55,142.1,7.01,28.95,28.95,4610,4114,3589,True
56402,03/02/2021,15:40:02,84.5,16.99,5.54,93.35,13.55,6.86,93.22,13.55,0.0,0.0,28.96,27.94,80,0,11,0.02,17.55,142.1,6.95,28.96,28.96,4625,4114,3589,True
56417,03/02/2021,15:40:17,84.5,17.06,5.48,93.76,13.55,6.95,94.24,13.55,0.0,0.0,28.96,27.95,80,0,11,0.02,17.55,142.1,6.96,28.97,28.96,4640,4114,3589,True
56432,03/02/2021,15:40:32,84.4,16.97,5.55,94.3,13.55,6.92,92.88,13.55,0.0,0.0,28.94,27.98,80,0,11,0.02,17.55,142.1,6.92,28.93,28.93,4655,4114,3589,True
56447,03/02/2021,15:40:47,84.5,16.98,5.51,93.9,13.55,6.89,93.22,13.55,0.0,0.0,28.97,27.99,80,0,11,0.02,17.55,142.1,6.81,28.96,28.97,4866,4114,3589,True
56462,03/02/2021,15:41:02,84.4,16.94,5.49,92.81,13.55,6.95,94.17,13.55,0.0,0.0,28.99,28.02,80,0,11,0.02,17.55,142.1,6.93,28.98,28.99,4881,4114,3589,True
56477,03/02/2021,15:41:17,84.4,16.95,5.44,92.0,13.55,6.86,93.49,13.55,0.0,0.0,28.92,28.04,80,0,11,0.02,17.55,142.1,6.88,28.91,28.92,4896,4114,3589,True
56492,03/02/2021,15:41:32,84.3,16.95,5.46,91.86,13.55,6.78,92.95,13.55,0.0,0.0,28.93,28.07,80,0,11,0.02,17.55,142.1,6.87,28.93,28.93,4911,4114,3589,True
56507,03/02/2021,15:41:47,84.3,16.98,5.5,92.95,13.55,6.85,92.81,13.55,0.0,0.0,28.95,28.09,80,0,11,0.02,17.55,142.1,6.81,28.97,28.96,5122,4114,3589,True
56522,03/02/2021,15:42:02,84.4,16.89,5.45,92.68,13.55,6.76,91.59,13.55,0.0,0.0,28.98,28.1,80,0,11,0.02,17.55,142.1,6.87,28.98,28.98,5137,4114,3589,True
56537,03/02/2021,15:42:17,84.4,17.0,5.49,92.81,13.56,6.8,92.95,13.55,0.0,0.0,29.0,28.13,80,0,11,0.02,17.55,142.1,6.83,29.0,29.0,5152,4114,3589,True
56552,03/02/2021,15:42:32,84.3,17.04,5.39,91.86,13.55,6.85,93.08,13.55,0.0,0.0,28.92,28.13,80,0,11,0.03,17.56,142.11,6.79,28.93,28.93,5167,4114,3589,True
56567,03/02/2021,15:42:47,84.3,17.04,5.47,92.41,13.55,6.82,92.27,13.55,0.0,0.0,28.93,28.16,80,0,11,0.03,17.56,142.11,6.83,28.93,28.94,5378,4114,3589,True
56582,03/02/2021,15:43:02,84.3,16.99,5.39,92.27,13.55,6.75,92.14,13.55,0.0,0.0,28.93,28.18,80,0,11,0.03,17.56,142.11,6.79,28.93,28.93,5393,4114,3589,True
56597,03/02/2021,15:43:17,84.3,17.0,5.41,92.0,13.55,6.79,91.73,13.55,0.0,0.0,28.9,28.2,80,0,11,0.03,17.56,142.11,6.73,28.9,28.9,5408,4114,3589,True
56612,03/02/2021,15:43:32,84.2,16.97,5.39,91.59,13.55,6.77,91.73,13.55,0.0,0.0,28.87,28.22,80,0,11,0.03,17.56,142.11,6.74,28.87,28.87,5423,4114,3589,True
56627,03/02/2021,15:43:47,84.2,16.89,5.46,91.46,13.55,6.75,91.19,13.56,0.0,0.0,28.85,28.24,80,0,11,0.03,17.56,142.11,6.73,28.86,28.86,5634,4114,3589,True
56642,03/02/2021,15:44:02,84.2,16.86,5.45,91.32,13.55,6.77,91.73,13.55,0.0,0.0,28.86,28.25,80,0,11,0.03,17.56,142.11,6.77,28.85,28.85,5649,4114,3589,True
56657,03/02/2021,15:44:17,84.2,16.9,5.36,91.86,13.55,6.73,91.46,13.55,0.0,0.0,28.85,28.27,80,0,11,0.03,17.56,142.11,6.72,28.85,28.86,5664,4114,3589,True
56672,03/02/2021,15:44:32,84.2,16.88,5.39,91.86,13.55,6.68,91.32,13.55,0.0,0.0,28.86,28.29,80,0,11,0.03,17.56,142.11,6.7,28.85,28.86,5679,4114,3589,True
56687,03/02/2021,15:44:47,84.2,16.9,5.41,91.19,13.55,6.74,90.92,13.55,0.0,0.0,28.84,28.31,80,0,11,0.03,17.56,142.11,6.73,28.82,28.84,5890,4114,3589,True
56702,03/02/2021,15:45:02,84.2,16.84,5.4,91.05,13.55,6.7,90.64,13.55,0.0,0.0,28.84,28.34,80,0,11,0.03,17.56,142.11,6.72,28.84,28.83,5905,4114,3589,True
56717,03/02/2021,15:45:17,84.2,16.86,5.36,90.92,13.55,6.65,90.92,13.55,0.0,0.0,28.84,28.35,79,0,11,0.03,17.56,142.11,6.69,28.83,28.82,5920,4114,3589,True
56732,03/02/2021,15:45:32,84.2,16.85,5.36,90.37,13.55,6.71,90.92,13.55,0.0,0.0,28.81,28.36,80,0,11,0.03,17.56,142.11,6.67,28.8,28.8,5935,4114,3589,True
56747,03/02/2021,15:45:47,84.2,16.87,5.37,90.37,13.55,6.65,90.64,13.55,0.0,0.0,28.83,28.38,80,0,11,0.03,17.56,142.11,6.67,28.83,28.83,6146,4114,3589,True
56762,03/02/2021,15:46:02,84.2,16.98,5.3,90.51,13.55,6.68,90.37,13.55,0.0,0.0,28.86,28.39,80,0,11,0.03,17.56,142.11,6.66,28.85,28.84,6161,4114,3589,True
56777,03/02/2021,15:46:17,84.2,16.98,5.3,90.24,13.55,6.67,90.1,13.55,0.0,0.0,28.85,28.41,80,0,11,0.03,17.56,142.11,6.68,28.86,28.86,6176,4114,3589,True
56792,03/02/2021,15:46:32,84.2,16.94,5.31,90.1,13.55,6.66,90.1,13.55,0.0,0.0,28.91,28.44,80,0,11,0.03,17.56,142.11,6.65,28.91,28.9,6191,4114,3589,True
56807,03/02/2021,15:46:47,84.2,16.94,5.3,89.83,13.55,6.65,90.1,13.55,0.0,0.0,28.92,28.46,80,0,11,0.03,17.56,142.11,6.65,28.93,28.92,6402,4114,3589,True
56822,03/02/2021,15:47:02,84.2,16.94,5.29,89.83,13.55,6.62,89.83,13.55,0.0,0.0,28.89,28.47,80,0,11,0.03,17.56,142.11,6.63,28.88,28.88,6417,4114,3589,True
56837,03/02/2021,15:47:17,84.2,16.94,5.29,89.43,13.55,6.63,89.83,13.55,0.0,0.0,28.86,28.49,80,0,11,0.03,17.56,142.11,6.61,28.86,28.86,6432,4114,3589,True
56852,03/02/2021,15:47:32,84.2,17.01,5.24,89.43,13.55,6.61,89.29,13.55,0.0,0.0,28.83,28.5,80,0,11,0.03,17.56,142.11,6.6,28.83,28.83,6447,4114,3589,True
56867,03/02/2021,15:47:47,84.2,17.17,5.23,89.7,13.55,6.6,89.7,13.55,0.0,0.0,28.82,28.52,80,0,11,0.03,17.56,142.11,6.61,28.83,28.83,6658,4114,3589,True
56882,03/02/2021,15:48:02,84.2,17.12,5.19,89.29,13.55,6.61,89.43,13.55,0.0,0.0,28.79,28.54,80,0,11,0.03,17.56,142.11,6.6,28.79,28.79,6673,4114,3589,True
56897,03/02/2021,15:48:17,84.1,17.17,5.2,89.02,13.55,6.59,89.15,13.55,0.0,0.0,28.72,28.55,80,0,11,0.03,17.56,142.11,6.59,28.71,28.72,6688,4114,3589,True
56912,03/02/2021,15:48:32,84.1,17.21,5.16,88.75,13.55,6.58,89.02,13.55,0.0,0.0,28.72,28.57,80,0,11,0.03,17.56,142.11,6.56,28.7,28.71,6703,4114,3589,True
56927,03/02/2021,15:48:47,84.0,17.22,5.15,88.75,13.55,6.55,88.61,13.55,0.0,0.0,28.73,28.58,80,0,11,0.03,17.56,142.11,6.55,28.72,28.72,6914,4114,3589,True
56942,03/02/2021,15:49:02,84.1,17.23,5.15,88.61,13.55,6.58,88.61,13.55,0.0,0.0,28.75,28.6,80,0,11,0.04,17.57,142.12,6.54,28.76,28.76,6929,4114,3589,True
56957,03/02/2021,15:49:17,84.1,17.23,5.13,88.48,13.55,6.53,88.75,13.55,0.0,0.0,28.78,28.62,80,0,11,0.04,17.57,142.12,6.54,28.79,28.78,6944,4114,3589,True
56972,03/02/2021,15:49:32,84.2,17.22,5.14,88.75,13.54,6.54,88.48,13.55,0.0,0.0,28.81,28.63,80,0,11,0.04,17.57,142.12,6.55,28.81,28.8,6959,4114,3589,True
56987,03/02/2021,15:49:47,84.2,17.29,5.1,88.48,13.55,6.51,88.27,13.55,0.0,0.0,28.84,28.65,80,0,11,0.04,17.57,142.12,6.49,28.84,28.83,7170,4114,3589,True
57002,03/02/2021,15:50:02,84.2,17.28,5.08,88.34,13.55,6.52,88.34,13.55,0.0,0.0,28.83,28.67,80,0,11,0.04,17.57,142.12,6.51,28.82,28.82,7185,4114,3589,True
57017,03/02/2021,15:50:17,84.2,17.26,5.07,87.66,13.55,6.5,88.34,13.55,0.0,0.0,28.84,28.68,80,0,11,0.04,17.57,142.12,6.53,28.85,28.85,7200,4114,3589,True
57032,03/02/2021,15:50:32,84.1,17.27,5.09,88.07,13.55,6.5,88.07,13.55,0.0,0.0,28.79,28.7,80,0,11,0.04,17.57,142.12,6.51,28.79,28.79,7215,4114,3589,True
57047,03/02/2021,15:50:47,84.1,17.24,5.09,88.07,13.55,6.48,88.07,13.55,0.0,0.0,28.8,28.72,80,0,11,0.04,17.57,142.12,6.5,28.81,28.81,7426,4114,3589,True
57062,03/02/2021,15:51:02,84.0,17.29,5.07,87.66,13.55,6.46,87.93,13.55,0.0,0.0,28.77,28.73,80,0,11,0.04,17.57,142.12,6.45,28.78,28.77,7441,4114,3589,True
57077,03/02/2021,15:51:17,84.0,17.27,5.08,87.8,13.55,6.44,87.8,13.55,0.0,0.0,28.78,28.74,80,0,11,0.04,17.57,142.12,6.45,28.77,28.78,7456,4114,3589,True
57092,03/02/2021,15:51:32,83.9,17.26,5.04,87.39,13.55,6.45,87.39,13.55,0.0,0.0,28.71,28.76,80,0,11,0.04,17.57,142.12,6.47,28.71,28.71,7471,4114,3589,True
57107,03/02/2021,15:51:47,83.8,17.31,5.05,87.39,13.55,6.46,87.53,13.55,0.0,0.0,28.69,28.76,80,0,11,0.04,17.57,142.12,6.47,28.69,28.68,7682,4114,3589,True
57122,03/02/2021,15:52:02,83.6,17.3,5.05,87.53,13.55,6.44,87.32,13.55,0.0,0.0,28.65,28.78,80,0,11,0.04,17.57,142.12,6.46,28.65,28.65,7697,4114,3589,True
57137,03/02/2021,15:52:17,83.5,17.29,5.03,87.26,13.55,6.44,87.39,13.55,0.0,0.0,28.53,28.81,80,0,11,0.04,17.57,142.12,6.42,28.52,28.53,7712,4114,3589,True
57152,03/02/2021,15:52:32,83.4,17.29,5.03,86.99,13.55,6.45,86.99,13.55,0.0,0.0,28.46,28.82,80,0,11,0.04,17.57,142.12,6.44,28.46,28.46,7727,4114,3589,True
57167,03/02/2021,15:52:47,83.3,17.38,4.99,86.72,13.55,6.44,87.26,13.55,0.0,0.0,28.47,28.83,80,0,11,0.04,17.57,142.12,6.41,28.47,28.46,7938,4114,3589,True
57182,03/02/2021,15:53:02,83.3,17.28,5.01,86.99,13.55,6.41,86.58,13.55,0.0,0.0,28.46,28.84,80,0,11,0.04,17.57,142.12,6.38,28.44,28.46,7953,4114,3589,True
57197,03/02/2021,15:53:17,83.4,17.3,5.01,86.72,13.55,6.38,86.72,13.55,0.0,0.0,28.49,28.86,80,0,11,0.04,17.57,142.12,6.39,28.48,28.48,7968,4114,3589,True
57212,03/02/2021,15:53:32,83.4,17.3,4.97,86.17,13.55,6.35,86.17,13.55,0.0,0.0,28.48,28.87,80,0,11,0.04,17.57,142.12,6.4,28.48,28.48,7983,4114,3589,True
57227,03/02/2021,15:53:47,83.4,17.31,4.97,86.58,13.55,6.37,86.17,13.55,0.0,0.0,28.46,28.88,80,0,11,0.04,17.57,142.12,6.35,28.46,28.46,8194,4114,3589,True
57242,03/02/2021,15:54:02,83.4,17.31,4.95,85.63,13.55,6.36,86.17,13.55,0.0,0.0,28.43,28.9,80,0,11,0.04,17.57,142.12,6.36,28.43,28.44,8209,4114,3589,True
57257,03/02/2021,15:54:17,83.4,17.3,4.97,85.5,13.54,6.35,85.22,13.55,0.0,0.0,28.41,28.92,80,0,11,0.04,17.57,142.12,6.35,28.41,28.4,8224,4114,3589,True
57272,03/02/2021,15:54:32,83.2,17.3,4.93,85.5,13.55,6.3,85.03,13.55,0.0,0.0,28.32,28.93,79,0,11,0.04,17.57,142.12,6.32,28.32,28.33,8239,4114,3589,True
57287,03/02/2021,15:54:47,83.1,17.35,4.93,85.22,13.55,6.31,85.5,13.55,0.0,0.0,28.33,28.94,79,0,11,0.04,17.57,142.12,6.3,28.32,28.33,8450,4114,3589,True
57302,03/02/2021,15:55:02,83.1,17.35,4.94,85.5,13.55,6.28,85.09,13.55,0.0,0.0,28.37,28.95,80,0,11,0.04,17.57,142.12,6.3,28.37,28.37,8465,4114,3589,True
57317,03/02/2021,15:55:17,83.1,17.34,4.92,85.22,13.55,6.3,85.09,13.54,0.0,0.0,28.37,28.96,80,0,11,0.04,17.57,142.12,6.32,28.37,28.38,8480,4114,3589,True
57332,03/02/2021,15:55:32,83.1,17.33,4.9,84.68,13.55,6.25,85.09,13.55,0.0,0.0,28.38,28.98,80,0,11,0.04,17.57,142.12,6.28,28.38,28.38,8495,4114,3589,True
57347,03/02/2021,15:55:47,83.2,17.33,4.89,84.68,13.55,6.26,84.95,13.55,0.0,0.0,28.4,28.99,80,0,11,0.04,17.57,142.12,6.26,28.4,28.41,8706,4114,3589,True
57362,03/02/2021,15:56:02,83.3,17.2,4.93,84.68,13.55,6.24,84.55,13.55,0.0,0.0,28.43,29.02,80,0,11,0.05,17.58,142.13,6.25,28.43,28.43,8721,4114,3589,True
57377,03/02/2021,15:56:17,83.3,17.19,4.91,84.41,13.55,6.19,84.55,13.55,0.0,0.0,28.37,29.02,80,0,11,0.05,17.58,142.13,6.25,28.37,28.38,8736,4114,3589,True
57392,03/02/2021,15:56:32,83.2,17.19,4.91,84.14,13.55,6.22,84.28,13.55,0.0,0.0,28.34,29.03,80,0,11,0.05,17.58,142.13,6.2,28.33,28.34,8751,4114,3589,True
57407,03/02/2021,15:56:47,83.2,17.2,4.9,84.35,13.55,6.21,84.35,13.54,0.0,0.0,28.34,29.05,79,0,11,0.05,17.58,142.13,6.22,28.35,28.34,8962,4114,3589,True
57422,03/02/2021,15:57:02,83.3,17.19,4.87,84.14,13.54,6.2,84.14,13.55,0.0,0.0,28.35,29.05,79,0,11,0.05,17.58,142.13,6.19,28.35,28.35,8977,4114,3589,True
57437,03/02/2021,15:57:17,83.3,17.19,4.87,84.14,13.55,6.17,83.67,13.55,0.0,0.0,28.37,29.07,80,0,11,0.05,17.58,142.13,6.21,28.36,28.37,8992,4114,3589,True
57452,03/02/2021,15:57:32,83.2,17.12,4.89,83.67,13.55,6.18,83.46,13.55,0.0,0.0,28.34,29.07,79,0,11,0.05,17.58,142.13,6.18,28.36,28.36,9007,4114,3589,True
57467,03/02/2021,15:57:47,82.7,17.12,4.86,83.13,13.54,6.17,83.27,13.54,0.0,0.0,28.25,29.09,79,0,11,0.05,17.58,142.13,6.18,28.26,28.25,9218,4114,3589,True
57482,03/02/2021,15:58:02,82.5,17.09,4.87,83.33,13.55,6.16,83.13,13.55,0.0,0.0,28.17,29.1,79,0,11,0.05,17.58,142.13,6.16,28.16,28.17,9233,4114,3589,True
57497,03/02/2021,15:58:17,82.5,17.18,4.86,83.06,13.55,6.13,83.19,13.55,0.0,0.0,28.23,29.11,79,0,11,0.05,17.58,142.13,6.14,28.24,28.24,9248,4114,3589,True
57512,03/02/2021,15:58:32,82.5,17.18,4.84,83.06,13.54,6.14,82.79,13.55,0.0,0.0,28.26,29.12,79,0,11,0.05,17.58,142.13,6.14,28.26,28.26,9263,4114,3589,True
57527,03/02/2021,15:58:47,82.5,17.1,4.83,82.65,13.55,6.1,82.65,13.55,0.0,0.0,28.3,29.14,79,0,11,0.05,17.58,142.13,6.1,28.3,28.3,9474,4114,3589,True
57542,03/02/2021,15:59:02,82.5,17.19,4.81,82.51,13.54,6.09,82.32,13.54,0.0,0.0,28.29,29.15,79,0,11,0.05,17.58,142.13,6.09,28.29,28.3,9489,4114,3589,True
57557,03/02/2021,15:59:17,82.5,17.18,4.78,82.32,13.54,6.09,82.45,13.55,0.0,0.0,28.28,29.15,79,0,11,0.05,17.58,142.13,6.08,28.29,28.29,9504,4114,3589,True
57572,03/02/2021,15:59:32,82.5,17.21,4.78,82.32,13.54,6.07,82.18,13.54,0.0,0.0,28.19,29.17,79,0,11,0.05,17.58,142.13,6.09,28.19,28.2,9519,4114,3589,True
57587,03/02/2021,15:59:47,82.5,17.19,4.76,81.97,13.55,6.06,82.05,13.55,0.0,0.0,28.05,29.18,79,0,11,0.05,17.58,142.13,6.07,28.04,28.04,9730,4114,3589,True
57602,03/02/2021,16:00:02,82.5,17.21,4.76,81.7,13.54,6.06,82.05,13.55,0.0,0.0,28.08,29.2,79,0,11,0.05,17.58,142.13,6.05,28.08,28.08,9745,4114,3589,True
57617,03/02/2021,16:00:17,82.5,17.22,4.74,81.64,13.55,6.02,81.37,13.55,0.0,0.0,28.09,29.2,79,0,11,0.05,17.58,142.13,6.04,28.08,28.09,9760,4114,3589,True
57632,03/02/2021,16:00:32,82.5,17.23,4.73,81.64,13.54,6.02,81.57,13.55,0.0,0.0,28.08,29.21,79,0,11,0.05,17.58,142.13,6.03,28.08,28.08,9775,4114,3589,True
57647,03/02/2021,16:00:47,82.5,17.23,4.71,81.3,13.54,5.98,81.02,13.54,0.0,0.0,28.01,29.22,79,0,11,0.05,17.58,142.13,6.02,28.0,28.0,9986,4114,3589,True
57662,03/02/2021,16:01:02,82.5,17.23,4.71,81.16,13.54,5.99,81.3,13.55,0.0,0.0,28.05,29.23,79,0,11,0.05,17.58,142.13,5.99,28.04,28.04,10001,4114,3589,True
57677,03/02/2021,16:01:17,82.5,17.24,4.68,81.02,13.54,5.98,81.02,13.54,0.0,0.0,27.96,29.24,79,0,11,0.05,17.58,142.13,5.98,27.95,27.95,10016,4114,3589,True
57692,03/02/2021,16:01:32,82.5,17.25,4.68,80.69,13.54,5.97,80.56,13.54,0.0,0.0,28.0,29.26,79,0,11,0.05,17.58,142.13,5.97,28.0,28.01,10031,4114,3589,True
57707,03/02/2021,16:01:47,82.5,17.23,4.67,80.56,13.54,5.95,80.69,13.54,0.0,0.0,28.01,29.27,79,0,11,0.05,17.58,142.13,5.95,28.01,28.0,10242,4114,3589,True
57722,03/02/2021,16:02:02,82.5,17.25,4.67,80.69,13.54,5.96,80.75,13.54,0.0,0.0,27.94,29.28,79,0,11,0.05,17.58,142.13,5.95,27.94,27.94,10257,4114,3589,True
57737,03/02/2021,16:02:17,82.5,17.34,4.64,80.42,13.54,5.94,80.56,13.54,0.0,0.0,27.92,29.29,79,0,11,0.05,17.58,142.13,5.94,27.91,27.91,10272,4114,3589,True
57752,03/02/2021,16:02:32,82.5,17.34,4.64,80.42,13.55,5.94,80.42,13.55,0.0,0.0,27.91,29.3,79,0,11,0.05,17.58,142.13,5.93,27.92,27.91,10287,4114,3589,True
57767,03/02/2021,16:02:47,82.5,17.35,4.61,80.35,13.54,5.93,80.29,13.55,0.0,0.0,27.93,29.3,79,0,11,0.05,17.58,142.13,5.93,27.93,27.94,10498,4114,3589,True
57782,03/02/2021,16:03:02,82.5,17.34,4.62,80.02,13.55,5.92,80.15,13.54,0.0,0.0,27.98,29.31,79,0,11,0.05,17.58,142.13,5.91,27.97,27.96,10513,4114,3589,True
57797,03/02/2021,16:03:17,82.5,17.35,4.61,79.88,13.54,5.9,79.88,13.54,0.0,0.0,28.01,29.32,79,0,11,0.06,17.59,142.14,5.9,28.02,28.01,10528,4114,3589,True
57812,03/02/2021,16:03:32,82.5,17.21,4.63,79.53,13.54,5.88,79.61,13.55,0.0,0.0,28.04,29.34,79,0,11,0.06,17.59,142.14,5.89,28.05,28.05,10543,4114,3589,True
57827,03/02/2021,16:03:47,82.5,17.26,4.6,79.67,13.54,5.87,79.61,13.55,0.0,0.0,28.04,29.34,79,0,11,0.06,17.59,142.14,5.88,28.04,28.03,10754,4114,3589,True
57842,03/02/2021,16:04:02,82.5,17.23,4.59,79.34,13.55,5.86,79.34,13.54,0.0,0.0,28.07,29.35,79,0,11,0.06,17.59,142.14,5.87,28.06,28.08,10769,4114,3589,True
57857,03/02/2021,16:04:17,82.5,17.24,4.59,79.34,13.54,5.85,79.2,13.54,0.0,0.0,28.06,29.35,79,0,11,0.06,17.59,142.14,5.85,28.06,28.06,10784,4114,3589,True
57872,03/02/2021,16:04:32,82.5,17.23,4.58,79.2,13.54,5.85,79.2,13.54,0.0,0.0,28.06,29.36,79,0,11,0.06,17.59,142.14,5.85,28.06,28.06,10799,4114,3589,True
57887,03/02/2021,16:04:47,82.5,17.24,4.56,78.8,13.54,5.83,78.8,13.54,0.0,0.0,28.09,29.38,79,0,11,0.06,17.59,142.14,5.82,28.07,28.08,11010,4114,3589,True
57902,03/02/2021,16:05:02,82.5,17.23,4.57,78.53,13.54,5.82,78.53,13.54,0.0,0.0,28.1,29.38,79,0,11,0.06,17.59,142.14,5.81,28.11,28.11,11025,4114,3589,True
57917,03/02/2021,16:05:17,82.5,17.24,4.54,78.39,13.54,5.81,78.39,13.54,0.0,0.0,28.09,29.39,79,0,11,0.06,17.59,142.14,5.79,28.09,28.09,11040,4114,3589,True
57932,03/02/2021,16:05:32,82.5,17.24,4.53,78.26,13.55,5.81,78.53,13.55,0.0,0.0,28.09,29.4,79,0,11,0.06,17.59,142.14,5.8,28.09,28.08,11055,4114,3589,True
57947,03/02/2021,16:05:47,82.5,17.24,4.53,78.12,13.54,5.79,78.39,13.54,0.0,0.0,28.11,29.41,79,0,11,0.06,17.59,142.14,5.78,28.11,28.1,11266,4114,3589,True
57962,03/02/2021,16:06:02,82.5,17.24,4.53,78.2,13.54,5.77,78.26,13.54,0.0,0.0,28.12,29.41,79,0,11,0.06,17.59,142.14,5.77,28.13,28.12,11281,4114,3589,True
57977,03/02/2021,16:06:17,82.5,17.21,4.53,78.12,13.54,5.74,77.71,13.54,0.0,0.0,28.14,29.42,79,0,11,0.06,17.59,142.14,5.76,28.14,28.15,11296,4114,3589,True
57992,03/02/2021,16:06:32,82.5,17.2,4.51,77.71,13.54,5.73,77.85,13.54,0.0,0.0,28.11,29.44,79,0,11,0.06,17.59,142.14,5.75,28.13,28.12,11311,4114,3589,True
58007,03/02/2021,16:06:47,82.5,17.22,4.51,77.58,13.54,5.72,77.44,13.54,0.0,0.0,28.11,29.44,79,0,11,0.06,17.59,142.14,5.71,28.1,28.1,11522,4114,3589,True
58022,03/02/2021,16:07:02,82.5,17.24,4.49,77.44,13.54,5.71,77.44,13.54,0.0,0.0,28.09,29.46,79,0,11,0.06,17.59,142.14,5.71,28.09,28.09,11537,4114,3589,True
58037,03/02/2021,16:07:17,82.5,17.22,4.5,77.58,13.54,5.73,77.71,13.54,0.0,0.0,27.98,29.46,79,0,11,0.06,17.59,142.14,5.74,27.99,28.0,11552,4114,3589,True
58052,03/02/2021,16:07:32,82.5,17.21,4.49,77.17,13.54,5.69,77.17,13.54,0.0,0.0,28.01,29.46,79,0,11,0.06,17.59,142.14,5.71,28.0,27.99,11567,4114,3589,True
58067,03/02/2021,16:07:47,82.5,17.18,4.48,76.9,13.54,5.71,77.31,13.54,0.0,0.0,28.0,29.48,79,0,11,0.06,17.59,142.14,5.68,27.99,28.0,11778,4114,3589,True
58082,03/02/2021,16:08:02,82.5,17.29,4.46,77.04,13.54,5.67,76.98,13.54,0.0,0.0,28.0,29.48,79,0,11,0.06,17.59,142.14,5.7,28.0,28.0,11793,4114,3589,True
58097,03/02/2021,16:08:17,82.5,17.27,4.43,76.77,13.54,5.67,76.63,13.54,0.0,0.0,28.0,29.48,79,0,11,0.06,17.59,142.14,5.67,28.0,28.0,11808,4114,3589,True
58112,03/02/2021,16:08:32,82.5,17.26,4.44,76.77,13.54,5.66,76.63,13.54,0.0,0.0,27.99,29.51,79,0,11,0.06,17.59,142.14,5.67,27.99,28.0,11823,4114,3589,True
58127,03/02/2021,16:08:47,82.5,17.32,4.4,76.23,13.54,5.65,76.17,13.54,0.0,0.0,27.98,29.5,78,0,11,0.06,17.59,142.14,5.67,27.99,27.98,12034,4114,3589,True
58142,03/02/2021,16:09:02,82.5,17.33,4.42,76.63,13.54,5.64,76.63,13.54,0.0,0.0,27.98,29.51,79,0,11,0.06,17.59,142.14,5.65,27.98,27.96,12049,4114,3589,True
58157,03/02/2021,16:09:17,82.5,17.33,4.4,76.23,13.54,5.63,76.23,13.54,0.0,0.0,27.94,29.51,79,0,11,0.06,17.59,142.14,5.63,27.94,27.94,12064,4114,3589,True
58172,03/02/2021,16:09:32,82.5,17.38,4.38,75.95,13.54,5.63,75.95,13.54,0.0,0.0,27.98,29.53,79,0,11,0.07,17.6,142.15,5.62,27.96,27.96,12079,4114,3589,True
58187,03/02/2021,16:09:47,82.5,17.41,4.37,76.09,13.54,5.59,76.09,13.54,0.0,0.0,27.97,29.53,79,0,11,0.07,17.6,142.15,5.61,27.97,27.99,12290,4114,3589,True
58202,03/02/2021,16:10:02,82.5,17.42,4.36,75.95,13.54,5.61,75.55,13.54,0.0,0.0,27.97,29.54,79,0,11,0.07,17.6,142.15,5.6,27.98,27.96,12305,4114,3589,True
58217,03/02/2021,16:10:17,82.5,17.42,4.36,75.95,13.54,5.62,75.68,13.54,0.0,0.0,27.98,29.54,79,0,11,0.07,17.6,142.15,5.58,28.0,27.99,12320,4114,3589,True
58232,03/02/2021,16:10:32,82.5,17.39,4.31,75.68,13.54,5.57,75.41,13.54,0.0,0.0,27.9,29.56,79,0,11,0.07,17.6,142.15,5.6,27.9,27.9,12335,4114,3589,True
58247,03/02/2021,16:10:47,82.5,17.36,4.32,75.28,13.54,5.59,75.41,13.55,0.0,0.0,27.89,29.56,79,0,11,0.07,17.6,142.15,5.58,27.89,27.89,12546,4114,3589,True
58262,03/02/2021,16:11:02,82.5,17.48,4.31,75.41,13.53,5.56,75.41,13.54,0.0,0.0,27.86,29.57,79,0,11,0.07,17.6,142.15,5.56,27.86,27.86,12561,4114,3589,True
58277,03/02/2021,16:11:17,82.5,17.4,4.3,74.74,13.54,5.55,75.14,13.53,0.0,0.0,27.79,29.59,79,0,11,0.07,17.6,142.15,5.54,27.79,27.8,12576,4114,3589,True
58292,03/02/2021,16:11:32,82.5,17.34,4.32,75.01,13.54,5.54,74.82,13.54,0.0,0.0,27.83,29.58,79,0,11,0.07,17.6,142.15,5.54,27.83,27.82,12591,4114,3589,True
58307,03/02/2021,16:11:47,82.5,17.35,4.32,74.87,13.53,5.52,74.74,13.53,0.0,0.0,27.81,29.59,79,0,11,0.07,17.6,142.15,5.52,27.81,27.81,12802,4114,3589,True
58322,03/02/2021,16:12:02,82.5,17.33,4.28,74.33,13.53,5.51,74.41,13.53,0.0,0.0,27.83,29.59,78,0,11,0.07,17.6,142.15,5.52,27.83,27.83,12817,4114,3589,True
58337,03/02/2021,16:12:17,82.5,17.34,4.28,74.6,13.54,5.48,74.19,13.53,0.0,0.0,27.8,29.6,79,0,11,0.07,17.6,142.15,5.49,27.81,27.8,12832,4114,3589,True
58352,03/02/2021,16:12:32,82.5,17.35,4.27,73.73,13.53,5.49,74.33,13.54,0.0,0.0,27.77,29.61,78,0,11,0.07,17.6,142.15,5.5,27.78,27.77,12847,4114,3589,True
58367,03/02/2021,16:12:47,82.5,17.35,4.26,74.06,13.54,5.48,74.19,13.54,0.0,0.0,27.83,29.61,78,0,11,0.07,17.6,142.15,5.46,27.84,27.83,13058,4114,3589,True
58382,03/02/2021,16:13:02,82.5,17.35,4.25,73.92,13.54,5.43,73.52,13.54,0.0,0.0,27.84,29.62,79,0,11,0.07,17.6,142.15,5.44,27.84,27.85,13073,4114,3589,True
58397,03/02/2021,16:13:17,82.5,17.37,4.24,73.33,13.53,5.46,73.52,13.54,0.0,0.0,27.84,29.62,79,0,11,0.07,17.6,142.15,5.44,27.86,27.84,13088,4114,3589,True
58412,03/02/2021,16:13:32,82.5,17.37,4.22,73.38,13.54,5.43,73.65,13.54,0.0,0.0,27.86,29.63,78,0,11,0.07,17.6,142.15,5.44,27.85,27.86,13103,4114,3589,True
58427,03/02/2021,16:13:47,82.5,17.45,4.19,73.19,13.54,5.4,73.38,13.53,0.0,0.0,27.88,29.65,78,0,11,0.07,17.6,142.15,5.4,27.88,27.88,13314,4114,3589,True
58442,03/02/2021,16:14:02,82.5,17.47,4.16,73.19,13.54,5.4,72.79,13.53,0.0,0.0,27.82,29.64,78,0,11,0.07,17.6,142.15,5.4,27.81,27.81,13329,4114,3589,True
58457,03/02/2021,16:14:17,82.5,17.56,4.16,73.06,13.53,5.38,72.57,13.53,0.0,0.0,27.83,29.64,78,0,11,0.07,17.6,142.15,5.4,27.84,27.84,13344,4114,3589,True
58472,03/02/2021,16:14:32,82.5,17.61,4.14,72.92,13.53,5.38,73.06,13.53,0.0,0.0,27.88,29.66,78,0,11,0.07,17.6,142.15,5.39,27.89,27.89,13359,4114,3589,True
58487,03/02/2021,16:14:47,82.5,17.54,4.14,72.3,13.53,5.36,72.65,13.53,0.0,0.0,27.89,29.66,78,0,11,0.07,17.6,142.15,5.36,27.88,27.89,13570,4114,3589,True
58502,03/02/2021,16:15:02,82.5,17.55,4.12,72.38,13.53,5.34,72.3,13.53,0.0,0.0,27.86,29.67,78,0,11,0.07,17.6,142.15,5.32,27.87,27.86,13585,4114,3589,True
58517,03/02/2021,16:15:17,82.5,17.62,4.09,72.38,13.53,5.33,72.52,13.54,0.0,0.0,27.87,29.67,78,0,11,0.07,17.6,142.15,5.34,27.88,27.87,13600,4114,3589,True
58532,03/02/2021,16:15:32,82.5,17.66,4.07,72.16,13.53,5.33,72.16,13.53,0.0,0.0,27.88,29.67,78,0,11,0.07,17.6,142.15,5.33,27.87,27.88,13615,4114,3589,True
58547,03/02/2021,16:15:47,82.5,17.71,4.04,71.7,13.53,5.33,71.97,13.54,0.0,0.0,27.89,29.67,78,0,11,0.07,17.6,142.15,5.32,27.89,27.9,13826,4114,3589,True
58562,03/02/2021,16:16:02,82.5,17.76,4.03,71.84,13.53,5.3,71.84,13.54,0.0,0.0,27.91,29.69,78,0,11,0.07,17.6,142.15,5.32,27.9,27.9,13841,4114,3589,True
58577,03/02/2021,16:16:17,82.5,17.76,4.02,71.43,13.54,5.29,71.57,13.53,0.0,0.0,27.82,29.69,78,0,11,0.07,17.6,142.15,5.29,27.82,27.83,13856,4114,3589,True
58592,03/02/2021,16:16:32,82.5,17.75,4.01,71.57,13.53,5.28,71.3,13.53,0.0,0.0,27.81,29.69,78,0,11,0.07,17.6,142.15,5.27,27.8,27.82,13871,4114,3589,True
58607,03/02/2021,16:16:47,82.5,17.83,3.98,71.16,13.53,5.25,71.03,13.53,0.0,0.0,27.81,29.71,78,0,11,0.07,17.6,142.15,5.24,27.8,27.81,14082,4114,3589,True
58622,03/02/2021,16:17:02,82.5,17.82,4.0,71.03,13.53,5.25,70.94,13.53,0.0,0.0,27.77,29.71,78,0,11,0.07,17.6,142.15,5.25,27.76,27.77,14097,4114,3589,True
58637,03/02/2021,16:17:17,82.5,17.82,3.97,71.03,13.54,5.24,70.89,13.54,0.0,0.0,27.81,29.71,78,0,11,0.07,17.6,142.15,5.23,27.8,27.8,14112,4114,3589,True
58652,03/02/2021,16:17:32,82.5,17.77,3.97,70.62,13.53,5.22,70.62,13.53,0.0,0.0,27.79,29.72,78,0,11,0.08,17.61,142.16,5.23,27.78,27.8,14127,4114,3589,True
58667,03/02/2021,16:17:47,82.4,17.74,3.97,70.62,13.53,5.23,70.49,13.53,0.0,0.0,27.78,29.73,78,0,11,0.08,17.61,142.16,5.22,27.78,27.77,14338,4114,3589,True
58682,03/02/2021,16:18:02,82.4,17.73,3.96,70.35,13.53,5.22,70.62,13.53,0.0,0.0,27.79,29.73,78,0,11,0.08,17.61,142.16,5.21,27.78,27.78,14353,4114,3589,True
58697,03/02/2021,16:18:17,82.4,17.65,3.99,70.0,13.53,5.17,69.95,13.53,0.0,0.0,27.79,29.73,78,0,11,0.08,17.61,142.16,5.18,27.79,27.8,14368,4114,3589,True
58712,03/02/2021,16:18:32,82.4,17.66,3.97,70.08,13.53,5.17,70.08,13.53,0.0,0.0,27.78,29.73,78,0,11,0.08,17.61,142.16,5.18,27.78,27.78,14383,4114,3589,True
58727,03/02/2021,16:18:47,82.5,17.65,3.95,69.89,13.53,5.18,70.49,13.53,0.0,0.0,27.77,29.75,78,0,11,0.08,17.61,142.16,5.16,27.77,27.76,14594,4114,3589,True
58742,03/02/2021,16:19:02,82.4,17.67,3.94,70.08,13.53,5.17,69.81,13.53,0.0,0.0,27.78,29.74,78,0,11,0.08,17.61,142.16,5.17,27.78,27.78,14609,4114,3589,True
58757,03/02/2021,16:19:17,82.5,17.65,3.94,69.54,13.53,5.14,69.4,13.53,0.0,0.0,27.78,29.76,78,0,11,0.08,17.61,142.16,5.14,27.78,27.78,14624,4114,3589,True
58772,03/02/2021,16:19:32,82.5,17.71,3.92,69.27,13.53,5.14,69.67,13.53,0.0,0.0,27.77,29.76,78,0,11,0.08,17.61,142.16,5.15,27.77,27.76,14639,4114,3589,True
58787,03/02/2021,16:19:47,82.4,17.6,3.93,69.13,13.53,5.13,69.27,13.53,0.0,0.0,27.77,29.76,78,0,11,0.08,17.61,142.16,5.1,27.77,27.76,14850,4114,3589,True
58802,03/02/2021,16:20:02,82.5,17.6,3.92,69.0,13.53,5.1,68.81,13.52,0.0,0.0,27.81,29.76,78,0,11,0.08,17.61,142.16,5.11,27.8,27.8,14865,4114,3589,True
58817,03/02/2021,16:20:17,82.6,17.55,3.92,68.86,13.53,5.08,69.13,13.53,0.0,0.0,27.78,29.77,78,0,11,0.08,17.61,142.16,5.1,27.78,27.78,14880,4114,3589,True
58832,03/02/2021,16:20:32,82.4,17.58,3.9,68.86,13.53,5.08,68.59,13.53,0.0,0.0,27.73,29.77,78,0,11,0.08,17.61,142.16,5.08,27.74,27.74,14895,4114,3589,True
58847,03/02/2021,16:20:47,82.3,17.7,3.86,68.05,13.53,5.05,68.32,13.53,0.0,0.0,27.67,29.77,77,0,11,0.08,17.61,142.16,5.05,27.68,27.68,15106,4114,3589,True
58862,03/02/2021,16:21:02,82.3,17.74,3.86,68.46,13.52,5.04,68.19,13.53,0.0,0.0,27.72,29.79,77,0,11,0.08,17.61,142.16,5.04,27.72,27.71,15121,4114,3589,True
58877,03/02/2021,16:21:17,82.3,17.66,3.85,67.87,13.52,5.03,68.05,13.53,0.0,0.0,27.71,29.79,78,0,11,0.08,17.61,142.16,5.03,27.71,27.7,15136,4114,3589,True
58892,03/02/2021,16:21:32,82.3,17.66,3.84,68.05,13.53,5.0,67.65,13.53,0.0,0.0,27.64,29.79,77,0,11,0.08,17.61,142.16,5.03,27.65,27.65,15151,4114,3589,True
58907,03/02/2021,16:21:47,82.2,17.62,3.83,67.65,13.53,4.99,67.37,13.53,0.0,0.0,27.59,29.79,78,0,11,0.08,17.61,142.16,5.0,27.59,27.6,2,4115,3589,True
58922,03/02/2021,16:22:02,82.2,17.73,3.78,67.05,13.52,4.96,66.97,13.52,0.0,0.0,27.66,29.79,78,0,11,0.08,17.61,142.16,4.97,27.66,27.67,17,4115,3589,True
58937,03/02/2021,16:22:17,82.3,17.75,3.77,66.78,13.52,4.95,66.92,13.52,0.0,0.0,27.7,29.8,77,0,11,0.08,17.61,142.16,4.94,27.7,27.7,32,4115,3589,True
58952,03/02/2021,16:22:32,82.3,17.79,3.73,66.38,13.53,4.92,66.51,13.52,0.0,0.0,27.72,29.8,77,0,11,0.08,17.61,142.16,4.91,27.72,27.71,47,4115,3589,True
58967,03/02/2021,16:22:47,82.3,17.85,3.73,66.11,13.53,4.91,66.24,13.52,0.0,0.0,27.64,29.8,77,0,11,0.08,17.61,142.16,4.91,27.64,27.64,258,4115,3589,True
58982,03/02/2021,16:23:02,82.3,17.83,3.69,65.84,13.52,4.86,65.7,13.52,0.0,0.0,27.66,29.8,77,0,11,0.08,17.61,142.16,4.87,27.66,27.67,273,4115,3589,True
58997,03/02/2021,16:23:17,82.3,17.79,3.67,65.43,13.52,4.84,65.3,13.52,0.0,0.0,27.69,29.81,77,0,11,0.08,17.61,142.16,4.85,27.69,27.69,288,4115,3589,True
59012,03/02/2021,16:23:32,82.3,17.89,3.65,65.3,13.52,4.83,65.3,13.53,0.0,0.0,27.71,29.82,78,0,11,0.08,17.61,142.16,4.83,27.7,27.7,303,4115,3589,True
59027,03/02/2021,16:23:47,82.3,17.82,3.63,64.89,13.52,4.8,64.89,13.52,0.0,0.0,27.68,29.82,77,0,11,0.08,17.61,142.16,4.81,27.68,27.68,514,4115,3589,True
59042,03/02/2021,16:24:02,82.3,17.91,3.6,64.62,13.52,4.8,64.76,13.52,0.0,0.0,27.7,29.82,77,0,11,0.08,17.61,142.16,4.77,27.69,27.7,529,4115,3589,True
59057,03/02/2021,16:24:17,82.3,17.91,3.59,64.62,13.52,4.76,64.76,13.52,0.0,0.0,27.71,29.82,77,0,11,0.08,17.61,142.16,4.76,27.72,27.72,544,4115,3589,True
59072,03/02/2021,16:24:32,82.3,20.8,0.17,3.62,13.41,0.26,3.62,13.41,0.0,0.0,27.7,29.83,77,0,11,0.08,17.61,142.16,0.27,27.69,27.69,559,4115,3589,True
59087,03/02/2021,16:24:47,82.3,20.83,0.04,0.93,13.4,0.06,0.8,13.4,0.0,0.0,27.66,29.82,76,0,11,0.08,17.61,142.16,0.06,27.67,27.68,770,4115,3589,True
59102,03/02/2021,16:25:02,82.3,20.82,0.05,1.07,13.4,0.05,0.8,13.39,0.0,0.0,27.7,29.79,75,0,11,0.08,17.61,142.16,0.08,27.71,27.7,785,4115,3589,True
59117,03/02/2021,16:25:17,82.3,20.79,0.14,3.08,13.4,0.23,3.08,13.4,0.0,0.0,27.69,29.79,74,0,11,0.08,17.61,142.16,0.22,27.68,27.68,800,4115,3589,True
59132,03/02/2021,16:25:32,82.3,20.76,0.16,3.48,13.4,0.27,3.48,13.4,0.0,0.0,27.75,29.76,73,0,11,0.08,17.61,142.16,0.28,27.74,27.74,815,4115,3589,True
59147,03/02/2021,16:25:47,82.4,20.75,0.17,3.75,13.4,0.27,3.75,13.4,0.0,0.0,27.77,29.76,72,0,11,0.08,17.61,142.16,0.26,27.78,27.77,1026,4115,3589,True
59162,03/02/2021,16:26:02,82.4,17.82,3.51,62.68,13.51,4.62,62.55,13.51,0.0,0.0,27.76,29.75,73,0,11,0.08,17.61,142.16,4.63,27.76,27.76,1041,4115,3589,True
59177,03/02/2021,16:26:17,82.3,15.07,3.72,55.75,13.5,4.13,55.48,13.51,0.0,0.0,27.68,29.76,74,0,11,0.08,17.61,142.16,4.12,27.68,27.7,1056,4115,3589,True
59192,03/02/2021,16:26:32,82.3,17.65,3.52,62.19,13.51,4.6,62.05,13.52,0.0,0.0,27.65,29.76,75,0,11,0.08,17.61,142.16,4.61,27.64,27.65,1071,4115,3589,True
59207,03/02/2021,16:26:47,82.3,17.64,3.51,62.01,13.51,4.59,62.01,13.51,0.0,0.0,27.66,29.76,75,0,11,0.08,17.61,142.16,4.59,27.66,27.66,1282,4115,3589,True
59222,03/02/2021,16:27:02,82.3,17.72,3.48,61.74,13.51,4.57,61.65,13.52,0.0,0.0,27.66,29.76,76,0,11,0.08,17.61,142.16,4.58,27.67,27.67,1297,4115,3589,True
59237,03/02/2021,16:27:17,82.3,17.72,3.48,61.51,13.52,4.57,61.65,13.52,0.0,0.0,27.66,29.77,77,0,11,0.08,17.61,142.16,4.56,27.66,27.66,1312,4115,3589,True
59252,03/02/2021,16:27:32,82.3,17.72,3.47,61.06,13.52,4.54,61.65,13.52,0.0,0.0,27.65,29.77,77,0,11,0.08,17.61,142.16,4.54,27.65,27.66,1327,4115,3589,True
59267,03/02/2021,16:27:47,82.3,17.68,3.47,61.33,13.52,4.54,61.33,13.51,0.0,0.0,27.63,29.78,77,0,11,0.08,17.61,142.16,4.55,27.64,27.64,1538,4115,3589,True
59282,03/02/2021,16:28:02,82.2,17.69,3.46,61.38,13.52,4.52,61.2,13.51,0.0,0.0,27.59,29.79,77,0,11,0.09,17.62,142.17,4.53,27.6,27.6,1553,4115,3589,True
59297,03/02/2021,16:28:17,82.2,17.67,3.44,60.97,13.52,4.52,61.06,13.51,0.0,0.0,27.6,29.78,77,0,11,0.09,17.62,142.17,4.51,27.6,27.61,1568,4115,3589,True
59312,03/02/2021,16:28:32,82.2,17.67,3.45,60.79,13.52,4.51,61.06,13.52,0.0,0.0,27.59,29.8,77,0,11,0.09,17.62,142.17,4.52,27.6,27.58,1583,4115,3589,True
59327,03/02/2021,16:28:47,82.1,17.69,3.42,60.52,13.51,4.47,60.65,13.51,0.0,0.0,27.55,29.8,77,0,11,0.09,17.62,142.17,4.49,27.56,27.55,1794,4115,3589,True
59342,03/02/2021,16:29:02,82.2,17.71,3.42,60.52,13.51,4.49,60.52,13.51,0.0,0.0,27.62,29.81,77,0,11,0.09,17.62,142.17,4.48,27.62,27.62,1809,4115,3589,True
59357,03/02/2021,16:29:17,82.2,17.7,3.41,60.38,13.51,4.49,60.52,13.51,0.0,0.0,27.63,29.8,77,0,11,0.09,17.62,142.17,4.49,27.62,27.63,1824,4115,3589,True
59372,03/02/2021,16:29:32,82.2,17.68,3.42,60.52,13.51,4.48,60.52,13.51,0.0,0.0,27.58,29.81,77,0,11,0.09,17.62,142.17,4.48,27.57,27.57,1839,4115,3589,True
59387,03/02/2021,16:29:47,82.2,17.68,3.42,60.38,13.52,4.47,60.52,13.52,0.0,0.0,27.59,29.81,77,0,11,0.09,17.62,142.17,4.46,27.6,27.59,2050,4115,3589,True
59402,03/02/2021,16:30:02,82.2,17.63,3.43,60.52,13.51,4.47,60.7,13.51,0.0,0.0,27.61,29.82,77,0,11,0.09,17.62,142.17,4.49,27.62,27.61,2065,4115,3589,True
59417,03/02/2021,16:30:17,82.2,17.7,3.41,60.11,13.52,4.45,60.16,13.51,0.0,0.0,27.56,29.82,77,0,11,0.09,17.62,142.17,4.46,27.57,27.56,2080,4115,3589,True
59432,03/02/2021,16:30:32,82.1,17.65,3.39,59.84,13.51,4.43,59.84,13.51,0.0,0.0,27.59,29.83,77,0,11,0.09,17.62,142.17,4.44,27.59,27.6,2095,4115,3589,True
59447,03/02/2021,16:30:47,82.2,17.59,3.37,59.57,13.51,4.41,59.48,13.51,0.0,0.0,27.57,29.83,77,0,11,0.09,17.62,142.17,4.42,27.57,27.58,2306,4115,3589,True
59462,03/02/2021,16:31:02,82.2,17.59,3.38,59.44,13.51,4.4,59.3,13.51,0.0,0.0,27.59,29.83,77,0,11,0.09,17.62,142.17,4.4,27.59,27.6,2321,4115,3589,True
59477,03/02/2021,16:31:17,82.2,17.59,3.35,59.3,13.51,4.37,58.9,13.51,0.0,0.0,27.57,29.83,77,0,11,0.09,17.62,142.17,4.37,27.57,27.58,2336,4115,3589,True
59492,03/02/2021,16:31:32,82.1,17.59,3.34,58.76,13.51,4.39,59.03,13.51,0.0,0.0,27.56,29.84,77,0,11,0.09,17.62,142.17,4.37,27.56,27.56,2351,4115,3589,True
59507,03/02/2021,16:31:47,82.1,17.59,3.34,58.63,13.51,4.37,59.03,13.51,0.0,0.0,27.57,29.84,77,0,11,0.09,17.62,142.17,4.35,27.56,27.56,2562,4115,3589,True
59522,03/02/2021,16:32:02,82.1,17.64,3.33,58.49,13.51,4.33,58.63,13.51,0.0,0.0,27.57,29.84,77,0,11,0.09,17.62,142.17,4.33,27.59,27.59,2577,4115,3589,True
59537,03/02/2021,16:32:17,82.1,17.63,3.29,58.09,13.51,4.29,57.95,13.51,0.0,0.0,27.55,29.84,77,0,11,0.09,17.62,142.17,4.31,27.55,27.56,2592,4115,3589,True
59552,03/02/2021,16:32:32,82.1,17.65,3.27,57.82,13.51,4.26,57.68,13.51,0.0,0.0,27.58,29.85,77,0,11,0.09,17.62,142.17,4.25,27.58,27.56,2607,4115,3589,True
59567,03/02/2021,16:32:47,82.1,17.62,3.24,57.24,13.5,4.23,57.14,13.5,0.0,0.0,27.56,29.84,77,0,11,0.09,17.62,142.17,4.24,27.56,27.56,2818,4115,3589,True
59582,03/02/2021,16:33:02,81.8,17.59,3.24,56.87,13.51,4.22,56.87,13.51,0.0,0.0,27.45,29.84,77,0,11,0.09,17.62,142.17,4.22,27.46,27.46,2833,4115,3589,True
59597,03/02/2021,16:33:17,81.8,17.63,3.23,57.01,13.5,4.23,56.6,13.51,0.0,0.0,27.44,29.86,76,0,11,0.09,17.62,142.17,4.21,27.43,27.44,2848,4115,3589,True
59612,03/02/2021,16:33:32,81.7,17.65,3.2,56.87,13.5,4.21,56.87,13.51,0.0,0.0,27.4,29.85,76,0,11,0.09,17.62,142.17,4.21,27.4,27.4,2864,4115,3589,True
59627,03/02/2021,16:33:47,81.7,17.75,3.2,57.14,13.51,4.22,57.01,13.51,0.0,0.0,27.37,29.85,77,0,11,0.09,17.62,142.17,4.21,27.37,27.36,3074,4115,3589,True
59642,03/02/2021,16:34:02,81.7,17.73,3.22,56.97,13.51,4.22,56.97,13.51,0.0,0.0,27.37,29.85,76,0,11,0.09,17.62,142.17,4.23,27.37,27.37,3089,4115,3589,True
59657,03/02/2021,16:34:17,81.7,17.67,3.21,56.74,13.51,4.17,56.87,13.5,0.0,0.0,27.37,29.85,77,0,11,0.09,17.62,142.17,4.18,27.37,27.37,3105,4115,3589,True
59672,03/02/2021,16:34:32,81.6,17.66,3.2,56.06,13.5,4.18,56.33,13.5,0.0,0.0,27.34,29.86,77,0,11,0.09,17.62,142.17,4.19,27.34,27.34,3120,4115,3589,True
59687,03/02/2021,16:34:47,81.6,17.63,3.18,56.2,13.5,4.14,56.33,13.5,0.0,0.0,27.34,29.86,76,0,11,0.09,17.62,142.17,4.14,27.33,27.34,3331,4115,3589,True
59702,03/02/2021,16:35:02,81.5,17.62,3.17,55.52,13.5,4.12,55.66,13.5,0.0,0.0,27.32,29.85,76,0,11,0.09,17.62,142.17,4.14,27.32,27.32,3346,4115,3589,True
59717,03/02/2021,16:35:17,81.5,17.6,3.15,55.62,13.5,4.12,55.21,13.5,0.0,0.0,27.33,29.86,77,0,11,0.09,17.62,142.17,4.14,27.32,27.33,3361,4115,3589,True
59732,03/02/2021,16:35:32,81.5,17.55,3.15,55.39,13.5,4.1,55.21,13.5,0.0,0.0,27.29,29.86,76,0,11,0.09,17.62,142.17,4.07,27.29,27.3,3376,4115,3589,True
59747,03/02/2021,16:35:47,81.4,17.56,3.15,55.08,13.5,4.1,54.94,13.5,0.0,0.0,27.28,29.86,76,0,11,0.09,17.62,142.17,4.1,27.29,27.28,3587,4115,3589,True
59762,03/02/2021,16:36:02,81.4,17.62,3.13,55.08,13.5,4.06,55.21,13.5,0.0,0.0,27.28,29.87,76,0,11,0.09,17.62,142.17,4.06,27.28,27.27,3602,4115,3589,True
59777,03/02/2021,16:36:17,81.3,17.59,3.1,54.54,13.51,4.04,54.54,13.5,0.0,0.0,27.23,29.86,76,0,11,0.09,17.62,142.17,4.05,27.24,27.24,3616,4115,3589,True
59792,03/02/2021,16:36:32,81.3,17.68,3.1,54.81,13.5,4.07,54.94,13.5,0.0,0.0,27.23,29.87,77,0,11,0.09,17.62,142.17,4.06,27.24,27.24,3632,4115,3589,True
59807,03/02/2021,16:36:47,81.3,17.72,3.07,54.4,13.5,4.02,54.13,13.5,0.0,0.0,27.26,29.87,76,0,11,0.09,17.62,142.17,4.02,27.26,27.26,3843,4115,3589,True
59822,03/02/2021,16:37:02,81.3,17.7,3.04,54.0,13.5,4.01,54.0,13.5,0.0,0.0,27.18,29.87,76,0,11,0.09,17.62,142.17,3.98,27.18,27.18,3858,4115,3589,True
59837,03/02/2021,16:37:17,81.3,17.73,3.05,53.73,13.5,3.99,54.0,13.5,0.0,0.0,27.21,29.87,76,0,11,0.09,17.62,142.17,3.99,27.21,27.21,3873,4115,3589,True
59852,03/02/2021,16:37:32,81.3,17.78,3.0,53.32,13.5,3.96,53.19,13.5,0.0,0.0,27.28,29.87,76,0,11,0.09,17.62,142.17,3.94,27.28,27.27,3888,4115,3589,True
59867,03/02/2021,16:37:47,81.3,17.78,2.97,53.19,13.5,3.94,52.92,13.5,0.0,0.0,27.31,29.87,76,0,11,0.09,17.62,142.17,3.92,27.31,27.3,4099,4115,3589,True
59882,03/02/2021,16:38:02,81.3,17.8,2.99,52.92,13.5,3.91,52.51,13.49,0.0,0.0,27.25,29.87,76,0,11,0.09,17.62,142.17,3.93,27.26,27.25,4114,4115,3589,True
59897,03/02/2021,16:38:17,81.3,17.83,2.96,52.34,13.5,3.89,52.61,13.49,0.0,0.0,27.21,29.88,76,0,11,0.1,17.63,142.18,3.87,27.2,27.19,4129,4115,3589,True
59912,03/02/2021,16:38:32,81.3,17.8,2.89,51.8,13.49,3.83,51.97,13.5,0.0,0.0,27.22,29.87,76,0,11,0.1,17.63,142.18,3.83,27.21,27.21,4144,4115,3589,True
59927,03/02/2021,16:38:47,81.3,17.84,2.92,52.07,13.5,3.89,52.11,13.5,0.0,0.0,27.24,29.87,76,0,11,0.1,17.63,142.18,3.88,27.25,27.25,4355,4115,3589,True
59942,03/02/2021,16:39:02,81.3,17.77,2.9,51.39,13.49,3.8,51.7,13.49,0.0,0.0,27.26,29.87,76,0,11,0.1,17.63,142.18,3.82,27.26,27.26,4370,4115,3589,True
59957,03/02/2021,16:39:17,81.3,17.83,2.89,51.26,13.49,3.83,51.3,13.49,0.0,0.0,27.23,29.87,76,0,11,0.1,17.63,142.18,3.79,27.24,27.24,4385,4115,3589,True
59972,03/02/2021,16:39:32,81.3,17.89,2.81,50.45,13.49,3.7,50.35,13.49,0.0,0.0,27.23,29.88,75,0,11,0.1,17.63,142.18,3.71,27.22,27.23,4400,4115,3589,True
59987,03/02/2021,16:39:47,81.3,17.89,2.76,49.23,13.49,3.65,48.69,13.49,0.0,0.0,27.16,29.88,75,0,11,0.1,17.63,142.18,3.65,27.16,27.16,4611,4115,3589,True
60002,03/02/2021,16:40:02,81.3,17.89,2.75,49.23,13.49,3.65,48.83,13.49,0.0,0.0,27.16,29.87,75,0,11,0.1,17.63,142.18,3.62,27.16,27.16,4626,4115,3589,True
60017,03/02/2021,16:40:17,81.3,17.94,2.68,48.15,13.49,3.57,47.88,13.49,0.0,0.0,27.2,29.87,75,0,11,0.1,17.63,142.18,3.59,27.21,27.2,4641,4115,3589,True
60032,03/02/2021,16:40:32,81.3,18.0,2.62,47.44,13.48,3.51,47.88,13.49,0.0,0.0,27.21,29.87,75,0,11,0.1,17.63,142.18,3.51,27.21,27.21,4656,4115,3589,True
60047,03/02/2021,16:40:47,81.3,18.06,2.59,46.94,13.49,3.49,47.48,13.48,0.0,0.0,27.25,29.87,76,0,11,0.1,17.63,142.18,3.49,27.24,27.24,4867,4115,3589,True
60062,03/02/2021,16:41:02,81.3,18.0,2.63,47.34,13.49,3.51,47.21,13.48,0.0,0.0,27.17,29.87,75,0,11,0.1,17.63,142.18,3.5,27.18,27.17,4882,4115,3589,True
60077,03/02/2021,16:41:17,81.3,17.93,2.61,46.81,13.48,3.46,46.94,13.48,0.0,0.0,27.19,29.87,75,0,11,0.1,17.63,142.18,3.47,27.2,27.19,4897,4115,3589,True
60092,03/02/2021,16:41:32,81.3,17.91,2.61,46.4,13.48,3.46,46.64,13.49,0.0,0.0,27.19,29.87,75,0,11,0.1,17.63,142.18,3.45,27.19,27.18,4912,4115,3589,True
60107,03/02/2021,16:41:47,81.3,17.92,2.58,46.5,13.48,3.43,45.96,13.48,0.0,0.0,27.2,29.88,75,0,11,0.1,17.63,142.18,3.45,27.2,27.19,5123,4115,3589,True
60122,03/02/2021,16:42:02,81.3,17.96,2.57,46.23,13.48,3.43,45.96,13.48,0.0,0.0,27.21,29.87,75,0,11,0.1,17.63,142.18,3.43,27.21,27.21,5138,4115,3589,True
60137,03/02/2021,16:42:17,81.4,17.96,2.57,46.64,13.48,3.45,46.5,13.49,0.0,0.0,27.24,29.87,75,0,11,0.1,17.63,142.18,3.44,27.23,27.23,5153,4115,3589,True
60152,03/02/2021,16:42:32,81.4,17.99,2.6,46.77,13.48,3.47,46.91,13.48,0.0,0.0,27.28,29.87,75,0,11,0.1,17.63,142.18,3.5,27.28,27.29,5168,4115,3589,True
60167,03/02/2021,16:42:47,81.4,18.0,2.6,46.81,13.48,3.44,47.04,13.48,0.0,0.0,27.23,29.86,75,0,11,0.1,17.63,142.18,3.47,27.24,27.24,5379,4115,3589,True
60182,03/02/2021,16:43:02,81.4,18.03,2.54,46.37,13.48,3.44,46.37,13.48,0.0,0.0,27.25,29.86,75,0,11,0.1,17.63,142.18,3.44,27.24,27.25,5394,4115,3589,True
60197,03/02/2021,16:43:17,81.3,17.89,2.56,46.64,13.48,3.42,46.1,13.49,0.0,0.0,27.22,29.87,75,0,11,0.1,17.63,142.18,3.39,27.22,27.22,5409,4115,3589,True
60212,03/02/2021,16:43:32,81.4,17.89,2.58,46.5,13.49,3.43,46.13,13.49,0.0,0.0,27.23,29.86,75,0,11,0.1,17.63,142.18,3.44,27.24,27.23,5424,4115,3589,True
60227,03/02/2021,16:43:47,81.3,17.94,2.58,45.96,13.48,3.41,45.96,13.48,0.0,0.0,27.2,29.86,75,0,11,0.1,17.63,142.18,3.43,27.21,27.21,5635,4115,3589,True
60242,03/02/2021,16:44:02,81.3,17.84,2.58,46.1,13.48,3.44,46.1,13.48,0.0,0.0,27.22,29.86,75,0,11,0.1,17.63,142.18,3.39,27.21,27.22,5650,4115,3589,True
60257,03/02/2021,16:44:17,81.4,17.79,2.56,45.56,13.48,3.4,45.83,13.48,0.0,0.0,27.24,29.86,75,0,11,0.1,17.63,142.18,3.42,27.22,27.24,5665,4115,3589,True
60272,03/02/2021,16:44:32,81.4,17.73,2.59,45.29,13.48,3.38,45.56,13.48,0.0,0.0,27.2,29.85,75,0,11,0.1,17.63,142.18,3.4,27.2,27.2,5680,4115,3589,True
60287,03/02/2021,16:44:47,81.4,17.78,2.57,45.69,13.48,3.4,45.83,13.48,0.0,0.0,27.23,29.86,75,0,11,0.1,17.63,142.18,3.38,27.22,27.22,5891,4115,3589,True
60302,03/02/2021,16:45:02,81.4,17.7,2.55,45.15,13.48,3.39,45.42,13.48,0.0,0.0,27.2,29.85,75,0,11,0.1,17.63,142.18,3.39,27.2,27.2,5906,4115,3589,True
60317,03/02/2021,16:45:17,81.4,17.77,2.57,45.42,13.48,3.38,45.56,13.48,0.0,0.0,27.22,29.87,75,0,11,0.1,17.63,142.18,3.39,27.22,27.22,5921,4115,3589,True
60332,03/02/2021,16:45:32,81.4,17.58,2.57,44.75,13.48,3.34,45.02,13.48,0.0,0.0,27.2,29.85,75,0,11,0.1,17.63,142.18,3.34,27.2,27.21,5936,4115,3589,True
60347,03/02/2021,16:45:47,81.4,17.52,2.55,44.75,13.48,3.33,44.48,13.48,0.0,0.0,27.2,29.85,75,0,11,0.1,17.63,142.18,3.33,27.2,27.2,6147,4115,3589,True
60362,03/02/2021,16:46:02,81.3,17.56,2.55,44.72,13.47,3.31,44.45,13.47,0.0,0.0,27.16,29.85,75,0,11,0.1,17.63,142.18,3.29,27.16,27.17,6162,4115,3589,True
60377,03/02/2021,16:46:17,81.3,17.49,2.51,43.54,13.48,3.25,43.91,13.47,0.0,0.0,27.16,29.85,75,0,11,0.1,17.63,142.18,3.23,27.15,27.15,6177,4115,3589,True
60392,03/02/2021,16:46:32,81.3,17.59,2.49,44.04,13.47,3.26,43.91,13.48,0.0,0.0,27.14,29.85,75,0,11,0.1,17.63,142.18,3.25,27.14,27.14,6192,4115,3589,True
60407,03/02/2021,16:46:47,81.3,17.65,2.42,42.73,13.47,3.17,43.23,13.48,0.0,0.0,27.2,29.84,74,0,11,0.1,17.63,142.18,3.18,27.21,27.2,6403,4115,3589,True
60422,03/02/2021,16:47:02,81.3,17.59,2.38,42.02,13.48,3.13,42.29,13.47,0.0,0.0,27.19,29.84,75,0,11,0.1,17.63,142.18,3.13,27.19,27.18,6418,4115,3589,True
60437,03/02/2021,16:47:17,81.3,17.52,2.36,41.35,13.47,3.06,40.94,13.47,0.0,0.0,27.21,29.84,74,0,11,0.1,17.63,142.18,3.05,27.22,27.22,6433,4115,3589,True
60452,03/02/2021,16:47:32,81.3,17.54,2.34,41.35,13.48,3.04,40.67,13.47,0.0,0.0,27.24,29.84,75,0,11,0.1,17.63,142.18,3.03,27.24,27.25,6448,4115,3589,True
60467,03/02/2021,16:47:47,81.3,17.52,2.29,40.14,13.47,2.99,40.81,13.47,0.0,0.0,27.21,29.84,75,0,11,0.1,17.63,142.18,3.01,27.22,27.21,6659,4115,3589,True
60482,03/02/2021,16:48:02,81.3,17.56,2.25,39.73,13.47,2.96,39.33,13.47,0.0,0.0,27.19,29.83,74,0,11,0.1,17.63,142.18,2.96,27.19,27.2,6674,4115,3589,True
60497,03/02/2021,16:48:17,81.3,17.49,2.27,39.46,13.47,2.89,39.06,13.47,0.0,0.0,27.24,29.83,74,0,11,0.1,17.63,142.18,2.89,27.22,27.24,6689,4115,3589,True
60512,03/02/2021,16:48:32,81.3,17.55,2.26,40.0,13.47,2.91,39.46,13.47,0.0,0.0,27.2,29.83,74,0,11,0.1,17.63,142.18,2.93,27.2,27.21,6704,4115,3589,True
60527,03/02/2021,16:48:47,81.3,17.53,2.21,38.36,13.46,2.87,38.52,13.47,0.0,0.0,27.19,29.82,74,0,11,0.1,17.63,142.18,2.88,27.18,27.19,6915,4115,3589,True
60542,03/02/2021,16:49:02,81.3,17.51,2.19,38.36,13.47,2.85,38.22,13.46,0.0,0.0,27.18,29.82,74,0,11,0.1,17.63,142.18,2.81,27.18,27.18,6930,4115,3589,True
60557,03/02/2021,16:49:17,81.3,17.51,2.17,38.22,13.46,2.79,38.09,13.46,0.0,0.0,27.15,29.82,74,0,11,0.1,17.63,142.18,2.84,27.15,27.15,6945,4115,3589,True
60572,03/02/2021,16:49:32,81.3,17.63,2.14,37.41,13.46,2.82,38.12,13.46,0.0,0.0,27.14,29.82,74,0,11,0.1,17.63,142.18,2.83,27.14,27.14,6960,4115,3589,True
60587,03/02/2021,16:49:47,81.3,17.61,2.1,37.68,13.46,2.81,37.82,13.46,0.0,0.0,27.12,29.82,74,0,11,0.1,17.63,142.18,2.79,27.13,27.13,7171,4115,3589,True
60602,03/02/2021,16:50:02,81.3,17.71,2.12,37.41,13.46,2.78,37.41,13.46,0.0,0.0,27.11,29.82,74,0,11,0.1,17.63,142.18,2.8,27.11,27.12,7186,4115,3589,True
60617,03/02/2021,16:50:17,81.3,17.75,2.1,37.55,13.46,2.77,37.31,13.46,0.0,0.0,27.09,29.82,74,0,11,0.1,17.63,142.18,2.78,27.08,27.08,7201,4115,3589,True
60632,03/02/2021,16:50:32,81.2,17.79,2.13,37.95,13.46,2.79,37.14,13.46,0.0,0.0,27.06,29.82,74,0,11,0.1,17.63,142.18,2.81,27.06,27.06,7216,4115,3589,True
60647,03/02/2021,16:50:47,81.2,17.82,2.12,37.85,13.46,2.81,37.95,13.46,0.0,0.0,27.09,29.81,74,0,11,0.1,17.63,142.18,2.81,27.1,27.08,7427,4115,3589,True
60662,03/02/2021,16:51:02,81.3,17.72,2.11,37.82,13.46,2.8,37.28,13.46,0.0,0.0,27.11,29.82,74,0,11,0.1,17.63,142.18,2.79,27.1,27.1,7442,4115,3589,True
60677,03/02/2021,16:51:17,81.2,17.84,2.12,37.82,13.46,2.76,37.41,13.46,0.0,0.0,27.1,29.81,74,0,11,0.1,17.63,142.18,2.8,27.1,27.11,7457,4115,3589,True
60692,03/02/2021,16:51:32,81.2,17.9,2.1,37.14,13.46,2.81,37.82,13.46,0.0,0.0,27.11,29.8,74,0,11,0.1,17.63,142.18,2.77,27.1,27.1,7472,4115,3589,True
60707,03/02/2021,16:51:47,81.2,17.91,2.05,37.01,13.46,2.77,36.88,13.46,0.0,0.0,27.08,29.81,74,0,11,0.1,17.63,142.18,2.77,27.08,27.08,7683,4115,3589,True
60722,03/02/2021,16:52:02,81.2,17.95,2.01,36.2,13.46,2.7,36.34,13.46,0.0,0.0,27.1,29.8,74,0,11,0.11,17.64,142.19,2.72,27.1,27.09,7698,4115,3589,True
60737,03/02/2021,16:52:17,81.2,17.98,1.99,35.66,13.46,2.66,35.8,13.46,0.0,0.0,27.08,29.81,74,0,11,0.11,17.64,142.19,2.69,27.09,27.09,7713,4115,3589,True
60752,03/02/2021,16:52:32,81.2,18.03,1.98,35.8,13.46,2.64,35.53,13.46,0.0,0.0,27.06,29.8,74,0,11,0.11,17.64,142.19,2.64,27.06,27.06,7728,4115,3589,True
60767,03/02/2021,16:52:47,81.2,17.96,1.97,35.39,13.46,2.62,35.23,13.46,0.0,0.0,27.06,29.81,74,0,11,0.11,17.64,142.19,2.62,27.05,27.06,7939,4115,3589,True
60782,03/02/2021,16:53:02,81.2,18.02,1.9,34.32,13.46,2.59,34.72,13.46,0.0,0.0,27.08,29.8,74,0,11,0.11,17.64,142.19,2.61,27.08,27.08,7954,4115,3589,True
60797,03/02/2021,16:53:17,81.2,18.03,1.91,34.32,13.45,2.58,34.43,13.46,0.0,0.0,27.04,29.8,73,0,11,0.11,17.64,142.19,2.57,27.05,27.04,7969,4115,3589,True
60812,03/02/2021,16:53:32,81.2,17.89,1.91,34.29,13.45,2.55,34.29,13.45,0.0,0.0,27.03,29.8,74,0,11,0.11,17.64,142.19,2.55,27.04,27.05,7984,4115,3589,True
60827,03/02/2021,16:53:47,81.2,17.95,1.88,34.29,13.45,2.55,34.43,13.45,0.0,0.0,27.05,29.79,74,0,11,0.11,17.64,142.19,2.55,27.06,27.05,8195,4115,3589,True
60842,03/02/2021,16:54:02,81.2,17.95,1.89,33.75,13.45,2.53,34.29,13.45,0.0,0.0,27.05,29.8,73,0,11,0.11,17.64,142.19,2.53,27.04,27.05,8210,4115,3589,True
60857,03/02/2021,16:54:17,81.2,17.86,1.9,33.91,13.45,2.51,33.62,13.45,0.0,0.0,27.04,29.8,73,0,11,0.11,17.64,142.19,2.53,27.02,27.03,8225,4115,3589,True
60872,03/02/2021,16:54:32,81.2,17.79,1.89,33.62,13.44,2.51,33.75,13.45,0.0,0.0,27.02,29.79,74,0,11,0.11,17.64,142.19,2.47,27.03,27.02,8240,4115,3589,True
60887,03/02/2021,16:54:47,81.1,17.73,1.9,33.35,13.45,2.52,33.89,13.46,0.0,0.0,26.99,29.78,73,0,11,0.11,17.64,142.19,2.51,26.98,26.98,8451,4115,3589,True
60902,03/02/2021,16:55:02,81.1,17.74,1.89,33.62,13.45,2.51,33.89,13.45,0.0,0.0,26.95,29.78,73,0,11,0.11,17.64,142.19,2.51,26.96,26.95,8466,4115,3589,True
60917,03/02/2021,16:55:17,81.1,17.7,1.89,33.89,13.45,2.5,33.62,13.45,0.0,0.0,26.96,29.78,73,0,11,0.11,17.64,142.19,2.52,26.96,26.96,8481,4115,3589,True
60932,03/02/2021,16:55:32,81.1,17.65,1.89,33.49,13.45,2.5,33.75,13.45,0.0,0.0,26.97,29.79,73,0,11,0.11,17.64,142.19,2.53,26.96,26.97,8496,4115,3589,True
60947,03/02/2021,16:55:47,81.1,17.74,1.87,33.62,13.45,2.53,33.75,13.45,0.0,0.0,26.95,29.78,73,0,11,0.11,17.64,142.19,2.49,26.95,26.94,8707,4115,3589,True
60962,03/02/2021,16:56:02,81.1,17.82,1.9,34.18,13.46,2.51,33.75,13.45,0.0,0.0,26.89,29.77,73,0,11,0.11,17.64,142.19,2.53,26.89,26.9,8722,4115,3589,True
60977,03/02/2021,16:56:17,81.1,17.82,1.86,33.6,13.45,2.45,33.62,13.45,0.0,0.0,26.85,29.77,73,0,11,0.11,17.64,142.19,2.48,26.86,26.85,8737,4115,3589,True
60992,03/02/2021,16:56:32,80.9,17.77,1.86,33.35,13.45,2.47,33.08,13.45,0.0,0.0,26.86,29.78,73,0,11,0.11,17.64,142.19,2.46,26.84,26.86,8752,4115,3589,True
61007,03/02/2021,16:56:47,80.9,17.81,1.84,32.54,13.45,2.43,32.68,13.45,0.0,0.0,26.91,29.77,73,0,11,0.11,17.64,142.19,2.48,26.9,26.91,8963,4115,3589,True
61022,03/02/2021,16:57:02,80.9,17.92,1.83,32.41,13.45,2.41,32.52,13.44,0.0,0.0,26.92,29.76,73,0,11,0.11,17.64,142.19,2.42,26.92,26.92,8978,4115,3589,True
61037,03/02/2021,16:57:17,80.9,17.9,1.81,32.54,13.45,2.41,32.28,13.45,0.0,0.0,26.92,29.76,73,0,11,0.11,17.64,142.19,2.4,26.92,26.92,8993,4115,3589,True
61052,03/02/2021,16:57:32,80.9,18.03,1.79,32.54,13.45,2.4,32.41,13.45,0.0,0.0,26.93,29.75,73,0,11,0.11,17.64,142.19,2.43,26.95,26.94,9008,4115,3589,True
61067,03/02/2021,16:57:47,80.9,18.04,1.8,32.39,13.45,2.42,32.28,13.44,0.0,0.0,26.95,29.76,73,0,11,0.11,17.64,142.19,2.41,26.95,26.95,9219,4115,3589,True
61082,03/02/2021,16:58:02,80.8,18.04,1.78,32.25,13.45,2.4,32.25,13.44,0.0,0.0,26.89,29.76,73,0,11,0.11,17.64,142.19,2.38,26.9,26.9,9234,4115,3589,True
61097,03/02/2021,16:58:17,80.8,18.04,1.8,32.54,13.45,2.4,32.41,13.45,0.0,0.0,26.88,29.76,73,0,11,0.11,17.64,142.19,2.4,26.87,26.87,9249,4115,3589,True
61112,03/02/2021,16:58:32,80.8,17.93,1.78,32.28,13.45,2.38,31.74,13.45,0.0,0.0,26.91,29.75,73,0,11,0.11,17.64,142.19,2.38,26.9,26.91,9264,4115,3589,True
61127,03/02/2021,16:58:47,80.8,17.89,1.75,31.44,13.44,2.35,31.71,13.45,0.0,0.0,26.94,29.75,73,0,11,0.11,17.64,142.19,2.39,26.93,26.94,9475,4115,3589,True
61142,03/02/2021,16:59:02,80.8,17.8,1.76,31.06,13.45,2.33,31.33,13.44,0.0,0.0,26.94,29.75,73,0,11,0.11,17.64,142.19,2.31,26.94,26.94,9490,4115,3589,True
61157,03/02/2021,16:59:17,80.8,17.79,1.7,30.37,13.44,2.26,30.5,13.44,0.0,0.0,26.93,29.75,73,0,11,0.11,17.64,142.19,2.27,26.93,26.92,9505,4115,3589,True
61172,03/02/2021,16:59:32,80.8,17.68,1.67,30.1,13.44,2.23,29.83,13.44,0.0,0.0,26.96,29.75,73,0,11,0.11,17.64,142.19,2.22,26.95,26.95,9520,4115,3589,True
61187,03/02/2021,16:59:47,80.9,17.72,1.67,29.43,13.44,2.2,29.56,13.43,0.0,0.0,26.95,29.76,73,0,11,0.11,17.64,142.19,2.21,26.95,26.95,9731,4115,3589,True
61202,03/02/2021,17:00:02,80.9,17.87,1.6,28.62,13.44,2.16,29.16,13.44,0.0,0.0,26.94,29.74,73,0,11,0.11,17.64,142.19,2.15,26.93,26.93,9746,4115,3589,True
61217,03/02/2021,17:00:17,80.8,17.91,1.58,28.35,13.44,2.09,28.47,13.44,0.0,0.0,26.93,29.74,73,0,11,0.11,17.64,142.19,2.11,26.92,26.93,9761,4115,3589,True
61232,03/02/2021,17:00:32,80.8,17.93,1.56,28.08,13.43,2.07,27.82,13.43,0.0,0.0,26.87,29.73,73,0,11,0.11,17.64,142.19,2.07,26.88,26.88,9776,4115,3589,True
61247,03/02/2021,17:00:47,80.8,17.87,1.53,27.66,13.44,2.03,27.8,13.43,0.0,0.0,26.9,29.73,73,0,11,0.11,17.64,142.19,2.07,26.9,26.9,9987,4115,3589,True
61262,03/02/2021,17:01:02,80.8,17.85,1.55,27.66,13.43,2.08,27.66,13.43,0.0,0.0,26.9,29.74,73,0,11,0.11,17.64,142.19,2.06,26.9,26.89,10002,4115,3589,True
61277,03/02/2021,17:01:17,80.8,17.76,1.57,27.8,13.43,2.08,28.08,13.43,0.0,0.0,26.9,29.73,73,0,11,0.11,17.64,142.19,2.09,26.9,26.9,10017,4115,3589,True
61292,03/02/2021,17:01:32,80.7,17.8,1.56,28.08,13.43,2.1,27.95,13.44,0.0,0.0,26.89,29.73,72,0,11,0.11,17.64,142.19,2.1,26.88,26.88,10032,4115,3589,True
61307,03/02/2021,17:01:47,80.6,17.85,1.57,27.95,13.44,2.1,27.8,13.44,0.0,0.0,26.85,29.72,73,0,11,0.11,17.64,142.19,2.08,26.84,26.84,10243,4115,3589,True
61322,03/02/2021,17:02:02,80.6,17.79,1.56,28.08,13.44,2.1,27.93,13.44,0.0,0.0,26.82,29.72,72,0,11,0.11,17.64,142.19,2.07,26.82,26.82,10258,4115,3589,True
61337,03/02/2021,17:02:17,80.6,17.8,1.59,28.33,13.43,2.11,27.93,13.44,0.0,0.0,26.77,29.73,72,0,11,0.11,17.64,142.19,2.1,26.78,26.78,10273,4115,3589,True
61352,03/02/2021,17:02:32,80.6,17.8,1.56,27.8,13.43,2.09,27.93,13.44,0.0,0.0,26.81,29.71,72,0,11,0.11,17.64,142.19,2.08,26.8,26.81,10288,4115,3589,True
61367,03/02/2021,17:02:47,80.6,17.8,1.55,27.93,13.43,2.06,27.41,13.43,0.0,0.0,26.78,29.71,72,0,11,0.11,17.64,142.19,2.06,26.78,26.78,10499,4115,3589,True
61382,03/02/2021,17:03:02,80.6,17.76,1.53,27.26,13.43,2.06,27.39,13.43,0.0,0.0,26.78,29.71,72,0,11,0.11,17.64,142.19,2.07,26.78,26.78,10514,4115,3589,True
61397,03/02/2021,17:03:17,80.6,17.69,1.54,27.39,13.43,2.01,27.39,13.43,0.0,0.0,26.75,29.71,72,0,11,0.11,17.64,142.19,2.02,26.75,26.75,10529,4115,3589,True
61412,03/02/2021,17:03:32,80.6,17.45,1.58,27.12,13.43,2.02,27.26,13.43,0.0,0.0,26.79,29.7,72,0,11,0.11,17.64,142.19,2.03,26.78,26.79,10544,4115,3589,True
61427,03/02/2021,17:03:47,80.6,17.42,1.58,27.39,13.43,2.06,27.26,13.43,0.0,0.0,26.81,29.7,72,0,11,0.11,17.64,142.19,2.07,26.8,26.81,10755,4115,3589,True
61442,03/02/2021,17:04:02,80.6,17.45,1.56,27.26,13.43,2.03,27.12,13.43,0.0,0.0,26.8,29.7,72,0,11,0.11,17.64,142.19,2.02,26.81,26.81,10770,4115,3589,True
61457,03/02/2021,17:04:17,80.6,17.5,1.53,26.72,13.43,2.01,27.26,13.43,0.0,0.0,26.82,29.7,72,0,11,0.11,17.64,142.19,2.0,26.83,26.83,10785,4115,3589,True
61472,03/02/2021,17:04:32,80.6,17.49,1.52,26.72,13.43,2.02,26.99,13.43,0.0,0.0,26.84,29.69,72,0,11,0.11,17.64,142.19,2.03,26.84,26.84,10800,4115,3589,True
61487,03/02/2021,17:04:47,80.6,17.6,1.54,26.59,13.43,2.02,27.12,13.43,0.0,0.0,26.84,29.69,72,0,11,0.11,17.64,142.19,1.99,26.84,26.84,11011,4115,3589,True
61502,03/02/2021,17:05:02,80.6,17.61,1.52,26.86,13.43,2.01,26.86,13.42,0.0,0.0,26.85,29.69,72,0,11,0.11,17.64,142.19,2.03,26.85,26.85,11026,4115,3589,True
61517,03/02/2021,17:05:17,80.6,17.59,1.54,27.39,13.43,2.01,27.12,13.43,0.0,0.0,26.86,29.69,72,0,11,0.11,17.64,142.19,2.0,26.86,26.86,11041,4115,3589,True
61532,03/02/2021,17:05:32,80.6,17.57,1.52,26.86,13.43,2.0,27.26,13.43,0.0,0.0,26.87,29.7,72,0,11,0.11,17.64,142.19,2.01,26.87,26.88,11056,4115,3589,True
61547,03/02/2021,17:05:47,80.6,17.58,1.52,27.12,13.43,2.01,26.86,13.43,0.0,0.0,26.88,29.68,72,0,11,0.11,17.64,142.19,2.03,26.87,26.88,11267,4115,3589,True
61562,03/02/2021,17:06:02,80.6,17.63,1.53,26.86,13.42,2.0,26.72,13.43,0.0,0.0,26.86,29.69,72,0,11,0.11,17.64,142.19,1.97,26.86,26.85,11282,4115,3589,True
61577,03/02/2021,17:06:17,80.6,17.45,1.53,26.18,13.43,1.97,26.45,13.43,0.0,0.0,26.79,29.68,72,0,11,0.11,17.64,142.19,1.98,26.79,26.79,11297,4115,3589,True
61592,03/02/2021,17:06:32,80.6,17.38,1.48,25.78,13.42,1.94,26.18,13.43,0.0,0.0,26.81,29.67,72,0,11,0.11,17.64,142.19,1.96,26.81,26.82,11312,4115,3589,True
61607,03/02/2021,17:06:47,80.6,17.37,1.46,25.63,13.42,1.91,25.78,13.42,0.0,0.0,26.83,29.69,72,0,11,0.11,17.64,142.19,1.9,26.82,26.82,11523,4115,3589,True
61622,03/02/2021,17:07:02,80.6,17.25,1.45,25.22,13.43,1.84,24.69,13.43,0.0,0.0,26.77,29.67,72,0,11,0.11,17.64,142.19,1.88,26.77,26.77,11538,4115,3589,True
61637,03/02/2021,17:07:17,80.6,17.28,1.43,25.22,13.42,1.86,25.11,13.43,0.0,0.0,26.79,29.67,72,0,11,0.11,17.64,142.19,1.85,26.78,26.78,11553,4115,3589,True
61652,03/02/2021,17:07:32,80.6,17.17,1.43,24.57,13.42,1.82,24.71,13.42,0.0,0.0,26.76,29.66,72,0,11,0.11,17.64,142.19,1.85,26.76,26.76,11568,4115,3589,True
61667,03/02/2021,17:07:47,80.6,17.2,1.43,24.82,13.42,1.83,24.96,13.42,0.0,0.0,26.76,29.67,72,0,11,0.11,17.64,142.19,1.83,26.75,26.76,11779,4115,3589,True
61682,03/02/2021,17:08:02,80.6,17.16,1.43,24.3,13.42,1.81,24.57,13.42,0.0,0.0,26.79,29.66,72,0,11,0.11,17.64,142.19,1.83,26.79,26.78,11794,4115,3589,True
61697,03/02/2021,17:08:17,80.6,17.18,1.42,24.44,13.43,1.84,24.55,13.42,0.0,0.0,26.78,29.66,72,0,11,0.11,17.64,142.19,1.82,26.78,26.78,11809,4115,3589,True
61712,03/02/2021,17:08:32,80.6,17.25,1.43,24.42,13.42,1.83,24.55,13.42,0.0,0.0,26.77,29.65,72,0,11,0.11,17.64,142.19,1.82,26.79,26.79,11824,4115,3589,True
61727,03/02/2021,17:08:47,80.6,17.25,1.42,24.42,13.42,1.83,24.69,13.42,0.0,0.0,26.77,29.66,72,0,11,0.11,17.64,142.19,1.81,26.76,26.76,12035,4115,3589,True
61742,03/02/2021,17:09:02,80.6,17.23,1.38,24.15,13.42,1.81,24.02,13.42,0.0,0.0,26.78,29.65,72,0,11,0.11,17.64,142.19,1.81,26.77,26.77,12050,4115,3589,True
61757,03/02/2021,17:09:17,80.6,17.25,1.37,23.48,13.42,1.76,23.48,13.42,0.0,0.0,26.79,29.65,72,0,11,0.11,17.64,142.19,1.75,26.78,26.79,12065,4115,3589,True
61772,03/02/2021,17:09:32,80.6,17.21,1.34,23.21,13.42,1.74,23.33,13.42,0.0,0.0,26.76,29.64,72,0,11,0.11,17.64,142.19,1.73,26.76,26.77,12080,4115,3589,True
61787,03/02/2021,17:09:47,80.6,17.12,1.34,22.54,13.42,1.69,22.67,13.41,0.0,0.0,26.71,29.65,72,0,11,0.11,17.64,142.19,1.72,26.71,26.69,12291,4115,3589,True
61802,03/02/2021,17:10:02,80.5,17.21,1.3,22.66,13.41,1.66,22.26,13.41,0.0,0.0,26.65,29.64,71,0,11,0.11,17.64,142.19,1.68,26.65,26.65,12306,4115,3589,True
61817,03/02/2021,17:10:17,80.4,17.23,1.28,21.87,13.42,1.64,22.39,13.41,0.0,0.0,26.63,29.64,71,0,11,0.11,17.64,142.19,1.67,26.62,26.62,12321,4115,3589,True
61832,03/02/2021,17:10:32,80.4,17.19,1.28,21.59,13.41,1.62,21.87,13.41,0.0,0.0,26.63,29.64,71,0,11,0.11,17.64,142.19,1.61,26.63,26.63,12336,4115,3589,True
61847,03/02/2021,17:10:47,80.4,17.13,1.26,21.6,13.42,1.59,21.45,13.41,0.0,0.0,26.64,29.63,71,0,11,0.11,17.64,142.19,1.59,26.65,26.65,12547,4115,3589,True
61862,03/02/2021,17:11:02,80.4,17.06,1.25,21.32,13.41,1.6,21.45,13.4,0.0,0.0,26.67,29.63,71,0,11,0.11,17.64,142.19,1.58,26.68,26.68,12562,4115,3589,True
61877,03/02/2021,17:11:17,80.5,17.17,1.23,21.18,13.41,1.58,21.32,13.41,0.0,0.0,26.72,29.63,71,0,11,0.11,17.64,142.19,1.54,26.73,26.72,12577,4115,3589,True
61892,03/02/2021,17:11:32,80.5,17.23,1.19,20.65,13.41,1.54,21.05,13.41,0.0,0.0,26.74,29.63,71,0,11,0.11,17.64,142.19,1.56,26.74,26.75,12592,4115,3589,True
61907,03/02/2021,17:11:47,80.5,17.26,1.2,20.65,13.41,1.54,21.05,13.41,0.0,0.0,26.74,29.62,71,0,11,0.11,17.64,142.19,1.54,26.75,26.75,12803,4115,3589,True
61922,03/02/2021,17:12:02,80.5,17.25,1.18,20.24,13.41,1.53,20.24,13.41,0.0,0.0,26.72,29.62,71,0,11,0.11,17.64,142.19,1.52,26.71,26.71,12818,4115,3589,True
61937,03/02/2021,17:12:17,80.5,17.35,1.13,19.84,13.41,1.48,19.71,13.41,0.0,0.0,26.69,29.61,71,0,11,0.11,17.64,142.19,1.48,26.67,26.68,12833,4115,3589,True
61952,03/02/2021,17:12:32,80.5,17.37,1.12,19.84,13.41,1.48,19.71,13.41,0.0,0.0,26.67,29.62,71,0,11,0.11,17.64,142.19,1.46,26.67,26.66,12848,4115,3589,True
61967,03/02/2021,17:12:47,80.5,17.44,1.12,19.57,13.4,1.42,19.44,13.41,0.0,0.0,26.67,29.61,71,0,11,0.11,17.64,142.19,1.42,26.68,26.68,13059,4115,3589,True
61982,03/02/2021,17:13:02,80.5,17.45,1.07,18.89,13.41,1.42,19.02,13.4,0.0,0.0,26.69,29.6,71,0,11,0.11,17.64,142.19,1.42,26.68,26.69,13074,4115,3589,True
61997,03/02/2021,17:13:17,80.5,17.44,1.05,18.62,13.4,1.37,18.76,13.4,0.0,0.0,26.68,29.6,71,0,11,0.11,17.64,142.19,1.38,26.68,26.68,13089,4115,3589,True
62012,03/02/2021,17:13:32,80.4,17.36,1.08,18.35,13.4,1.34,18.35,13.4,0.0,0.0,26.65,29.6,71,0,11,0.12,17.65,142.2,1.34,26.65,26.65,13104,4115,3589,True
62027,03/02/2021,17:13:47,80.4,17.42,1.03,17.82,13.4,1.37,18.22,13.4,0.0,0.0,26.61,29.59,70,0,11,0.12,17.65,142.2,1.33,26.61,26.62,13315,4115,3589,True
62042,03/02/2021,17:14:02,80.4,17.37,1.05,18.09,13.4,1.39,18.35,13.4,0.0,0.0,26.6,29.59,70,0,11,0.12,17.65,142.2,1.36,26.6,26.6,13330,4115,3589,True
62057,03/02/2021,17:14:17,80.3,17.44,1.03,18.35,13.41,1.36,18.49,13.4,0.0,0.0,26.57,29.59,71,0,11,0.12,17.65,142.2,1.37,26.58,26.58,13345,4115,3589,True
62072,03/02/2021,17:14:32,80.3,17.42,1.05,18.49,13.4,1.37,17.95,13.4,0.0,0.0,26.63,29.6,71,0,11,0.12,17.65,142.2,1.35,26.63,26.63,13360,4115,3589,True
62087,03/02/2021,17:14:47,80.3,17.45,1.03,18.35,13.4,1.35,18.35,13.41,0.0,0.0,26.64,29.59,70,0,11,0.12,17.65,142.2,1.35,26.63,26.63,13571,4115,3589,True
62102,03/02/2021,17:15:02,80.3,17.37,1.05,18.35,13.4,1.36,18.22,13.4,0.0,0.0,26.66,29.58,71,0,11,0.12,17.65,142.2,1.36,26.66,26.66,13586,4115,3589,True
62117,03/02/2021,17:15:17,80.3,17.36,1.05,18.23,13.4,1.33,17.82,13.4,0.0,0.0,26.67,29.58,71,0,11,0.12,17.65,142.2,1.35,26.66,26.66,13601,4115,3589,True
62132,03/02/2021,17:15:32,80.3,17.46,1.04,17.68,13.4,1.35,18.35,13.4,0.0,0.0,26.63,29.58,70,0,11,0.12,17.65,142.2,1.35,26.63,26.63,13616,4115,3589,True
62147,03/02/2021,17:15:47,80.2,17.41,1.03,17.96,13.4,1.31,17.68,13.4,0.0,0.0,26.62,29.58,70,0,11,0.12,17.65,142.2,1.35,26.61,26.61,13827,4115,3589,True
62162,03/02/2021,17:16:02,80.2,17.4,1.01,17.67,13.4,1.34,17.55,13.4,0.0,0.0,26.62,29.58,70,0,11,0.12,17.65,142.2,1.31,26.63,26.62,13842,4115,3589,True
62177,03/02/2021,17:16:17,80.2,17.4,1.03,17.95,13.4,1.34,17.94,13.4,0.0,0.0,26.65,29.57,70,0,11,0.12,17.65,142.2,1.31,26.66,26.65,13857,4115,3589,True
62192,03/02/2021,17:16:32,80.3,17.35,1.01,17.42,13.4,1.32,17.55,13.4,0.0,0.0,26.66,29.58,70,0,11,0.12,17.65,142.2,1.31,26.66,26.64,13872,4115,3589,True
62207,03/02/2021,17:16:47,80.3,17.46,0.99,17.01,13.39,1.29,17.15,13.4,0.0,0.0,26.66,29.57,70,0,11,0.12,17.65,142.2,1.28,26.65,26.64,14083,4115,3589,True
62222,03/02/2021,17:17:02,80.3,17.48,0.96,16.88,13.4,1.27,17.15,13.39,0.0,0.0,26.65,29.56,70,0,11,0.12,17.65,142.2,1.26,26.65,26.66,14098,4115,3589,True
62237,03/02/2021,17:17:17,80.3,17.47,0.96,16.73,13.4,1.24,16.75,13.4,0.0,0.0,26.64,29.57,70,0,11,0.12,17.65,142.2,1.23,26.64,26.64,14113,4115,3589,True
62252,03/02/2021,17:17:32,80.2,17.14,0.94,16.21,13.4,1.22,16.6,13.39,0.0,0.0,26.61,29.56,70,0,11,0.12,17.65,142.2,1.2,26.6,26.62,14128,4115,3589,True
62267,03/02/2021,17:17:47,80.2,15.53,0.97,15.26,13.39,1.12,15.13,13.39,0.0,0.0,26.61,29.55,70,0,11,0.12,17.65,142.2,1.11,26.61,26.62,14339,4115,3589,True
62282,03/02/2021,17:18:02,80.2,14.2,0.98,13.79,13.39,1.01,13.52,13.39,0.0,0.0,26.58,29.55,69,0,11,0.12,17.65,142.2,1.05,26.58,26.58,14354,4115,3589,True
62297,03/02/2021,17:18:17,80.2,14.2,0.97,13.78,13.39,1.02,13.39,13.39,0.0,0.0,26.58,29.55,70,0,11,0.12,17.65,142.2,1.02,26.59,26.58,14369,4115,3589,True
62312,03/02/2021,17:18:32,80.2,14.2,0.96,13.78,13.38,0.99,13.51,13.39,0.0,0.0,26.56,29.53,70,0,11,0.12,17.65,142.2,1.03,26.56,26.56,14384,4115,3589,True
62327,03/02/2021,17:18:47,80.2,14.19,0.93,13.12,13.39,1.0,13.39,13.38,0.0,0.0,26.57,29.53,70,0,11,0.12,17.65,142.2,1.0,26.57,26.57,14595,4115,3589,True
62342,03/02/2021,17:19:02,80.2,14.19,0.94,13.12,13.39,0.97,13.24,13.39,0.0,0.0,26.59,29.52,69,0,11,0.12,17.65,142.2,1.0,26.58,26.59,14610,4115,3589,True
62357,03/02/2021,17:19:17,80.2,14.19,0.9,12.98,13.38,0.95,12.98,13.38,0.0,0.0,26.57,29.51,70,0,11,0.12,17.65,142.2,0.98,26.58,26.57,14625,4115,3589,True
62372,03/02/2021,17:19:32,80.2,14.19,0.93,12.85,13.39,0.96,12.97,13.39,0.0,0.0,26.56,29.51,70,0,11,0.12,17.65,142.2,1.0,26.57,26.56,14640,4115,3589,True
62387,03/02/2021,17:19:47,80.0,14.2,0.89,12.71,13.38,0.96,13.11,13.39,0.0,0.0,26.55,29.51,69,0,11,0.12,17.65,142.2,0.97,26.55,26.56,14851,4115,3589,True
62402,03/02/2021,17:20:02,80.0,14.19,0.9,12.84,13.39,0.98,12.85,13.38,0.0,0.0,26.54,29.49,69,0,11,0.12,17.65,142.2,0.93,26.54,26.54,14866,4115,3589,True
62417,03/02/2021,17:20:17,80.0,14.19,0.91,13.25,13.38,0.96,12.97,13.38,0.0,0.0,26.56,29.49,69,0,11,0.12,17.65,142.2,1.0,26.56,26.56,14881,4115,3589,True
62432,03/02/2021,17:20:32,80.0,14.2,0.92,12.85,13.39,0.99,12.97,13.38,0.0,0.0,26.56,29.5,69,0,11,0.12,17.65,142.2,0.96,26.56,26.57,14896,4115,3589,True
62447,03/02/2021,17:20:47,80.0,14.19,0.91,13.25,13.38,0.98,12.84,13.38,0.0,0.0,26.6,29.48,69,0,11,0.12,17.65,142.2,0.95,26.58,26.6,15107,4115,3589,True
62462,03/02/2021,17:21:02,80.0,14.19,0.95,13.52,13.39,1.01,13.39,13.39,0.0,0.0,26.6,29.48,70,0,11,0.12,17.65,142.2,1.01,26.59,26.59,15122,4115,3589,True
62477,03/02/2021,17:21:17,79.9,14.19,0.97,13.52,13.39,1.0,13.39,13.38,0.0,0.0,26.56,29.48,69,0,11,0.12,17.65,142.2,1.02,26.58,26.58,15137,4115,3589,True
62492,03/02/2021,17:21:32,79.9,14.19,0.94,13.25,13.39,1.02,13.11,13.39,0.0,0.0,26.56,29.48,70,0,11,0.12,17.65,142.2,0.99,26.57,26.57,15152,4115,3589,True
62507,03/02/2021,17:21:47,79.9,14.19,0.93,13.24,13.38,1.01,13.12,13.38,0.0,0.0,26.56,29.47,69,0,11,0.12,17.65,142.2,0.99,26.56,26.57,3,4116,3589,True
62522,03/02/2021,17:22:02,80.0,14.19,0.94,13.78,13.38,1.04,13.25,13.38,0.0,0.0,26.52,29.46,69,0,11,0.12,17.65,142.2,1.0,26.53,26.53,18,4116,3589,True
62537,03/02/2021,17:22:17,79.9,14.2,0.96,13.64,13.38,1.02,13.64,13.38,0.0,0.0,26.5,29.46,70,0,11,0.12,17.65,142.2,1.02,26.5,26.51,33,4116,3589,True
62552,03/02/2021,17:22:32,79.9,14.21,0.96,13.39,13.39,1.03,13.51,13.38,0.0,0.0,26.48,29.46,69,0,11,0.12,17.65,142.2,1.03,26.49,26.49,48,4116,3589,True
62567,03/02/2021,17:22:47,79.8,14.18,0.95,13.91,13.38,1.01,13.52,13.38,0.0,0.0,26.47,29.45,69,0,11,0.12,17.65,142.2,1.0,26.47,26.47,259,4116,3589,True
62582,03/02/2021,17:23:02,79.9,14.18,0.94,13.38,13.38,0.99,13.24,13.39,0.0,0.0,26.48,29.45,69,0,11,0.12,17.65,142.2,1.0,26.48,26.48,274,4116,3589,True
62597,03/02/2021,17:23:17,79.9,14.2,0.95,13.51,13.39,1.01,13.51,13.38,0.0,0.0,26.48,29.45,69,0,11,0.12,17.65,142.2,1.01,26.48,26.47,289,4116,3589,True
62612,03/02/2021,17:23:32,79.8,14.18,0.92,13.24,13.39,0.98,13.38,13.38,0.0,0.0,26.46,29.44,69,0,11,0.12,17.65,142.2,1.01,26.46,26.46,304,4116,3589,True
62627,03/02/2021,17:23:47,79.8,14.18,0.9,12.57,13.38,0.99,12.84,13.38,0.0,0.0,26.44,29.45,69,0,11,0.12,17.65,142.2,0.95,26.44,26.44,515,4116,3589,True
62642,03/02/2021,17:24:02,79.8,14.19,0.88,12.44,13.38,0.93,12.44,13.38,0.0,0.0,26.43,29.43,69,0,11,0.12,17.65,142.2,0.97,26.41,26.42,530,4116,3589,True
62657,03/02/2021,17:24:17,79.8,14.18,0.88,12.57,13.37,0.93,12.17,13.38,0.0,0.0,26.41,29.43,69,0,11,0.12,17.65,142.2,0.91,26.43,26.42,545,4116,3589,True
62672,03/02/2021,17:24:32,79.8,14.19,0.85,12.71,13.38,0.93,12.44,13.38,0.0,0.0,26.41,29.42,69,0,11,0.12,17.65,142.2,0.92,26.42,26.41,560,4116,3589,True
62687,03/02/2021,17:24:47,79.8,14.18,0.86,12.17,13.38,0.88,12.3,13.38,0.0,0.0,26.38,29.43,69,0,11,0.12,17.65,142.2,0.9,26.37,26.38,771,4116,3589,True
62702,03/02/2021,17:25:02,79.8,14.18,0.83,12.04,13.38,0.93,12.3,13.38,0.0,0.0,26.3,29.41,69,0,11,0.12,17.65,142.2,0.91,26.31,26.31,786,4116,3589,True
62717,03/02/2021,17:25:17,79.8,14.2,0.84,11.9,13.38,0.92,12.3,13.38,0.0,0.0,26.3,29.42,69,0,11,0.12,17.65,142.2,0.9,26.31,26.31,801,4116,3589,True
62732,03/02/2021,17:25:32,79.8,14.2,0.83,12.17,13.38,0.88,12.17,13.38,0.0,0.0,26.26,29.41,69,0,11,0.12,17.65,142.2,0.92,26.27,26.26,816,4116,3589,True
62747,03/02/2021,17:25:47,79.8,14.19,0.85,12.04,13.38,0.92,12.04,13.38,0.0,0.0,26.3,29.41,69,0,11,0.12,17.65,142.2,0.91,26.29,26.3,1027,4116,3589,True
62762,03/02/2021,17:26:02,79.8,14.19,0.85,12.3,13.38,0.91,12.03,13.38,0.0,0.0,26.29,29.41,69,0,11,0.12,17.65,142.2,0.88,26.29,26.28,1042,4116,3589,True
62777,03/02/2021,17:26:17,79.8,14.19,0.82,12.16,13.38,0.86,11.9,13.37,0.0,0.0,26.31,29.4,69,0,11,0.12,17.65,142.2,0.87,26.31,26.3,1057,4116,3589,True
62792,03/02/2021,17:26:32,79.8,19.86,0.12,2.53,13.36,0.2,2.26,13.36,0.0,0.0,26.3,29.39,69,0,11,0.12,17.65,142.2,0.16,26.3,26.3,1072,4116,3589,True
62807,03/02/2021,17:26:47,79.8,19.98,0.04,0.66,13.35,0.04,0.8,13.35,0.0,0.0,26.24,29.39,68,0,11,0.12,17.65,142.2,0.05,26.25,26.24,1283,4116,3589,True
62822,03/02/2021,17:27:02,79.7,19.96,0.03,1.06,13.35,0.06,0.66,13.35,0.0,0.0,26.2,29.38,68,0,11,0.12,17.65,142.2,0.07,26.19,26.19,1298,4116,3589,True
62837,03/02/2021,17:27:17,79.7,19.81,0.13,2.8,13.35,0.22,2.93,13.36,0.0,0.0,26.22,29.38,68,0,11,0.12,17.65,142.2,0.2,26.22,26.21,1313,4116,3589,True
62852,03/02/2021,17:27:32,79.7,19.79,0.14,3.2,13.35,0.24,2.93,13.35,0.0,0.0,26.22,29.37,68,0,11,0.12,17.65,142.2,0.25,26.23,26.22,1328,4116,3589,True
62867,03/02/2021,17:27:47,79.7,19.79,0.16,2.93,13.35,0.23,2.93,13.35,0.0,0.0,26.26,29.37,68,0,11,0.12,17.65,142.2,0.23,26.25,26.25,1539,4116,3589,True
62882,03/02/2021,17:28:02,79.7,17.58,0.74,12.96,13.37,0.96,13.24,13.37,0.0,0.0,26.26,29.36,69,0,11,0.12,17.65,142.2,0.98,26.25,26.25,1554,4116,3589,True
62897,03/02/2021,17:28:17,79.7,14.99,0.77,11.63,13.37,0.89,11.48,13.36,0.0,0.0,26.24,29.36,69,0,11,0.12,17.65,142.2,0.86,26.25,26.26,1569,4116,3589,True
62912,03/02/2021,17:28:32,79.7,16.53,0.76,12.3,13.37,0.92,12.57,13.37,0.0,0.0,26.28,29.36,69,0,11,0.12,17.65,142.2,0.94,26.29,26.29,1584,4116,3589,True
62927,03/02/2021,17:28:47,79.7,15.08,0.76,11.76,13.37,0.88,11.76,13.37,0.0,0.0,26.28,29.39,68,0,11,0.12,17.65,142.2,0.88,26.28,26.27,1795,4116,3589,True
62942,03/02/2021,17:29:02,79.7,14.46,0.74,10.96,13.37,0.82,11.36,13.37,0.0,0.0,26.26,29.38,69,0,11,0.12,17.65,142.2,0.83,26.27,26.26,1810,4116,3589,True
62957,03/02/2021,17:29:17,79.7,14.47,0.74,10.82,13.37,0.83,10.96,13.37,0.0,0.0,26.25,29.39,69,0,11,0.12,17.65,142.2,0.82,26.24,26.25,1825,4116,3589,True
62972,03/02/2021,17:29:32,79.6,14.47,0.76,11.09,13.37,0.83,10.95,13.36,0.0,0.0,26.24,29.39,69,0,11,0.12,17.65,142.2,0.8,26.24,26.24,1840,4116,3589,True
62987,03/02/2021,17:29:47,79.6,14.47,0.72,10.69,13.37,0.8,11.09,13.37,0.0,0.0,26.24,29.41,69,0,11,0.12,17.65,142.2,0.83,26.23,26.24,2051,4116,3589,True
63002,03/02/2021,17:30:02,79.7,14.45,0.75,10.95,13.37,0.81,10.82,13.36,0.0,0.0,26.28,29.41,68,0,11,0.12,17.65,142.2,0.8,26.27,26.28,2066,4116,3589,True
63017,03/02/2021,17:30:17,79.7,14.46,0.76,11.09,13.37,0.82,10.82,13.36,0.0,0.0,26.26,29.41,69,0,11,0.12,17.65,142.2,0.8,26.26,26.26,2081,4116,3589,True
63032,03/02/2021,17:30:32,79.6,14.45,0.73,10.69,13.36,0.81,10.95,13.37,0.0,0.0,26.26,29.41,69,0,11,0.12,17.65,142.2,0.8,26.25,26.26,2096,4116,3589,True
63047,03/02/2021,17:30:47,79.6,14.45,0.73,10.69,13.36,0.82,10.68,13.37,0.0,0.0,26.24,29.41,69,0,11,0.12,17.65,142.2,0.8,26.23,26.24,2307,4116,3589,True
63062,03/02/2021,17:31:02,79.6,14.46,0.72,10.56,13.37,0.79,10.82,13.36,0.0,0.0,26.22,29.42,69,0,11,0.12,17.65,142.2,0.77,26.22,26.22,2322,4116,3589,True
63077,03/02/2021,17:31:17,79.6,14.45,0.72,10.55,13.37,0.81,10.42,13.37,0.0,0.0,26.24,29.42,69,0,11,0.12,17.65,142.2,0.8,26.23,26.23,2337,4116,3589,True
63092,03/02/2021,17:31:32,79.6,14.45,0.73,10.16,13.37,0.76,10.55,13.36,0.0,0.0,26.2,29.42,68,0,11,0.12,17.65,142.2,0.79,26.22,26.21,2352,4116,3589,True
63107,03/02/2021,17:31:47,79.6,14.45,0.71,10.29,13.36,0.75,10.42,13.36,0.0,0.0,26.23,29.43,69,0,11,0.12,17.65,142.2,0.76,26.23,26.22,2563,4116,3589,True
63122,03/02/2021,17:32:02,79.6,14.45,0.72,10.15,13.36,0.79,10.15,13.36,0.0,0.0,26.21,29.43,68,0,11,0.12,17.65,142.2,0.75,26.2,26.22,2578,4116,3589,True
63137,03/02/2021,17:32:17,79.6,14.45,0.7,10.16,13.36,0.77,10.15,13.36,0.0,0.0,26.22,29.43,68,0,11,0.12,17.65,142.2,0.77,26.21,26.22,2593,4116,3589,True
63152,03/02/2021,17:32:32,79.6,14.45,0.68,9.88,13.37,0.78,10.42,13.36,0.0,0.0,26.18,29.43,68,0,11,0.12,17.65,142.2,0.77,26.18,26.19,2608,4116,3589,True
63167,03/02/2021,17:32:47,79.5,14.45,0.7,10.15,13.36,0.77,10.15,13.37,0.0,0.0,26.18,29.43,69,0,11,0.12,17.65,142.2,0.74,26.18,26.17,2819,4116,3589,True
63182,03/02/2021,17:33:02,79.5,14.45,0.68,10.02,13.36,0.77,10.02,13.36,0.0,0.0,26.19,29.43,68,0,11,0.12,17.65,142.2,0.76,26.2,26.2,2834,4116,3589,True
63197,03/02/2021,17:33:17,79.5,14.45,0.71,10.28,13.36,0.75,10.15,13.36,0.0,0.0,26.21,29.44,68,0,11,0.12,17.65,142.2,0.75,26.2,26.2,2849,4116,3589,True
63212,03/02/2021,17:33:32,79.5,14.45,0.68,9.75,13.36,0.75,10.02,13.36,0.0,0.0,26.18,29.43,68,0,11,0.12,17.65,142.2,0.76,26.18,26.18,2864,4116,3589,True
63227,03/02/2021,17:33:47,79.5,14.45,0.7,10.02,13.36,0.74,10.02,13.36,0.0,0.0,26.14,29.44,68,0,11,0.12,17.65,142.2,0.74,26.15,26.15,3075,4116,3589,True
63242,03/02/2021,17:34:02,79.5,14.45,0.67,9.75,13.36,0.72,9.88,13.36,0.0,0.0,26.13,29.43,68,0,11,0.12,17.65,142.2,0.74,26.13,26.14,3090,4116,3589,True
63257,03/02/2021,17:34:17,79.4,14.45,0.67,9.75,13.36,0.72,10.02,13.36,0.0,0.0,26.12,29.43,69,0,11,0.12,17.65,142.2,0.72,26.11,26.12,3105,4116,3589,True
63272,03/02/2021,17:34:32,79.4,14.45,0.67,9.75,13.36,0.72,9.61,13.36,0.0,0.0,26.09,29.44,68,0,11,0.12,17.65,142.2,0.73,26.1,26.09,3120,4116,3589,True
63287,03/02/2021,17:34:47,79.4,14.45,0.65,10.15,13.36,0.75,9.88,13.36,0.0,0.0,26.13,29.43,68,0,11,0.12,17.65,142.2,0.73,26.13,26.13,3331,4116,3589,True
63302,03/02/2021,17:35:02,79.4,14.45,0.7,10.15,13.37,0.75,9.88,13.36,0.0,0.0,26.13,29.43,68,0,11,0.12,17.65,142.2,0.73,26.13,26.13,3346,4116,3589,True
63317,03/02/2021,17:35:17,79.4,14.44,0.65,9.88,13.37,0.73,9.88,13.36,0.0,0.0,26.13,29.44,68,0,11,0.12,17.65,142.2,0.75,26.13,26.13,3361,4116,3589,True
63332,03/02/2021,17:35:32,79.4,14.45,0.7,9.88,13.36,0.71,9.61,13.36,0.0,0.0,26.12,29.44,68,0,11,0.12,17.65,142.2,0.73,26.11,26.11,3376,4116,3589,True
63347,03/02/2021,17:35:47,79.4,14.45,0.66,9.75,13.36,0.75,9.88,13.36,0.0,0.0,26.13,29.43,68,0,11,0.12,17.65,142.2,0.73,26.14,26.13,3587,4116,3589,True
63362,03/02/2021,17:36:02,79.4,14.44,0.68,9.88,13.36,0.74,10.02,13.36,0.0,0.0,26.16,29.43,68,0,11,0.12,17.65,142.2,0.73,26.16,26.16,3602,4116,3589,True
63377,03/02/2021,17:36:17,79.4,14.44,0.67,9.75,13.36,0.75,9.61,13.36,0.0,0.0,26.13,29.43,68,0,11,0.12,17.65,142.2,0.74,26.14,26.14,3617,4116,3589,True
63392,03/02/2021,17:36:32,79.4,14.45,0.68,9.88,13.36,0.73,9.87,13.36,0.0,0.0,26.1,29.43,68,0,11,0.12,17.65,142.2,0.76,26.1,26.09,3632,4116,3589,True
63407,03/02/2021,17:36:47,79.4,14.44,0.65,9.75,13.36,0.75,9.61,13.36,0.0,0.0,26.1,29.42,68,0,11,0.12,17.65,142.2,0.72,26.09,26.09,3843,4116,3589,True
63422,03/02/2021,17:37:02,79.4,14.45,0.66,9.61,13.36,0.73,9.88,13.36,0.0,0.0,26.09,29.42,68,0,11,0.12,17.65,142.2,0.74,26.09,26.1,3858,4116,3589,True
63437,03/02/2021,17:37:17,79.4,14.45,0.64,9.21,13.36,0.71,9.48,13.36,0.0,0.0,26.07,29.42,68,0,11,0.12,17.65,142.2,0.72,26.07,26.06,3873,4116,3589,True
63452,03/02/2021,17:37:32,79.4,14.44,0.66,9.34,13.36,0.7,9.75,13.36,0.0,0.0,26.05,29.43,68,0,11,0.12,17.65,142.2,0.73,26.03,26.04,3888,4116,3589,True
63467,03/02/2021,17:37:47,79.4,14.44,0.63,9.21,13.36,0.72,9.48,13.36,0.0,0.0,26.06,29.42,67,0,11,0.12,17.65,142.2,0.71,26.06,26.05,4099,4116,3589,True
63482,03/02/2021,17:38:02,79.4,14.44,0.65,9.35,13.36,0.69,9.48,13.35,0.0,0.0,26.05,29.42,68,0,11,0.12,17.65,142.2,0.7,26.05,26.05,4114,4116,3589,True
63497,03/02/2021,17:38:17,79.4,14.42,0.63,9.21,13.36,0.71,9.48,13.36,0.0,0.0,26.05,29.42,68,0,11,0.12,17.65,142.2,0.67,26.03,26.03,4129,4116,3589,True
63512,03/02/2021,17:38:32,79.4,14.42,0.62,9.21,13.35,0.68,8.81,13.36,0.0,0.0,26.03,29.42,68,0,11,0.12,17.65,142.2,0.67,26.02,26.02,4144,4116,3589,True
63527,03/02/2021,17:38:47,79.2,14.42,0.62,8.67,13.36,0.66,8.67,13.35,0.0,0.0,26.02,29.41,68,0,11,0.12,17.65,142.2,0.65,26.03,26.02,4355,4116,3589,True
63542,03/02/2021,17:39:02,79.2,14.42,0.6,8.81,13.36,0.66,8.55,13.35,0.0,0.0,26.02,29.41,68,0,11,0.12,17.65,142.2,0.66,26.02,26.03,4370,4116,3589,True
63557,03/02/2021,17:39:17,79.2,14.42,0.59,8.41,13.35,0.62,8.41,13.35,0.0,0.0,26.01,29.42,68,0,11,0.12,17.65,142.2,0.66,26.01,26.01,4385,4116,3589,True
63572,03/02/2021,17:39:32,79.2,14.42,0.56,8.55,13.36,0.62,8.55,13.35,0.0,0.0,26.0,29.41,67,0,11,0.12,17.65,142.2,0.65,25.99,26.0,4400,4116,3589,True
63587,03/02/2021,17:39:47,79.2,14.41,0.57,8.28,13.35,0.61,8.01,13.35,0.0,0.0,25.99,29.41,68,0,11,0.12,17.65,142.2,0.63,26.0,26.0,4611,4116,3589,True
63602,03/02/2021,17:40:02,79.2,14.41,0.57,8.67,13.35,0.62,8.68,13.36,0.0,0.0,26.0,29.4,67,0,11,0.12,17.65,142.2,0.61,26.0,26.0,4626,4116,3589,True
63617,03/02/2021,17:40:17,79.2,14.41,0.57,8.27,13.35,0.61,8.41,13.35,0.0,0.0,26.02,29.4,68,0,11,0.12,17.65,142.2,0.62,26.02,26.01,4641,4116,3589,True
63632,03/02/2021,17:40:32,79.1,14.41,0.58,8.27,13.36,0.64,8.54,13.35,0.0,0.0,26.0,29.4,67,0,11,0.12,17.65,142.2,0.64,26.0,25.99,4656,4116,3589,True
63647,03/02/2021,17:40:47,79.1,14.41,0.59,8.27,13.35,0.63,8.41,13.35,0.0,0.0,26.0,29.4,67,0,11,0.12,17.65,142.2,0.63,26.01,26.0,4867,4116,3589,True
63662,03/02/2021,17:41:02,79.1,14.41,0.58,8.41,13.35,0.6,8.01,13.36,0.0,0.0,26.03,29.39,67,0,11,0.12,17.65,142.2,0.61,26.02,26.02,4882,4116,3589,True
63677,03/02/2021,17:41:17,79.2,14.42,0.58,8.27,13.35,0.63,8.28,13.35,0.0,0.0,26.03,29.39,67,0,11,0.12,17.65,142.2,0.61,26.03,26.03,4897,4116,3589,True
63692,03/02/2021,17:41:32,79.1,14.42,0.57,8.14,13.35,0.61,8.14,13.35,0.0,0.0,26.03,29.39,67,0,11,0.12,17.65,142.2,0.64,26.02,26.03,4912,4116,3589,True
63707,03/02/2021,17:41:47,79.1,14.4,0.5,7.47,13.35,0.55,7.07,13.35,0.0,0.0,26.02,29.4,67,0,11,0.12,17.65,142.2,0.53,26.01,26.02,5123,4116,3589,True
63722,03/02/2021,17:42:02,79.1,14.41,0.57,8.14,13.35,0.62,7.74,13.35,0.0,0.0,26.02,29.38,67,0,11,0.12,17.65,142.2,0.62,26.01,26.01,5138,4116,3589,True
63737,03/02/2021,17:42:17,79.1,14.42,0.56,8.14,13.35,0.6,8.27,13.35,0.0,0.0,26.0,29.38,67,0,11,0.12,17.65,142.2,0.62,26.0,26.0,5153,4116,3589,True
63752,03/02/2021,17:42:32,79.1,14.41,0.54,7.74,13.35,0.58,7.74,13.35,0.0,0.0,25.99,29.38,67,0,11,0.12,17.65,142.2,0.6,25.99,25.99,5168,4116,3589,True
63767,03/02/2021,17:42:47,79.1,14.41,0.55,8.27,13.35,0.62,8.01,13.35,0.0,0.0,25.97,29.37,67,0,11,0.12,17.65,142.2,0.58,25.96,25.95,5379,4116,3589,True
63782,03/02/2021,17:43:02,79.1,14.41,0.54,8.14,13.35,0.61,7.87,13.35,0.0,0.0,25.94,29.37,67,0,11,0.12,17.65,142.2,0.61,25.95,25.94,5394,4116,3589,True
63797,03/02/2021,17:43:17,79.1,14.4,0.54,7.74,13.35,0.6,8.01,13.35,0.0,0.0,25.91,29.37,67,0,11,0.12,17.65,142.2,0.58,25.91,25.91,5409,4116,3589,True
63812,03/02/2021,17:43:32,79.1,14.41,0.56,8.41,13.35,0.6,8.01,13.35,0.0,0.0,25.88,29.37,67,0,11,0.12,17.65,142.2,0.61,25.88,25.89,5424,4116,3589,True
63827,03/02/2021,17:43:47,79.1,14.41,0.56,8.27,13.35,0.63,8.41,13.35,0.0,0.0,25.87,29.36,67,0,11,0.12,17.65,142.2,0.63,25.87,25.87,5635,4116,3589,True
63842,03/02/2021,17:44:02,79.1,14.41,0.57,8.41,13.35,0.61,8.27,13.35,0.0,0.0,25.85,29.36,67,0,11,0.12,17.65,142.2,0.64,25.85,25.85,5650,4116,3589,True
63857,03/02/2021,17:44:17,79.1,14.41,0.58,7.74,13.35,0.62,7.87,13.35,0.0,0.0,25.88,29.36,67,0,11,0.12,17.65,142.2,0.63,25.88,25.88,5665,4116,3589,True
63872,03/02/2021,17:44:32,79.1,14.41,0.53,8.01,13.35,0.6,8.01,13.35,0.0,0.0,25.88,29.36,67,0,11,0.12,17.65,142.2,0.58,25.88,25.88,5680,4116,3589,True
63887,03/02/2021,17:44:47,79.1,14.4,0.54,8.0,13.35,0.59,7.87,13.35,0.0,0.0,25.86,29.35,67,0,11,0.12,17.65,142.2,0.6,25.86,25.86,5891,4116,3589,True
63902,03/02/2021,17:45:02,79.0,14.39,0.53,7.87,13.35,0.58,8.01,13.35,0.0,0.0,25.85,29.35,67,0,11,0.12,17.65,142.2,0.56,25.85,25.84,5906,4116,3589,True
63917,03/02/2021,17:45:17,79.0,14.39,0.51,7.47,13.35,0.57,7.47,13.35,0.0,0.0,25.85,29.35,67,0,11,0.12,17.65,142.2,0.57,25.85,25.84,5921,4116,3589,True
63932,03/02/2021,17:45:32,79.0,14.39,0.52,7.47,13.34,0.59,7.87,13.35,0.0,0.0,25.84,29.35,67,0,11,0.12,17.65,142.2,0.57,25.85,25.84,5936,4116,3589,True
63947,03/02/2021,17:45:47,79.0,14.39,0.52,7.87,13.35,0.57,7.6,13.35,0.0,0.0,25.85,29.36,67,0,11,0.12,17.65,142.2,0.58,25.85,25.85,6147,4116,3589,True
63962,03/02/2021,17:46:02,79.0,14.39,0.51,7.47,13.35,0.58,7.74,13.34,0.0,0.0,25.84,29.35,67,0,11,0.12,17.65,142.2,0.56,25.84,25.84,6162,4116,3589,True
63977,03/02/2021,17:46:17,79.0,14.4,0.51,7.74,13.35,0.56,7.34,13.35,0.0,0.0,25.84,29.34,67,0,11,0.12,17.65,142.2,0.54,25.84,25.84,6177,4116,3589,True
63992,03/02/2021,17:46:32,79.0,14.39,0.5,7.74,13.34,0.57,7.74,13.34,0.0,0.0,25.85,29.33,67,0,11,0.12,17.65,142.2,0.54,25.85,25.85,6192,4116,3589,True
64007,03/02/2021,17:46:47,78.9,14.4,0.52,7.47,13.34,0.58,7.6,13.35,0.0,0.0,25.83,29.33,67,0,11,0.12,17.65,142.2,0.58,25.84,25.84,6403,4116,3589,True
64022,03/02/2021,17:47:02,78.9,14.38,0.51,7.6,13.35,0.54,7.6,13.35,0.0,0.0,25.84,29.33,67,0,11,0.12,17.65,142.2,0.55,25.84,25.84,6418,4116,3589,True
64037,03/02/2021,17:47:17,78.8,14.38,0.5,7.47,13.35,0.57,7.6,13.35,0.0,0.0,25.82,29.33,67,0,11,0.12,17.65,142.2,0.53,25.83,25.82,6433,4116,3589,True
64052,03/02/2021,17:47:32,78.8,14.38,0.51,7.34,13.34,0.56,7.47,13.34,0.0,0.0,25.79,29.32,67,0,11,0.12,17.65,142.2,0.54,25.8,25.79,6448,4116,3589,True
64067,03/02/2021,17:47:47,78.8,14.38,0.51,7.2,13.35,0.53,7.2,13.35,0.0,0.0,25.79,29.33,67,0,11,0.12,17.65,142.2,0.55,25.8,25.78,6659,4116,3589,True
64082,03/02/2021,17:48:02,78.8,14.38,0.49,7.47,13.35,0.53,7.07,13.35,0.0,0.0,25.78,29.32,67,0,11,0.12,17.65,142.2,0.53,25.78,25.78,6674,4116,3589,True
64097,03/02/2021,17:48:17,78.8,14.38,0.46,7.2,13.35,0.51,7.33,13.34,0.0,0.0,25.77,29.31,67,0,11,0.12,17.65,142.2,0.53,25.76,25.76,6689,4116,3589,True
64112,03/02/2021,17:48:32,78.7,14.37,0.49,6.93,13.34,0.54,6.8,13.35,0.0,0.0,25.77,29.31,67,0,11,0.12,17.65,142.2,0.53,25.77,25.77,6704,4116,3589,True
64127,03/02/2021,17:48:47,78.7,14.38,0.48,6.93,13.34,0.52,6.53,13.34,0.0,0.0,25.77,29.31,67,0,11,0.12,17.65,142.2,0.49,25.76,25.77,6915,4116,3589,True
64142,03/02/2021,17:49:02,78.7,14.38,0.45,6.8,13.35,0.51,6.67,13.34,0.0,0.0,25.75,29.3,67,0,11,0.12,17.65,142.2,0.48,25.76,25.76,6930,4116,3589,True
64157,03/02/2021,17:49:17,78.7,14.37,0.45,6.26,13.35,0.49,6.4,13.34,0.0,0.0,25.75,29.3,67,0,11,0.12,17.65,142.2,0.48,25.75,25.74,6945,4116,3589,True
64172,03/02/2021,17:49:32,78.8,14.37,0.44,6.54,13.35,0.48,6.54,13.34,0.0,0.0,25.73,29.31,67,0,11,0.12,17.65,142.2,0.49,25.72,25.72,6960,4116,3589,True
64187,03/02/2021,17:49:47,78.7,14.37,0.43,6.4,13.34,0.48,6.67,13.34,0.0,0.0,25.72,29.3,67,0,11,0.12,17.65,142.2,0.51,25.73,25.72,7171,4116,3589,True
64202,03/02/2021,17:50:02,78.7,14.37,0.43,6.53,13.34,0.46,6.4,13.35,0.0,0.0,25.74,29.29,67,0,11,0.12,17.65,142.2,0.5,25.73,25.74,7186,4116,3589,True
64217,03/02/2021,17:50:17,78.7,14.37,0.47,6.53,13.34,0.5,6.4,13.34,0.0,0.0,25.74,29.29,67,0,11,0.12,17.65,142.2,0.5,25.75,25.74,7201,4116,3589,True
64232,03/02/2021,17:50:32,78.7,14.37,0.44,6.26,13.34,0.5,6.4,13.34,0.0,0.0,25.73,29.28,67,0,11,0.12,17.65,142.2,0.5,25.73,25.72,7216,4116,3589,True
64247,03/02/2021,17:50:47,78.6,14.37,0.45,6.53,13.34,0.47,6.26,13.34,0.0,0.0,25.71,29.28,67,0,11,0.12,17.65,142.2,0.46,25.7,25.71,7427,4116,3589,True
64262,03/02/2021,17:51:02,78.6,14.37,0.41,6.4,13.34,0.45,6.13,13.34,0.0,0.0,25.67,29.28,67,0,11,0.12,17.65,142.2,0.44,25.68,25.67,7442,4116,3589,True
64277,03/02/2021,17:51:17,78.7,14.36,0.42,6.0,13.34,0.45,6.13,13.34,0.0,0.0,25.65,29.27,67,0,11,0.12,17.65,142.2,0.45,25.65,25.65,7457,4116,3589,True
64292,03/02/2021,17:51:32,78.5,14.37,0.41,5.86,13.34,0.43,6.0,13.34,0.0,0.0,25.64,29.27,67,0,11,0.12,17.65,142.2,0.47,25.64,25.64,7472,4116,3589,True
64307,03/02/2021,17:51:47,78.5,14.36,0.41,5.6,13.34,0.41,5.73,13.34,0.0,0.0,25.64,29.27,67,0,11,0.12,17.65,142.2,0.44,25.65,25.65,7683,4116,3589,True
64322,03/02/2021,17:52:02,78.5,14.36,0.39,5.73,13.34,0.43,6.0,13.34,0.0,0.0,25.63,29.26,67,0,11,0.12,17.65,142.2,0.44,25.64,25.63,7698,4116,3589,True
64337,03/02/2021,17:52:17,78.5,14.35,0.39,5.73,13.34,0.42,5.86,13.34,0.0,0.0,25.64,29.26,67,0,11,0.12,17.65,142.2,0.43,25.64,25.64,7713,4116,3589,True
64352,03/02/2021,17:52:32,78.3,14.35,0.4,5.86,13.34,0.45,5.6,13.34,0.0,0.0,25.61,29.26,67,0,11,0.12,17.65,142.2,0.41,25.6,25.6,7728,4116,3589,True
64367,03/02/2021,17:52:47,78.2,14.36,0.39,5.86,13.34,0.43,5.6,13.34,0.0,0.0,25.58,29.26,66,0,11,0.12,17.65,142.2,0.43,25.58,25.58,7939,4116,3589,True
64382,03/02/2021,17:53:02,78.1,14.35,0.4,5.86,13.33,0.43,5.73,13.33,0.0,0.0,25.59,29.25,67,0,11,0.12,17.65,142.2,0.45,25.58,25.59,7954,4116,3589,True
64397,03/02/2021,17:53:17,78.1,14.36,0.41,5.73,13.34,0.43,5.73,13.34,0.0,0.0,25.58,29.25,67,0,11,0.12,17.65,142.2,0.43,25.58,25.58,7969,4116,3589,True
64412,03/02/2021,17:53:32,78.1,14.37,0.41,6.13,13.34,0.45,5.86,13.34,0.0,0.0,25.56,29.24,67,0,11,0.12,17.65,142.2,0.44,25.56,25.56,7984,4116,3589,True
64427,03/02/2021,17:53:47,78.1,14.35,0.4,5.86,13.33,0.43,5.86,13.34,0.0,0.0,25.56,29.24,67,0,11,0.12,17.65,142.2,0.42,25.56,25.56,8195,4116,3589,True
64442,03/02/2021,17:54:02,78.1,14.35,0.39,5.59,13.34,0.43,6.0,13.34,0.0,0.0,25.57,29.24,67,0,11,0.12,17.65,142.2,0.42,25.57,25.57,8210,4116,3589,True
64457,03/02/2021,17:54:17,78.1,14.34,0.4,5.86,13.33,0.43,5.46,13.34,0.0,0.0,25.58,29.23,66,0,11,0.12,17.65,142.2,0.45,25.58,25.58,8225,4116,3589,True
64472,03/02/2021,17:54:32,78.1,14.36,0.39,5.86,13.33,0.45,5.73,13.34,0.0,0.0,25.57,29.22,67,0,11,0.12,17.65,142.2,0.44,25.57,25.58,8240,4116,3589,True
64487,03/02/2021,17:54:47,78.1,14.35,0.38,5.86,13.34,0.42,5.46,13.34,0.0,0.0,25.55,29.23,67,0,11,0.12,17.65,142.2,0.39,25.55,25.56,8451,4116,3589,True
64502,03/02/2021,17:55:02,78.1,14.34,0.38,5.6,13.34,0.4,5.73,13.34,0.0,0.0,25.53,29.22,67,0,11,0.12,17.65,142.2,0.41,25.53,25.53,8466,4116,3589,True
64517,03/02/2021,17:55:17,78.1,14.34,0.4,5.46,13.33,0.42,5.73,13.34,0.0,0.0,25.51,29.21,66,0,11,0.12,17.65,142.2,0.39,25.51,25.51,8481,4116,3589,True
64532,03/02/2021,17:55:32,78.1,14.34,0.39,5.33,13.33,0.4,5.33,13.33,0.0,0.0,25.51,29.21,66,0,11,0.12,17.65,142.2,0.42,25.5,25.5,8496,4116,3589,True
64547,03/02/2021,17:55:47,78.1,14.34,0.36,5.19,13.34,0.4,5.59,13.33,0.0,0.0,25.49,29.2,66,0,11,0.12,17.65,142.2,0.41,25.49,25.5,8707,4116,3589,True
64562,03/02/2021,17:56:02,78.1,14.34,0.39,5.19,13.34,0.42,5.46,13.34,0.0,0.0,25.49,29.21,66,0,11,0.12,17.65,142.2,0.4,25.49,25.49,8722,4116,3589,True
64577,03/02/2021,17:56:17,78.1,14.34,0.39,5.33,13.33,0.41,5.2,13.33,0.0,0.0,25.48,29.2,66,0,11,0.12,17.65,142.2,0.43,25.49,25.48,8737,4116,3589,True
64592,03/02/2021,17:56:32,78.1,14.34,0.36,5.46,13.33,0.4,5.59,13.33,0.0,0.0,25.46,29.2,66,0,11,0.12,17.65,142.2,0.43,25.48,25.47,8752,4116,3589,True
64607,03/02/2021,17:56:47,78.1,14.35,0.39,5.59,13.33,0.42,5.19,13.33,0.0,0.0,25.47,29.2,66,0,11,0.12,17.65,142.2,0.39,25.47,25.47,8963,4116,3589,True
64622,03/02/2021,17:57:02,78.1,14.34,0.37,5.19,13.33,0.38,5.06,13.33,0.0,0.0,25.48,29.19,66,0,11,0.12,17.65,142.2,0.39,25.48,25.48,8978,4116,3589,True
64637,03/02/2021,17:57:17,78.1,14.34,0.36,5.06,13.33,0.41,5.73,13.33,0.0,0.0,25.47,29.18,66,0,11,0.12,17.65,142.2,0.38,25.48,25.48,8993,4116,3589,True
64652,03/02/2021,17:57:32,78.1,14.33,0.36,5.73,13.33,0.42,5.46,13.33,0.0,0.0,25.46,29.18,66,0,11,0.12,17.65,142.2,0.41,25.47,25.47,9008,4116,3589,True
64667,03/02/2021,17:57:47,78.1,14.34,0.37,5.06,13.33,0.4,5.19,13.33,0.0,0.0,25.47,29.17,66,0,11,0.12,17.65,142.2,0.4,25.47,25.47,9219,4116,3589,True
64682,03/02/2021,17:58:02,78.1,14.33,0.36,5.33,13.33,0.4,5.06,13.34,0.0,0.0,25.46,29.18,66,0,11,0.12,17.65,142.2,0.4,25.47,25.47,9234,4116,3589,True
64697,03/02/2021,17:58:17,78.1,14.33,0.37,5.19,13.33,0.39,5.19,13.33,0.0,0.0,25.43,29.17,66,0,11,0.12,17.65,142.2,0.38,25.44,25.42,9249,4116,3589,True
64712,03/02/2021,17:58:32,78.1,14.33,0.35,5.06,13.33,0.39,5.19,13.33,0.0,0.0,25.4,29.16,66,0,11,0.12,17.65,142.2,0.38,25.4,25.4,9264,4116,3589,True
64727,03/02/2021,17:58:47,78.1,14.33,0.35,4.79,13.33,0.36,4.66,13.33,0.0,0.0,25.39,29.16,66,0,11,0.12,17.65,142.2,0.37,25.4,25.4,9475,4116,3589,True
64742,03/02/2021,17:59:02,78.1,14.33,0.35,5.19,13.33,0.39,5.06,13.33,0.0,0.0,25.38,29.16,66,0,11,0.12,17.65,142.2,0.36,25.38,25.39,9490,4116,3589,True
64757,03/02/2021,17:59:17,78.1,14.33,0.33,4.93,13.33,0.39,4.93,13.33,0.0,0.0,25.38,29.16,66,0,11,0.12,17.65,142.2,0.4,25.39,25.38,9505,4116,3589,True
64772,03/02/2021,17:59:32,78.1,14.33,0.34,5.19,13.33,0.37,4.93,13.33,0.0,0.0,25.36,29.14,66,0,11,0.12,17.65,142.2,0.39,25.36,25.36,9520,4116,3589,True
64787,03/02/2021,17:59:47,78.1,14.33,0.33,5.06,13.33,0.38,5.06,13.33,0.0,0.0,25.34,29.14,66,0,11,0.12,17.65,142.2,0.37,25.33,25.34,9731,4116,3589,True
64802,03/02/2021,18:00:02,78.1,14.33,0.34,4.79,13.33,0.39,4.66,13.33,0.0,0.0,25.34,29.15,66,0,11,0.12,17.65,142.2,0.37,25.36,25.34,9746,4116,3589,True
64817,03/02/2021,18:00:17,78.1,14.33,0.36,5.19,13.33,0.38,5.06,13.33,0.0,0.0,25.32,29.13,66,0,11,0.12,17.65,142.2,0.37,25.32,25.32,9761,4116,3589,True
64832,03/02/2021,18:00:32,78.1,14.33,0.32,4.93,13.33,0.37,4.93,13.33,0.0,0.0,25.3,29.12,66,0,11,0.12,17.65,142.2,0.38,25.29,25.31,9776,4116,3589,True
64847,03/02/2021,18:00:47,78.1,14.33,0.34,5.19,13.33,0.35,4.93,13.33,0.0,0.0,25.29,29.13,66,0,11,0.12,17.65,142.2,0.37,25.29,25.28,9987,4116,3589,True
64862,03/02/2021,18:01:02,78.1,14.33,0.35,4.79,13.33,0.36,4.66,13.33,0.0,0.0,25.28,29.12,66,0,11,0.12,17.65,142.2,0.37,25.28,25.28,10002,4116,3589,True
64877,03/02/2021,18:01:17,78.1,14.33,0.34,4.79,13.33,0.35,4.66,13.32,0.0,0.0,25.25,29.12,66,0,11,0.12,17.65,142.2,0.36,25.26,25.25,10017,4116,3589,True
64892,03/02/2021,18:01:32,78.0,14.33,0.32,4.66,13.33,0.37,4.79,13.33,0.0,0.0,25.24,29.12,66,0,11,0.12,17.65,142.2,0.37,25.24,25.23,10032,4116,3589,True
64907,03/02/2021,18:01:47,78.0,14.33,0.33,4.93,13.33,0.35,4.66,13.32,0.0,0.0,25.2,29.11,66,0,11,0.12,17.65,142.2,0.36,25.2,25.2,10243,4116,3589,True
64922,03/02/2021,18:02:02,77.9,14.33,0.34,4.79,13.33,0.35,4.92,13.32,0.0,0.0,25.17,29.12,66,0,11,0.12,17.65,142.2,0.37,25.16,25.16,10258,4116,3589,True
64937,03/02/2021,18:02:17,77.9,14.32,0.31,4.53,13.32,0.36,4.79,13.33,0.0,0.0,25.15,29.1,66,0,11,0.12,17.65,142.2,0.35,25.15,25.15,10273,4116,3589,True
64952,03/02/2021,18:02:32,77.8,14.33,0.31,4.79,13.33,0.36,4.66,13.33,0.0,0.0,25.12,29.1,66,0,11,0.12,17.65,142.2,0.35,25.13,25.13,10288,4116,3589,True
64967,03/02/2021,18:02:47,77.8,14.32,0.31,4.39,13.33,0.35,4.26,13.33,0.0,0.0,25.13,29.1,66,0,11,0.12,17.65,142.2,0.36,25.13,25.13,10499,4116,3589,True
64982,03/02/2021,18:03:02,77.8,14.33,0.31,4.52,13.33,0.34,4.39,13.33,0.0,0.0,25.15,29.1,66,0,11,0.12,17.65,142.2,0.35,25.15,25.14,10514,4116,3589,True
64997,03/02/2021,18:03:17,77.8,14.31,0.32,4.66,13.33,0.35,4.39,13.33,0.0,0.0,25.13,29.09,66,0,11,0.12,17.65,142.2,0.36,25.14,25.13,10529,4116,3589,True
65012,03/02/2021,18:03:32,77.7,14.31,0.3,4.39,13.33,0.32,4.26,13.33,0.0,0.0,25.13,29.08,66,0,11,0.12,17.65,142.2,0.35,25.13,25.14,10544,4116,3589,True
65027,03/02/2021,18:03:47,77.7,14.31,0.31,4.26,13.33,0.33,4.26,13.33,0.0,0.0,25.11,29.09,66,0,11,0.12,17.65,142.2,0.32,25.12,25.11,10755,4116,3589,True
65042,03/02/2021,18:04:02,77.7,14.31,0.3,4.39,13.33,0.33,4.53,13.32,0.0,0.0,25.1,29.07,66,0,11,0.12,17.65,142.2,0.32,25.09,25.1,10770,4116,3589,True
65057,03/02/2021,18:04:17,77.7,14.31,0.28,4.26,13.32,0.3,4.26,13.33,0.0,0.0,25.08,29.07,66,0,11,0.12,17.65,142.2,0.33,25.08,25.09,10785,4116,3589,True
65072,03/02/2021,18:04:32,77.6,14.32,0.28,4.26,13.32,0.33,4.39,13.32,0.0,0.0,25.07,29.06,66,0,11,0.12,17.65,142.2,0.33,25.08,25.08,10800,4116,3589,True
65087,03/02/2021,18:04:47,77.6,14.3,0.3,4.13,13.32,0.31,4.12,13.33,0.0,0.0,25.07,29.06,66,0,11,0.12,17.65,142.2,0.31,25.07,25.07,11011,4116,3589,True
65102,03/02/2021,18:05:02,77.6,14.32,0.3,4.26,13.33,0.31,4.26,13.33,0.0,0.0,25.06,29.07,66,0,11,0.12,17.65,142.2,0.31,25.07,25.06,11026,4116,3589,True
65117,03/02/2021,18:05:17,77.4,14.31,0.29,4.26,13.33,0.37,4.37,13.28,0.0,0.0,25.02,29.06,66,0,11,0.12,17.65,142.2,0.3,25.02,25.02,11041,4116,3589,True
65132,03/02/2021,18:05:32,77.6,14.3,0.29,4.12,13.32,0.34,3.98,13.27,0.0,0.0,25.06,29.05,65,0,11,0.12,17.65,142.2,0.32,25.05,25.05,11056,4116,3589,True
65147,03/02/2021,18:05:47,77.6,14.31,0.28,4.25,13.26,0.28,3.71,13.28,0.0,0.0,25.07,29.05,65,0,11,0.12,17.65,142.2,0.31,25.07,25.06,11267,4116,3589,True
                                                                                                                                                                                                                                                                                                               