77647,07/04/2019,21:34:07,71.4,4.27,0.0,0.0,13.31,0.0,0.0,13.33,0.0,0.0,20.54,28.04,100,0,1,0.01,8.92,169.1,0.0,20.54,20.54,2339,5908,3337,True
77662,07/04/2019,21:34:22,71.4,4.27,0.0,0.0,13.33,0.0,0.0,13.31,0.0,0.0,20.57,28.04,100,0,1,0.01,8.92,169.1,0.0,20.57,20.57,2354,5908,3337,True
77677,07/04/2019,21:34:37,71.5,4.27,0.0,0.0,13.35,0.0,0.0,13.35,0.0,0.0,20.58,28.03,100,0,1,0.01,8.92,169.1,0.0,20.58,20.57,2565,5908,3337,True
77692,07/04/2019,21:34:52,71.5,4.27,0.0,0.0,13.35,0.0,0.0,13.34,0.0,0.0,20.59,28.02,100,0,1,0.01,8.92,169.1,0.0,20.58,20.58,2580,5908,3337,True
77707,07/04/2019,21:35:07,71.5,4.27,0.0,0.0,13.35,0.0,0.0,13.35,0.0,0.0,20.59,28.01,100,0,1,0.01,8.92,169.1,0.0,20.6,20.59,2595,5908,3337,True
77722,07/04/2019,21:35:22,71.5,4.27,0.0,0.0,13.35,0.0,0.0,13.35,0.0,0.4,20.6,28.0,100,0,1,0.01,8.92,169.1,0.0,20.6,20.6,2610,5908,3337,True
77737,07/04/2019,21:35:37,71.5,4.27,0.0,0.0,13.35,0.0,0.0,13.35,0.0,0.0,20.62,27.99,100,0,1,0.01,8.92,169.1,0.0,20.63,20.63,2821,5908,3337,True
77752,07/04/2019,21:35:52,71.5,4.27,0.0,0.0,13.35,0.0,0.0,13.35,0.0,0.0,20.6,27.98,100,0,1,0.01,8.92,169.1,-0.03,20.61,20.6,2836,5908,3337,True
77767,07/04/2019,21:36:07,71.5,4.27,0.0,0.0,13.35,0.0,0.0,13.35,0.0,0.0,20.59,27.97,100,0,1,0.01,8.92,169.1,0.0,20.59,20.59,2851,5908,3337,True
77782,07/04/2019,21:36:22,71.5,4.27,0.0,0.0,13.35,0.0,0.0,13.35,0.0,0.0,20.6,27.96,100,0,1,0.01,8.92,169.1,-0.01,20.61,20.61,2866,5908,3337,True
77797,07/04/2019,21:36:37,71.5,4.27,0.0,0.0,13.35,0.0,0.0,13.35,0.01,0.0,20.62,27.96,100,0,1,0.01,8.92,169.1,0.0,20.62,20.61,3077,5908,3337,True
77812,07/04/2019,21:36:52,71.5,4.27,0.0,0.0,13.35,0.0,0.0,13.35,0.0,0.0,20.6,27.94,100,0,1,0.01,8.92,169.1,0.0,20.61,20.61,3092,5908,3337,True
77827,07/04/2019,21:37:07,71.4,4.27,0.0,0.0,13.35,0.0,0.0,13.35,0.0,0.0,20.57,27.93,100,0,1,0.01,8.92,169.1,0.0,20.57,20.56,3107,5908,3337,True
77842,07/04/2019,21:37:22,71.3,4.27,0.0,0.0,13.35,0.0,0.0,13.35,0.0,0.0,20.52,27.92,100,0,1,0.01,8.92,169.1,0.0,20.53,20.53,3122,5908,3337,True
77857,07/04/2019,21:37:37,71.3,4.27,0.0,0.0,13.35,0.0,0.0,13.35,0.03,0.0,20.52,27.91,100,0,1,0.01,8.92,169.1,0.0,20.52,20.52,3333,5908,3337,True
77872,07/04/2019,21:37:52,71.3,4.27,0.0,0.0,13.35,0.0,0.0,13.35,0.03,0.0,20.52,27.9,100,0,1,0.01,8.92,169.1,0.0,20.52,20.52,3348,5908,3337,True
77887,07/04/2019,21:38:07,71.3,4.27,0.0,0.0,13.35,0.0,0.0,13.35,0.0,0.0,20.5,27.9,100,0,1,0.01,8.92,169.1,0.0,20.51,20.5,3363,5908,3337,True
77902,07/04/2019,21:38:22,71.2,4.27,0.0,0.0,13.35,0.0,0.0,13.35,0.01,0.0,20.47,27.88,100,0,1,0.01,8.92,169.1,0.0,20.47,20.46,3378,5908,3337,True
77917,07/04/2019,21:38:37,71.2,4.27,0.0,0.0,13.31,0.0,0.0,13.32,0.0,0.0,20.44,27.87,100,0,1,0.01,8.92,169.1,0.0,20.44,20.43,3589,5908,3337,True
77932,07/04/2019,21:38:52,71.0,4.27,0.0,0.0,13.31,0.0,0.0,13.32,0.0,0.0,20.4,27.87,100,0,1,0.01,8.92,169.1,0.0,20.4,20.4,3604,5908,3337,True
77947,07/04/2019,21:39:07,71.0,4.27,0.0,0.0,13.32,0.0,0.0,13.32,0.0,0.0,20.38,27.86,100,0,1,0.01,8.92,169.1,0.0,20.39,20.39,3619,5908,3337,True
77962,07/04/2019,21:39:22,71.0,4.27,0.0,0.0,13.33,0.0,0.0,13.34,0.02,0.0,20.37,27.84,100,0,1,0.01,8.92,169.1,0.0,20.36,20.36,3634,5908,3337,True
77977,07/04/2019,21:39:37,70.9,4.27,0.0,0.0,13.33,0.0,0.0,13.32,0.0,0.0,20.35,27.84,100,0,1,0.01,8.92,169.1,0.0,20.35,20.35,3845,5908,3337,True
77992,07/04/2019,21:39:52,70.9,4.27,0.0,0.0,13.34,0.0,0.0,13.34,0.02,0.13,20.35,27.83,100,0,1,0.01,8.92,169.1,0.0,20.36,20.36,3860,5908,3337,True
78007,07/04/2019,21:40:07,70.9,4.27,0.0,0.0,13.34,0.0,0.0,13.33,0.02,0.26,20.34,27.82,100,0,1,0.01,8.92,169.1,0.0,20.34,20.34,3875,5908,3337,True
78022,07/04/2019,21:40:22,70.8,4.26,0.0,0.0,13.32,0.0,0.0,13.34,0.02,0.26,20.32,27.81,100,0,1,0.01,8.92,169.1,0.0,20.33,20.33,3890,5908,3337,True
78037,07/04/2019,21:40:37,70.8,4.27,0.0,0.0,13.33,0.0,0.0,13.34,0.0,0.0,20.32,27.8,100,0,1,0.01,8.92,169.1,0.0,20.31,20.32,4101,5908,3337,True
78052,07/04/2019,21:40:52,70.8,4.27,0.0,0.0,13.31,0.0,0.0,13.33,0.02,0.0,20.34,27.79,100,0,1,0.01,8.92,169.1,0.0,20.34,20.34,4116,5908,3337,True
78067,07/04/2019,21:41:07,70.8,4.27,0.0,0.0,13.35,0.0,0.0,13.35,0.0,0.0,20.34,27.78,100,0,1,0.01,8.92,169.1,0.0,20.34,20.34,4131,5908,3337,True
78082,07/04/2019,21:41:22,70.8,4.27,0.0,0.0,13.35,0.0,0.0,13.35,0.0,0.0,20.32,27.77,100,0,1,0.01,8.92,169.1,0.0,20.32,20.32,4146,5908,3337,True
78097,07/04/2019,21:41:37,70.8,4.27,0.0,0.0,13.35,0.0,0.0,13.34,0.03,0.0,20.3,27.76,100,0,1,0.01,8.92,169.1,0.0,20.3,20.29,4357,5908,3337,True
78112,07/04/2019,21:41:52,70.8,4.27,0.0,0.0,13.35,0.0,0.0,13.34,0.0,0.0,20.3,27.75,100,0,1,0.01,8.92,169.1,-0.03,20.3,20.3,4372,5908,3337,True
78127,07/04/2019,21:42:07,70.7,4.27,0.0,0.0,13.35,0.0,0.0,13.35,0.0,0.0,20.28,27.74,100,0,1,0.01,8.92,169.1,0.0,20.28,20.28,4387,5908,3337,True
78142,07/04/2019,21:42:22,70.7,4.27,0.0,0.0,13.35,0.0,0.0,13.35,0.0,0.0,20.28,27.73,100,0,1,0.01,8.92,169.1,0.0,20.28,20.28,4402,5908,3337,True
78157,07/04/2019,21:42:37,70.7,4.27,0.0,0.0,13.35,0.0,0.0,13.35,0.02,0.0,20.27,27.73,100,0,1,0.01,8.92,169.1,0.0,20.27,20.28,4613,5908,3337,True
78172,07/04/2019,21:42:52,70.7,4.27,0.0,0.0,13.35,0.0,0.0,13.35,0.0,0.53,20.25,27.72,100,0,1,0.01,8.92,169.1,-0.03,20.26,20.26,4628,5908,3337,True
78187,07/04/2019,21:43:07,70.6,4.27,0.0,0.0,13.35,0.0,0.0,13.35,0.0,0.4,20.24,27.71,100,0,1,0.01,8.92,169.1,0.0,20.24,20.24,4643,5908,3337,True
78202,07/04/2019,21:43:22,70.6,4.27,0.0,0.0,13.35,0.0,0.0,13.35,0.04,0.0,20.23,27.69,100,0,1,0.01,8.92,169.1,0.0,20.23,20.23,4658,5908,3337,True
78217,07/04/2019,21:43:37,70.5,4.27,0.0,0.0,13.35,0.0,0.0,13.35,0.0,0.0,20.22,27.69,100,0,1,0.01,8.92,169.1,0.0,20.22,20.22,4869,5908,3337,True
78232,07/04/2019,21:43:52,70.5,4.27,0.0,0.0,13.35,0.0,0.0,13.35,0.0,0.26,20.22,27.68,100,0,1,0.01,8.92,169.1,0.0,20.22,20.23,4884,5908,3337,True
78247,07/04/2019,21:44:07,70.5,4.27,0.0,0.0,13.35,0.0,0.0,13.35,0.0,0.0,20.19,27.67,100,0,1,0.01,8.92,169.1,0.0,20.2,20.2,4899,5908,3337,True
78262,07/04/2019,21:44:22,70.4,4.27,0.0,0.0,13.35,0.0,0.0,13.35,0.0,0.0,20.19,27.66,100,0,1,0.01,8.92,169.1,-0.04,20.19,20.19,4914,5908,3337,True
78277,07/04/2019,21:44:37,70.4,4.27,0.0,0.0,13.35,0.0,0.0,13.35,0.0,0.0,20.19,27.65,100,0,1,0.01,8.92,169.1,0.0,20.19,20.19,5125,5908,3337,True
78292,07/04/2019,21:44:52,70.4,4.27,0.0,0.0,13.35,0.0,0.0,13.35,0.03,0.0,20.19,27.64,100,0,1,0.01,8.92,169.1,0.0,20.19,20.19,5140,5908,3337,True
78307,07/04/2019,21:45:07,70.4,4.27,0.0,0.0,13.33,0.0,0.0,13.34,0.0,0.39,20.19,27.63,100,0,1,0.01,8.92,169.1,-0.02,20.2,20.2,5155,5908,3337,True
78322,07/04/2019,21:45:22,70.4,4.27,0.0,0.0,13.33,0.0,0.0,13.32,0.0,0.0,20.19,27.62,100,0,1,0.01,8.92,169.1,-0.03,20.19,20.2,5170,5908,3337,True
78337,07/04/2019,21:45:37,70.2,4.27,0.0,0.0,13.34,0.0,0.0,13.33,0.0,0.0,20.17,27.61,100,0,1,0.01,8.92,169.1,0.0,20.17,20.17,5381,5908,3337,True
78352,07/04/2019,21:45:52,70.1,4.27,0.0,0.0,13.34,0.0,0.0,13.32,0.0,0.0,20.15,27.6,100,0,1,0.01,8.92,169.1,0.0,20.16,20.16,5396,5908,3337,True
78367,07/04/2019,21:46:07,70.1,4.27,0.0,0.0,13.28,0.0,0.0,13.33,0.0,0.39,20.14,27.6,100,0,1,0.01,8.92,169.1,0.0,20.14,20.14,5411,5908,3337,True
78382,07/04/2019,21:46:22,70.1,4.27,0.0,0.0,13.32,0.0,0.0,13.33,0.03,0.0,20.13,27.59,100,0,1,0.01,8.92,169.1,0.0,20.12,20.13,5426,5908,3337,True
78397,07/04/2019,21:46:37,70.1,4.27,0.0,0.0,13.31,0.0,0.0,13.33,0.03,0.0,20.13,27.57,100,0,1,0.01,8.92,169.1,-0.01,20.13,20.13,5637,5908,3337,True
78412,07/04/2019,21:46:52,70.1,4.27,0.0,0.0,13.32,0.0,0.0,13.31,0.0,0.0,20.13,27.57,100,0,1,0.01,8.92,169.1,0.0,20.12,20.13,5652,5908,3337,True
78427,07/04/2019,21:47:07,70.1,4.28,0.0,0.0,13.33,0.0,0.0,13.33,0.0,0.26,20.14,27.55,100,0,1,0.01,8.92,169.1,0.0,20.14,20.15,5667,5908,3337,True
78442,07/04/2019,21:47:22,70.1,4.27,0.0,0.0,13.32,0.0,0.0,13.31,0.0,0.0,20.19,27.54,100,0,1,0.01,8.92,169.1,-0.01,20.19,20.18,5682,5908,3337,True
78457,07/04/2019,21:47:37,70.1,4.27,0.0,0.0,13.34,0.0,0.0,13.34,0.01,0.0,20.22,27.53,100,0,1,0.01,8.92,169.1,-0.03,20.22,20.22,5893,5908,3337,True
78472,07/04/2019,21:47:52,70.4,4.27,0.0,0.0,13.34,0.0,0.0,13.34,0.02,0.66,20.27,27.53,100,0,1,0.01,8.92,169.1,0.0,20.27,20.27,5908,5908,3337,True
78487,07/04/2019,21:48:07,70.5,4.29,0.0,0.0,13.35,0.0,0.0,13.34,0.03,0.0,20.29,27.52,100,0,1,0.01,8.92,169.1,0.0,20.29,20.29,5923,5908,3337,True
78502,07/04/2019,21:48:22,70.5,4.29,0.0,0.0,13.35,0.0,0.0,13.35,0.0,0.4,20.32,27.51,100,0,1,0.01,8.92,169.1,0.0,20.32,20.32,5938,5908,3337,True
78517,07/04/2019,21:48:37,70.6,4.28,0.0,0.0,13.34,0.0,0.0,13.35,0.0,0.0,20.41,27.5,100,0,1,0.01,8.92,169.1,-0.04,20.41,20.41,6149,5908,3337,True
78532,07/04/2019,21:48:52,70.7,4.27,0.0,0.0,13.34,0.0,0.0,13.34,0.01,0.0,20.46,27.5,100,0,1,0.01,8.92,169.1,0.0,20.46,20.46,6164,5908,3337,True
78547,07/04/2019,21:49:07,70.8,4.28,0.0,0.0,13.34,0.0,0.0,13.35,0.04,0.0,20.56,27.48,100,0,1,0.01,8.92,169.1,0.0,20.56,20.56,6179,5908,3337,True
78562,07/04/2019,21:49:22,71.0,4.28,0.0,0.0,13.35,0.0,0.0,13.35,0.0,0.0,20.63,27.47,100,0,1,0.01,8.92,169.1,0.0,20.64,20.64,6194,5908,3337,True
78577,07/04/2019,21:49:37,71.2,4.28,0.0,0.0,13.35,0.0,0.0,13.35,0.0,0.0,20.71,27.46,100,0,1,0.01,8.92,169.1,0.0,20.71,20.71,6405,5908,3337,True
78592,07/04/2019,21:49:52,71.3,4.27,0.0,0.0,13.35,0.0,0.0,13.35,0.0,0.0,20.79,27.46,100,0,1,0.01,8.92,169.1,0.0,20.79,20.8,6420,5908,3337,True
78607,07/04/2019,21:50:07,71.4,4.28,0.0,0.0,13.35,0.0,0.0,13.35,0.0,0.0,20.84,27.44,100,0,1,0.01,8.92,169.1,-0.03,20.84,20.84,6435,5908,3337,True
78622,07/04/2019,21:50:22,71.5,4.28,0.0,0.0,13.33,0.0,0.0,13.34,0.0,0.0,20.92,27.44,100,0,1,0.01,8.92,169.1,0.0,20.93,20.92,6450,5908,3337,True
78637,07/04/2019,21:50:37,71.5,4.27,0.0,0.0,13.31,0.0,0.0,13.32,0.03,0.39,21.0,27.43,100,0,1,0.01,8.92,169.1,0.0,21.0,21.0,6661,5908,3337,True
78652,07/04/2019,21:50:52,71.7,4.28,0.0,0.0,13.33,0.0,0.0,13.34,0.01,0.0,21.08,27.42,100,0,1,0.01,8.92,169.1,0.0,21.08,21.08,6676,5908,3337,True
78667,07/04/2019,21:51:07,71.8,4.29,0.0,0.0,13.33,0.0,0.0,13.34,0.0,0.0,21.16,27.41,100,0,1,0.01,8.92,169.1,0.0,21.16,21.17,6691,5908,3337,True
78682,07/04/2019,21:51:22,71.8,4.29,0.0,0.0,13.33,0.0,0.0,13.31,0.0,0.0,21.22,27.4,100,0,1,0.01,8.92,169.1,0.0,21.22,21.21,6706,5908,3337,True
78697,07/04/2019,21:51:37,71.9,4.28,0.0,0.0,13.33,0.0,0.0,13.34,0.0,0.0,21.28,27.39,100,0,1,0.01,8.92,169.1,-0.01,21.28,21.28,6917,5908,3337,True
78712,07/04/2019,21:51:52,72.1,4.28,0.0,0.0,13.34,0.0,0.0,13.33,0.0,0.0,21.32,27.38,100,0,1,0.01,8.92,169.1,0.0,21.32,21.32,6932,5908,3337,True
78727,07/04/2019,21:52:07,72.2,4.27,0.0,0.0,13.31,0.0,0.0,13.33,0.0,0.0,21.37,27.37,100,0,1,0.01,8.92,169.1,0.0,21.36,21.37,6947,5908,3337,True
78742,07/04/2019,21:52:22,72.3,4.28,0.0,0.0,13.33,0.0,0.0,13.34,0.0,0.0,21.42,27.37,100,0,1,0.01,8.92,169.1,0.0,21.4,21.42,6962,5908,3337,True
78757,07/04/2019,21:52:37,72.4,4.28,0.0,0.0,13.31,0.0,0.0,13.33,0.0,0.0,21.46,27.35,100,0,1,0.01,8.92,169.1,0.0,21.46,21.46,7173,5908,3337,True
78772,07/04/2019,21:52:52,72.4,4.27,0.0,0.0,13.33,0.0,0.0,13.34,0.04,0.0,21.52,27.35,100,0,1,0.01,8.92,169.1,0.0,21.52,21.51,7188,5908,3337,True
78787,07/04/2019,21:53:07,72.4,4.27,0.0,0.0,13.33,0.0,0.0,13.34,0.03,0.13,21.56,27.34,100,0,1,0.01,8.92,169.1,0.0,21.55,21.55,7203,5908,3337,True
78802,07/04/2019,21:53:22,72.4,4.27,0.0,0.0,13.32,0.0,0.0,13.34,0.04,0.0,21.6,27.33,100,0,1,0.01,8.92,169.1,0.0,21.6,21.6,7218,5908,3337,True
78817,07/04/2019,21:53:37,72.4,4.27,0.0,0.0,13.31,0.0,0.0,13.32,0.0,0.0,21.64,27.33,100,0,1,0.01,8.92,169.1,0.0,21.64,21.64,7429,5908,3337,True
78832,07/04/2019,21:53:52,72.4,4.28,0.0,0.0,13.33,0.0,0.0,13.34,0.0,0.0,21.67,27.31,100,0,1,0.01,8.92,169.1,0.0,21.67,21.67,7444,5908,3337,True
78847,07/04/2019,21:54:07,72.4,4.29,0.0,0.0,13.32,0.0,0.0,13.33,0.03,0.0,21.68,27.31,100,0,1,0.01,8.92,169.1,0.0,21.68,21.68,7459,5908,3337,True
78862,07/04/2019,21:54:22,72.6,4.28,0.0,0.0,13.32,0.0,0.0,13.34,0.0,0.0,21.7,27.3,100,0,1,0.01,8.92,169.1,-0.05,21.7,21.69,7474,5908,3337,True
78877,07/04/2019,21:54:37,72.6,4.27,0.0,0.0,13.35,0.0,0.0,13.34,0.0,0.0,21.72,27.29,100,0,1,0.01,8.92,169.1,0.0,21.72,21.73,7685,5908,3337,True
78892,07/04/2019,21:54:52,72.7,4.27,0.0,0.0,13.35,0.0,0.0,13.35,0.0,0.0,21.74,27.28,100,0,1,0.01,8.92,169.1,0.0,21.74,21.74,7700,5908,3337,True
78907,07/04/2019,21:55:07,72.8,4.28,0.0,0.0,13.34,0.0,0.0,13.34,0.0,0.4,21.77,27.28,100,0,1,0.01,8.92,169.1,0.0,21.77,21.77,7715,5908,3337,True
78922,07/04/2019,21:55:22,72.8,4.28,0.0,0.0,13.34,0.0,0.0,13.35,0.0,0.0,21.78,27.27,100,0,1,0.01,8.92,169.1,-0.04,21.79,21.79,7730,5908,3337,True
78937,07/04/2019,21:55:37,72.9,4.27,0.0,0.0,13.35,0.0,0.0,13.34,0.0,0.0,21.8,27.26,100,0,1,0.01,8.92,169.1,0.0,21.81,21.81,7941,5908,3337,True
78952,07/04/2019,21:55:52,72.9,4.27,0.0,0.0,13.35,0.0,0.0,13.34,0.0,0.0,21.83,27.26,100,0,1,0.01,8.92,169.1,0.0,21.83,21.84,7956,5908,3337,True
78967,07/04/2019,21:56:07,73.1,4.27,0.0,0.0,13.35,0.0,0.0,13.35,0.0,0.0,21.87,27.25,100,0,1,0.01,8.92,169.1,0.0,21.87,21.87,7971,5908,3337,True
78982,07/04/2019,21:56:22,73.1,4.3,0.0,0.0,13.35,0.0,0.0,13.35,0.0,0.0,21.91,27.24,100,0,1,0.01,8.92,169.1,0.0,21.9,21.9,7986,5908,3337,True
78997,07/04/2019,21:56:37,73.2,4.29,0.0,0.0,13.35,0.0,0.0,13.35,0.0,0.0,21.93,27.24,100,0,1,0.01,8.92,169.1,0.0,21.93,21.94,8197,5908,3337,True
79012,07/04/2019,21:56:52,73.2,4.28,0.0,0.0,13.35,0.0,0.0,13.35,0.0,0.0,21.98,27.23,100,0,1,0.01,8.92,169.1,-0.02,21.98,21.97,8212,5908,3337,True
79027,07/04/2019,21:57:07,73.3,4.28,0.0,0.0,13.35,0.0,0.0,13.35,0.03,0.0,22.01,27.22,100,0,1,0.01,8.92,169.1,-0.01,22.0,22.0,8227,5908,3337,True
79042,07/04/2019,21:57:22,73.3,4.27,0.0,0.0,13.33,0.0,0.0,13.34,0.0,0.0,22.01,27.22,100,0,1,0.01,8.92,169.1,0.0,22.02,22.01,8242,5908,3337,True
79057,07/04/2019,21:57:37,73.3,4.29,0.0,0.0,13.42,0.0,0.0,13.4,0.0,0.0,22.02,27.2,100,0,1,0.01,8.92,169.1,0.0,22.02,22.01,8453,5908,3337,True
79072,07/04/2019,21:57:52,73.4,2.52,0.0,0.0,13.66,0.0,0.0,13.64,0.0,0.0,22.03,27.2,100,0,1,0.01,8.92,169.1,0.0,22.04,22.03,8468,5908,3337,True
79087,07/04/2019,21:58:07,73.4,7.46,0.0,0.0,13.68,0.0,0.0,13.67,0.0,0.27,22.05,27.19,100,0,1,0.01,8.92,169.1,0.0,22.05,22.05,8483,5908,3337,True
79102,07/04/2019,21:58:22,73.4,4.33,0.0,0.0,13.67,0.0,0.0,13.67,0.04,0.54,22.06,27.19,100,0,1,0.01,8.92,169.1,-0.04,22.05,22.05,8498,5908,3337,True
79117,07/04/2019,21:58:37,73.5,3.68,0.0,0.0,13.71,0.0,0.0,13.7,0.0,0.0,22.05,27.18,100,0,1,0.01,8.92,169.1,-0.04,22.05,22.05,8709,5908,3337,True
79132,07/04/2019,21:58:52,73.5,4.72,0.0,0.0,13.69,0.0,0.0,13.68,0.0,0.0,22.04,27.18,100,0,1,0.01,8.92,169.1,0.0,22.05,22.05,8724,5908,3337,True
79147,07/04/2019,21:59:07,73.5,6.59,0.0,0.0,13.72,0.0,0.0,13.7,0.0,0.0,22.04,27.16,100,0,1,0.01,8.92,169.1,0.0,22.03,22.04,8739,5908,3337,True
79162,07/04/2019,21:59:22,73.5,5.11,0.0,0.0,13.67,0.0,0.0,13.66,0.0,0.68,22.03,27.16,100,0,1,0.01,8.92,169.1,-0.03,22.03,22.03,8754,5908,3337,True
79177,07/04/2019,21:59:37,73.5,4.76,0.0,0.0,13.69,0.0,0.0,13.68,0.01,0.27,22.02,27.15,100,0,1,0.01,8.92,169.1,-0.02,22.02,22.02,8965,5908,3337,True
79192,07/04/2019,21:59:52,73.5,5.32,0.0,0.0,13.72,0.0,0.0,13.7,0.0,0.0,22.02,27.15,100,0,1,0.01,8.92,169.1,0.0,22.01,22.01,8980,5908,3337,True
79207,07/04/2019,22:00:07,73.6,2.56,0.0,0.0,13.71,0.0,0.0,13.74,0.0,0.0,22.02,27.14,100,0,1,0.01,8.92,169.1,0.0,22.02,22.02,8995,5908,3337,True
79222,07/04/2019,22:00:22,73.6,3.62,0.0,0.0,13.7,0.0,0.0,13.72,0.0,0.0,22.02,27.13,100,0,1,0.01,8.92,169.1,0.0,22.02,22.02,9010,5908,3337,True
79237,07/04/2019,22:00:37,73.6,5.6,0.0,0.0,13.72,0.0,0.0,13.72,0.0,0.0,22.01,27.12,100,0,1,0.01,8.92,169.1,0.0,22.01,22.01,9221,5908,3337,True
79252,07/04/2019,22:00:52,73.6,4.97,0.0,0.0,13.72,0.0,0.0,13.72,0.0,0.0,22.0,27.12,100,0,1,0.01,8.92,169.1,0.0,22.01,22.01,9236,5908,3337,True
79267,07/04/2019,22:01:07,73.6,4.75,0.0,0.0,13.73,0.0,0.0,13.74,0.04,0.13,22.0,27.11,100,0,1,0.01,8.92,169.1,-0.03,22.0,22.0,9251,5908,3337,True
79282,07/04/2019,22:01:22,73.6,5.44,0.0,0.0,13.72,0.0,0.0,13.73,0.04,0.0,22.0,27.1,100,0,1,0.01,8.92,169.1,0.0,22.0,22.0,9266,5908,3337,True
79297,07/04/2019,22:01:37,73.6,2.98,0.0,0.0,13.74,0.0,0.0,13.74,0.0,0.0,21.99,27.1,100,0,1,0.01,8.92,169.1,-0.04,21.99,21.99,9477,5908,3337,True
79312,07/04/2019,22:01:52,73.6,0.57,0.0,0.0,13.75,0.0,0.0,13.75,0.0,0.0,22.01,27.09,100,0,1,0.01,8.92,169.1,0.0,22.01,22.01,9492,5908,3337,True
79327,07/04/2019,22:02:07,73.6,5.2,0.0,0.0,13.75,0.0,0.0,13.75,0.0,0.0,22.03,27.08,100,0,1,0.01,8.92,169.1,0.0,22.03,22.03,9507,5908,3337,True
79342,07/04/2019,22:02:22,73.6,0.3,0.0,0.0,13.74,0.0,0.0,13.74,0.0,0.0,22.05,27.08,100,0,1,0.01,8.92,169.1,0.0,22.06,22.06,9522,5908,3337,True
79357,07/04/2019,22:02:37,73.7,0.57,0.0,0.0,13.76,0.0,0.0,13.76,0.0,0.0,22.09,27.07,100,0,1,0.01,8.92,169.1,0.0,22.08,22.08,9733,5908,3337,True
79372,07/04/2019,22:02:52,73.7,2.63,0.0,0.0,13.75,0.0,0.0,13.75,0.0,0.68,22.17,27.06,100,0,1,0.01,8.92,169.1,-0.03,22.17,22.17,9748,5908,3337,True
79387,07/04/2019,22:03:07,73.8,0.31,0.0,0.0,13.75,0.0,0.0,13.75,0.0,0.0,22.22,27.06,100,0,1,0.01,8.92,169.1,0.0,22.21,22.22,9763,5908,3337,True
79402,07/04/2019,22:03:22,73.8,1.59,0.0,0.0,13.76,0.0,0.0,13.76,0.0,0.0,22.24,27.05,100,0,1,0.01,8.92,169.1,0.0,22.24,22.24,9778,5908,3337,True
79417,07/04/2019,22:03:37,73.8,4.59,0.0,0.0,13.72,0.0,0.0,13.74,0.0,0.68,22.28,27.04,100,0,1,0.01,8.92,169.1,0.0,22.28,22.28,9989,5908,3337,True
79432,07/04/2019,22:03:52,74.0,0.76,0.0,0.0,13.7,0.0,0.0,13.72,0.0,0.0,22.33,27.04,100,0,1,0.01,8.92,169.1,-0.05,22.33,22.33,10004,5908,3337,True
79447,07/04/2019,22:04:07,74.0,0.41,0.0,0.0,13.76,0.0,0.0,13.78,0.0,0.0,22.38,27.03,100,0,1,0.01,8.92,169.1,-0.05,22.39,22.38,10019,5908,3337,True
79462,07/04/2019,22:04:22,74.1,1.43,0.0,0.0,13.73,0.0,0.0,13.75,0.01,0.0,22.41,27.02,100,0,1,0.01,8.92,169.1,0.0,22.4,22.4,10034,5908,3337,True
79477,07/04/2019,22:04:37,74.1,2.91,0.0,0.0,13.76,0.0,0.0,13.76,0.05,0.0,22.41,27.01,100,0,1,0.01,8.92,169.1,-0.02,22.41,22.41,10245,5908,3337,True
79492,07/04/2019,22:04:52,74.2,2.75,0.0,0.0,13.74,0.0,0.0,13.75,0.0,0.54,22.41,27.01,100,0,1,0.01,8.92,169.1,0.0,22.41,22.41,10260,5908,3337,True
79507,07/04/2019,22:05:07,74.2,2.75,0.0,0.0,13.53,0.0,0.0,13.55,0.02,0.0,22.43,27.0,100,0,1,0.01,8.92,169.1,0.0,22.43,22.43,10275,5908,3337,True
79522,07/04/2019,22:05:22,74.3,2.76,0.0,0.0,13.53,0.0,0.0,13.52,0.0,0.27,22.44,27.0,100,0,1,0.01,8.92,169.1,0.0,22.44,22.44,10290,5908,3337,True
79537,07/04/2019,22:05:37,74.3,2.72,0.0,0.0,13.51,0.0,0.0,13.49,0.0,0.0,22.44,26.99,100,0,1,0.01,8.92,169.1,0.0,22.44,22.45,10501,5908,3337,True
79552,07/04/2019,22:05:52,74.4,2.72,0.0,0.0,13.5,0.0,0.0,13.51,0.0,0.0,22.45,26.98,100,0,1,0.01,8.92,169.1,0.0,22.46,22.45,10516,5908,3337,True
79567,07/04/2019,22:06:07,74.4,2.72,0.0,0.0,13.49,0.0,0.0,13.48,0.0,0.0,22.46,26.98,100,0,1,0.01,8.92,169.1,-0.02,22.45,22.46,10531,5908,3337,True
79582,07/04/2019,22:06:22,74.4,2.73,0.0,0.0,13.47,0.0,0.0,13.47,0.0,0.0,22.46,26.97,100,0,1,0.01,8.92,169.1,-0.02,22.46,22.46,10546,5908,3337,True
79597,07/04/2019,22:06:37,74.4,2.72,0.0,0.0,13.46,0.0,0.0,13.47,0.0,0.0,22.45,26.97,100,0,1,0.01,8.92,169.1,0.0,22.45,22.45,10757,5908,3337,True
79612,07/04/2019,22:06:52,74.4,2.72,0.0,0.0,13.45,0.0,0.0,13.46,0.01,0.0,22.46,26.96,100,0,1,0.01,8.92,169.1,-0.04,22.45,22.45,10772,5908,3337,True
79627,07/04/2019,22:07:07,74.4,2.72,0.0,0.0,13.48,0.0,0.0,13.48,0.02,0.0,22.46,26.96,100,0,1,0.01,8.92,169.1,0.0,22.46,22.46,10787,5908,3337,True
79642,07/04/2019,22:07:22,74.4,2.72,0.0,0.0,13.48,0.0,0.0,13.48,0.0,0.0,22.46,26.95,100,0,1,0.01,8.92,169.1,0.0,22.47,22.46,10802,5908,3337,True
79657,07/04/2019,22:07:37,74.4,2.72,0.0,0.0,13.48,0.0,0.0,13.47,0.04,0.26,22.46,26.94,100,0,1,0.01,8.92,169.1,0.0,22.46,22.46,11013,5908,3337,True
79672,07/04/2019,22:07:52,74.4,2.72,0.0,0.0,13.48,0.0,0.0,13.47,0.0,0.53,22.46,26.95,100,0,1,0.01,8.92,169.1,0.0,22.47,22.47,11028,5908,3337,True
79687,07/04/2019,22:08:07,74.4,2.73,0.0,0.0,13.47,0.0,0.0,13.47,0.0,0.0,22.46,26.93,100,0,1,0.01,8.92,169.1,0.0,22.47,22.47,11043,5908,3337,True
79702,07/04/2019,22:08:22,74.4,2.73,0.0,0.0,13.47,0.0,0.0,13.47,0.0,0.0,22.46,26.93,100,0,1,0.01,8.92,169.1,0.0,22.46,22.46,11058,5908,3337,True
79717,07/04/2019,22:08:37,74.4,2.73,0.0,0.0,13.47,0.0,0.0,13.47,0.0,0.53,22.46,26.93,100,0,1,0.01,8.92,169.1,0.0,22.46,22.46,11269,5908,3337,True
79732,07/04/2019,22:08:52,74.4,2.73,0.0,0.0,13.47,0.0,0.0,13.46,0.0,0.0,22.46,26.92,100,0,1,0.01,8.92,169.1,0.0,22.46,22.46,11284,5908,3337,True
79747,07/04/2019,22:09:07,74.4,2.74,0.0,0.0,13.46,0.0,0.0,13.47,0.0,0.26,22.45,26.91,100,0,1,0.01,8.92,169.1,0.0,22.45,22.46,11299,5908,3337,True
79762,07/04/2019,22:09:22,74.5,2.73,0.0,0.0,13.46,0.0,0.0,13.46,0.0,0.0,22.46,26.91,100,0,1,0.01,8.92,169.1,-0.01,22.46,22.46,11314,5908,3337,True
79777,07/04/2019,22:09:37,74.5,2.72,0.0,0.0,13.46,0.0,0.0,13.46,0.02,0.4,22.46,26.9,100,0,1,0.01,8.92,169.1,0.0,22.46,22.46,11525,5908,3337,True
79792,07/04/2019,22:09:52,74.5,2.74,0.0,0.0,13.46,0.0,0.0,13.46,0.02,0.0,22.46,26.9,100,0,1,0.01,8.92,169.1,0.0,22.46,22.46,11540,5908,3337,True
79807,07/04/2019,22:10:07,74.5,2.73,0.0,0.0,13.43,0.0,0.0,13.42,0.01,0.0,22.46,26.9,100,0,1,0.01,8.92,169.1,0.0,22.46,22.46,11555,5908,3337,True
79822,07/04/2019,22:10:22,74.6,2.74,0.0,0.0,13.43,0.0,0.0,13.45,0.0,0.0,22.46,26.89,100,0,1,0.01,8.92,169.1,0.0,22.46,22.46,11570,5908,3337,True
79837,07/04/2019,22:10:37,74.6,2.74,0.0,0.0,13.43,0.0,0.0,13.42,0.0,0.0,22.46,26.89,100,0,1,0.01,8.92,169.1,0.0,22.46,22.46,11781,5908,3337,True
79852,07/04/2019,22:10:52,74.6,2.75,0.0,0.0,13.44,0.0,0.0,13.43,0.0,0.0,22.46,26.88,100,0,1,0.01,8.92,169.1,0.0,22.46,22.46,11796,5908,3337,True
79867,07/04/2019,22:11:07,74.6,2.74,0.0,0.0,13.44,0.0,0.0,13.43,0.0,0.4,22.46,26.88,100,0,1,0.01,8.92,169.1,-0.04,22.47,22.47,11811,5908,3337,True
79882,07/04/2019,22:11:22,74.8,2.72,0.0,0.0,13.43,0.0,0.0,13.44,0.0,0.0,22.46,26.88,100,0,1,0.01,8.92,169.1,0.0,22.47,22.46,11826,5908,3337,True
79897,07/04/2019,22:11:37,74.8,2.73,0.0,0.0,13.42,0.0,0.0,13.44,0.0,0.0,22.47,26.87,100,0,1,0.01,8.92,169.1,0.0,22.47,22.47,12037,5908,3337,True
79912,07/04/2019,22:11:52,74.8,2.74,0.0,0.0,13.41,0.0,0.0,13.43,0.0,0.0,22.47,26.86,100,0,1,0.01,8.92,169.1,0.0,22.48,22.47,12052,5908,3337,True
79927,07/04/2019,22:12:07,74.8,2.73,0.0,0.0,13.42,0.0,0.0,13.41,0.0,0.0,22.49,26.86,100,0,1,0.01,8.92,169.1,0.0,22.5,22.49,12067,5908,3337,True
79942,07/04/2019,22:12:22,74.8,2.74,0.0,0.0,13.43,0.0,0.0,13.44,0.02,0.26,22.5,26.85,100,0,1,0.01,8.92,169.1,0.0,22.5,22.5,12082,5908,3337,True
79957,07/04/2019,22:12:37,74.9,2.73,0.0,0.0,13.44,0.0,0.0,13.44,0.0,0.13,22.53,26.85,100,0,1,0.01,8.92,169.1,0.0,22.53,22.53,12293,5908,3337,True
79972,07/04/2019,22:12:52,74.9,2.74,0.0,0.0,13.43,0.0,0.0,13.43,0.0,0.0,22.56,26.84,100,0,1,0.01,8.92,169.1,-0.01,22.56,22.56,12308,5908,3337,True
79987,07/04/2019,22:13:07,74.9,2.75,0.0,0.0,13.44,0.0,0.0,13.44,0.0,0.0,22.56,26.83,100,0,1,0.01,8.92,169.1,0.0,22.57,22.57,12323,5908,3337,True
80002,07/04/2019,22:13:22,75.0,2.76,0.0,0.0,13.44,0.0,0.0,13.44,0.0,0.0,22.57,26.84,100,0,1,0.01,8.92,169.1,0.0,22.58,22.58,12338,5908,3337,True
80017,07/04/2019,22:13:37,75.0,2.75,0.0,0.0,13.44,0.0,0.0,13.44,0.0,0.67,22.6,26.83,100,0,1,0.01,8.92,169.1,-0.01,22.59,22.59,12549,5908,3337,True
80032,07/04/2019,22:13:52,75.0,2.72,0.0,0.0,13.44,0.0,0.0,13.44,0.0,0.0,22.62,26.82,100,0,1,0.01,8.92,169.1,-0.04,22.61,22.61,12564,5908,3337,True
80047,07/04/2019,22:14:07,75.0,2.72,0.0,0.0,13.44,0.0,0.0,13.44,0.04,0.0,22.63,26.82,100,0,1,0.01,8.92,169.1,-0.01,22.63,22.62,12579,5908,3337,True
80062,07/04/2019,22:14:22,75.0,2.72,0.0,0.0,13.44,0.0,0.0,13.44,0.0,0.0,22.64,26.82,100,0,1,0.01,8.92,169.1,0.0,22.63,22.64,12594,5908,3337,True
80077,07/04/2019,22:14:37,75.0,2.72,0.0,0.0,13.43,0.0,0.0,13.44,0.0,0.26,22.65,26.81,100,0,1,0.01,8.92,169.1,0.0,22.64,22.65,12805,5908,3337,True
80092,07/04/2019,22:14:52,75.0,2.72,0.0,0.0,13.44,0.0,0.0,13.44,0.0,0.4,22.65,26.81,100,0,1,0.01,8.92,169.1,0.0,22.65,22.66,12820,5908,3337,True
80107,07/04/2019,22:15:07,74.9,2.73,0.0,0.0,13.43,0.0,0.0,13.43,0.0,0.0,22.67,26.81,100,0,1,0.01,8.92,169.1,-0.04,22.67,22.67,12835,5908,3337,True
80122,07/04/2019,22:15:22,75.0,2.72,0.0,0.0,13.43,0.0,0.0,13.43,0.01,0.0,22.67,26.81,100,0,1,0.01,8.92,169.1,0.0,22.68,22.68,12850,5908,3337,True
80137,07/04/2019,22:15:37,75.0,2.72,0.0,0.0,13.43,0.0,0.0,13.43,0.0,0.0,22.71,26.81,100,0,1,0.01,8.92,169.1,0.0,22.71,22.71,13061,5908,3337,True
80152,07/04/2019,22:15:52,75.0,2.72,0.0,0.0,13.43,0.0,0.0,13.43,0.02,0.0,22.71,26.81,100,0,1,0.01,8.92,169.1,0.0,22.71,22.71,13076,5908,3337,True
80167,07/04/2019,22:16:07,75.1,2.73,0.0,0.0,13.43,0.0,0.0,13.43,0.0,0.0,22.73,26.8,100,0,1,0.01,8.92,169.1,0.0,22.73,22.73,13091,5908,3337,True
80182,07/04/2019,22:16:22,75.1,2.73,0.0,0.0,13.41,0.0,0.0,13.39,0.0,0.0,22.73,26.79,100,0,1,0.01,8.92,169.1,0.0,22.73,22.73,13106,5908,3337,True
80197,07/04/2019,22:16:37,75.1,2.73,0.0,0.0,13.41,0.0,0.0,13.42,0.0,0.0,22.74,26.79,100,0,1,0.01,8.92,169.1,-0.03,22.74,22.74,13317,5908,3337,True
80212,07/04/2019,22:16:52,75.1,2.73,0.0,0.0,13.41,0.0,0.0,13.42,0.0,0.0,22.75,26.78,100,0,1,0.01,8.92,169.1,0.0,22.75,22.75,13332,5908,3337,True
80227,07/04/2019,22:17:07,75.1,2.73,0.0,0.0,13.39,0.0,0.0,13.4,0.0,0.0,22.76,26.78,100,0,1,0.01,8.92,169.1,0.0,22.75,22.75,13347,5908,3337,True
80242,07/04/2019,22:17:22,75.1,2.75,0.0,0.0,13.41,0.0,0.0,13.39,0.0,0.0,22.75,26.78,100,0,1,0.01,8.92,169.1,-0.04,22.75,22.75,13362,5908,3337,True
80257,07/04/2019,22:17:37,75.1,2.72,0.0,0.0,13.41,0.0,0.0,13.41,0.0,0.13,22.75,26.77,100,0,1,0.01,8.92,169.1,0.0,22.75,22.75,13573,5908,3337,True
80272,07/04/2019,22:17:52,75.1,2.73,0.0,0.0,13.39,0.0,0.0,13.4,0.0,0.0,22.76,26.76,100,0,1,0.01,8.92,169.1,0.0,22.76,22.76,13588,5908,3337,True
80287,07/04/2019,22:18:07,75.1,2.73,0.0,0.0,13.4,0.0,0.0,13.41,0.0,0.0,22.76,26.76,100,0,1,0.01,8.92,169.1,0.0,22.76,22.76,13603,5908,3337,True
80302,07/04/2019,22:18:22,75.2,2.73,0.0,0.0,13.41,0.0,0.0,13.41,0.0,0.13,22.76,26.76,100,0,1,0.01,8.92,169.1,-0.04,22.76,22.76,13618,5908,3337,True
80317,07/04/2019,22:18:37,75.2,2.73,0.0,0.0,13.38,0.0,0.0,13.4,0.0,0.0,22.76,26.75,100,0,1,0.01,8.92,169.1,-0.01,22.76,22.76,13829,5908,3337,True
80332,07/04/2019,22:18:52,75.2,2.74,0.0,0.0,13.38,0.0,0.0,13.39,0.0,0.0,22.76,26.75,100,0,1,0.01,8.92,169.1,0.0,22.76,22.76,13844,5908,3337,True
80347,07/04/2019,22:19:07,75.3,2.73,0.0,0.0,13.41,0.0,0.0,13.41,0.0,0.0,22.76,26.75,100,0,1,0.01,8.92,169.1,0.0,22.76,22.76,13859,5908,3337,True
80362,07/04/2019,22:19:22,75.3,2.73,0.0,0.0,13.39,0.0,0.0,13.36,0.0,0.53,22.77,26.74,100,0,1,0.01,8.92,169.1,0.0,22.77,22.77,13874,5908,3337,True
80377,07/04/2019,22:19:37,75.3,2.73,0.0,0.0,13.38,0.0,0.0,13.41,0.0,0.13,22.77,26.74,100,0,1,0.01,8.92,169.1,0.0,22.76,22.77,14085,5908,3337,True
80392,07/04/2019,22:19:52,75.3,2.74,0.0,0.0,13.41,0.0,0.0,13.41,0.03,0.0,22.77,26.73,100,0,1,0.01,8.92,169.1,0.0,22.77,22.77,14100,5908,3337,True
80407,07/04/2019,22:20:07,75.3,2.73,0.0,0.0,13.41,0.0,0.0,13.41,0.04,0.26,22.77,26.73,100,0,1,0.01,8.92,169.1,0.0,22.77,22.77,14115,5908,3337,True
80422,07/04/2019,22:20:22,75.3,2.74,0.0,0.0,13.41,0.0,0.0,13.41,0.04,0.0,22.78,26.73,100,0,1,0.01,8.92,169.1,-0.02,22.77,22.78,14130,5908,3337,True
80437,07/04/2019,22:20:37,75.3,2.75,0.0,0.0,13.41,0.0,0.0,13.41,0.0,0.0,22.78,26.73,100,0,1,0.01,8.92,169.1,0.0,22.78,22.78,14341,5908,3337,True
80452,07/04/2019,22:20:52,75.3,2.74,0.0,0.0,13.41,0.0,0.0,13.41,0.0,0.0,22.78,26.72,100,0,1,0.01,8.92,169.1,-0.03,22.78,22.78,14356,5908,3337,True
80467,07/04/2019,22:21:07,75.3,2.74,0.0,0.0,13.39,0.0,0.0,13.39,0.0,0.0,22.79,26.72,100,0,1,0.01,8.92,169.1,0.0,22.79,22.79,14371,5908,3337,True
80482,07/04/2019,22:21:22,75.3,2.75,0.0,0.0,13.39,0.0,0.0,13.39,0.0,0.4,22.8,26.72,100,0,1,0.01,8.92,169.1,0.0,22.8,22.8,14386,5908,3337,True
80497,07/04/2019,22:21:37,75.3,2.73,0.0,0.0,13.38,0.0,0.0,13.38,0.0,0.0,22.8,26.72,100,0,1,0.01,8.92,169.1,0.0,22.8,22.8,14597,5908,3337,True
80512,07/04/2019,22:21:52,75.3,2.74,0.0,0.0,13.37,0.0,0.0,13.38,0.0,0.0,22.8,26.71,100,0,1,0.01,8.92,169.1,0.0,22.8,22.8,14612,5908,3337,True
80527,07/04/2019,22:22:07,75.3,2.74,0.0,0.0,13.41,0.0,0.0,13.4,0.0,0.0,22.81,26.71,100,0,1,0.01,8.92,169.1,0.0,22.81,22.81,14627,5908,3337,True
80542,07/04/2019,22:22:22,75.3,2.75,0.0,0.0,13.41,0.0,0.0,13.4,0.0,0.0,22.81,26.7,100,0,1,0.01,8.92,169.1,0.0,22.82,22.81,14642,5908,3337,True
80557,07/04/2019,22:22:37,75.4,2.73,0.0,0.0,13.4,0.0,0.0,13.37,0.0,0.0,22.81,26.71,100,0,1,0.01,8.92,169.1,0.0,22.81,22.81,14853,5908,3337,True
80572,07/04/2019,22:22:52,75.3,2.75,0.0,0.0,13.39,0.0,0.0,13.39,0.0,0.0,22.81,26.7,100,0,1,0.01,8.92,169.1,0.0,22.82,22.82,14868,5908,3337,True
80587,07/04/2019,22:23:07,75.4,2.74,0.0,0.0,13.38,0.0,0.0,13.36,0.0,0.0,22.83,26.7,100,0,1,0.01,8.92,169.1,-0.04,22.82,22.82,14883,5908,3337,True
80602,07/04/2019,22:23:22,75.4,2.75,0.0,0.0,13.39,0.0,0.0,13.39,0.01,0.0,22.82,26.69,100,0,1,0.01,8.92,169.1,0.0,22.82,22.82,14898,5908,3337,True
80617,07/04/2019,22:23:37,75.4,2.75,0.0,0.0,13.36,0.0,0.0,13.36,0.0,0.0,22.82,26.69,100,0,1,0.01,8.92,169.1,0.0,22.82,22.82,15109,5908,3337,True
80632,07/04/2019,22:23:52,75.4,2.75,0.0,0.0,13.39,0.0,0.0,13.39,0.03,0.0,22.82,26.69,100,0,1,0.01,8.92,169.1,-0.02,22.82,22.82,15124,5908,3337,True
80647,07/04/2019,22:24:07,75.4,2.74,0.0,0.0,13.37,0.0,0.0,13.39,0.0,0.0,22.82,26.69,100,0,1,0.01,8.92,169.1,0.0,22.83,22.83,15139,5908,3337,True
80662,07/04/2019,22:24:22,75.4,2.73,0.0,0.0,13.35,0.0,0.0,13.38,0.02,0.26,22.83,26.68,100,0,1,0.01,8.92,169.1,0.0,22.83,22.83,15154,5908,3337,True
80677,07/04/2019,22:24:37,75.4,2.74,0.0,0.0,13.38,0.0,0.0,13.38,0.03,0.0,22.84,26.68,100,0,1,0.01,8.92,169.1,0.0,22.84,22.84,5,5909,3337,True
80692,07/04/2019,22:24:52,75.5,2.73,0.0,0.0,13.38,0.0,0.0,13.39,0.0,0.0,22.85,26.67,100,0,1,0.01,8.92,169.1,0.0,22.84,22.84,20,5909,3337,True
80707,07/04/2019,22:25:07,75.4,2.74,0.0,0.0,13.36,0.0,0.0,13.35,0.0,0.0,22.87,26.68,100,0,1,0.01,8.92,169.1,0.0,22.87,22.86,35,5909,3337,True
80722,07/04/2019,22:25:22,75.5,2.75,0.0,0.0,13.39,0.0,0.0,13.39,0.0,0.13,22.89,26.67,100,0,1,0.01,8.92,169.1,0.0,22.89,22.89,50,5909,3337,True
80737,07/04/2019,22:25:37,75.4,2.75,0.0,0.0,13.39,0.0,0.0,13.39,0.0,0.26,22.9,26.67,100,0,1,0.01,8.92,169.1,-0.03,22.9,22.9,261,5909,3337,True
80752,07/04/2019,22:25:52,75.5,2.75,0.0,0.0,13.39,0.0,0.0,13.39,0.0,0.66,22.91,26.66,100,0,1,0.01,8.92,169.1,0.0,22.91,22.9,276,5909,3337,True
80767,07/04/2019,22:26:07,75.5,2.75,0.0,0.0,13.39,0.0,0.0,13.39,0.0,0.0,22.91,26.66,100,0,1,0.01,8.92,169.1,-0.01,22.91,22.91,291,5909,3337,True
80782,07/04/2019,22:26:22,75.5,2.75,0.0,0.0,13.39,0.0,0.0,13.39,0.0,0.0,22.91,26.66,100,0,1,0.01,8.92,169.1,0.0,22.91,22.91,306,5909,3337,True
80797,07/04/2019,22:26:37,75.7,2.75,0.0,0.0,13.39,0.0,0.0,13.39,0.0,0.0,22.92,26.65,100,0,1,0.01,8.92,169.1,0.0,22.93,22.92,517,5909,3337,True
80812,07/04/2019,22:26:52,75.7,2.75,0.0,0.0,13.39,0.0,0.0,13.39,0.02,0.13,22.93,26.66,100,0,1,0.01,8.92,169.1,0.0,22.92,22.92,532,5909,3337,True
80827,07/04/2019,22:27:07,75.7,2.76,0.0,0.0,13.39,0.0,0.0,13.39,0.0,0.0,22.92,26.65,100,0,1,0.01,8.92,169.1,-0.02,22.92,22.93,547,5909,3337,True
80842,07/04/2019,22:27:22,75.7,2.75,0.0,0.0,13.39,0.0,0.0,13.39,0.04,0.0,22.93,26.64,100,0,1,0.01,8.92,169.1,0.0,22.93,22.93,562,5909,3337,True
80857,07/04/2019,22:27:37,75.5,2.74,0.0,0.0,13.39,0.0,0.0,13.39,0.01,0.0,22.94,26.65,100,0,1,0.01,8.92,169.1,0.0,22.94,22.95,773,5909,3337,True
80872,07/04/2019,22:27:52,75.7,2.75,0.0,0.0,13.39,0.0,0.0,13.39,0.0,0.0,22.94,26.64,100,0,1,0.01,8.92,169.1,0.0,22.94,22.94,788,5909,3337,True
80887,07/04/2019,22:28:07,75.5,2.74,0.0,0.0,13.39,0.0,0.0,13.39,0.01,0.0,22.95,26.64,100,0,1,0.01,8.92,169.1,0.0,22.95,22.95,803,5909,3337,True
80902,07/04/2019,22:28:22,75.7,2.74,0.0,0.0,13.39,0.0,0.0,13.39,0.0,0.0,22.94,26.63,100,0,1,0.01,8.92,169.1,0.0,22.94,22.95,818,5909,3337,True
80917,07/04/2019,22:28:37,75.7,2.75,0.0,0.0,13.39,0.0,0.0,13.39,0.04,0.26,22.96,26.63,100,0,1,0.01,8.92,169.1,0.0,22.96,22.96,1029,5909,3337,True
80932,07/04/2019,22:28:52,75.7,2.74,0.0,0.0,13.36,0.0,0.0,13.37,0.01,0.13,22.97,26.63,100,0,1,0.01,8.92,169.1,0.0,22.96,22.97,1044,5909,3337,True
80947,07/04/2019,22:29:07,75.7,2.75,0.0,0.0,13.38,0.0,0.0,13.38,0.0,0.0,22.97,26.63,100,0,1,0.01,8.92,169.1,0.0,22.97,22.97,1059,5909,3337,True
80962,07/04/2019,22:29:22,75.7,2.74,0.0,0.0,13.36,0.0,0.0,13.35,0.0,0.0,22.98,26.63,100,0,1,0.01,8.92,169.1,0.0,22.98,22.98,1074,5909,3337,True
80977,07/04/2019,22:29:37,75.7,2.75,0.0,0.0,13.35,0.0,0.0,13.36,0.0,0.0,22.98,26.62,100,0,1,0.01,8.92,169.1,0.0,22.98,22.98,1285,5909,3337,True
80992,07/04/2019,22:29:52,75.8,2.74,0.0,0.0,13.37,0.0,0.0,13.35,0.0,0.4,22.99,26.62,100,0,1,0.01,8.92,169.1,-0.04,23.0,22.99,1300,5909,3337,True
81007,07/04/2019,22:30:07,75.8,2.75,0.0,0.0,13.38,0.0,0.0,13.36,0.0,0.0,23.01,26.62,100,0,1,0.01,8.92,169.1,-0.01,23.01,23.01,1315,5909,3337,True
81022,07/04/2019,22:30:22,75.8,2.75,0.0,0.0,13.37,0.0,0.0,13.36,0.02,0.4,23.01,26.62,100,0,1,0.01,8.92,169.1,-0.04,23.01,23.01,1330,5909,3337,True
81037,07/04/2019,22:30:37,75.8,2.75,0.0,0.0,13.35,0.0,0.0,13.35,0.0,0.26,23.01,26.62,100,0,1,0.01,8.92,169.1,0.0,23.02,23.01,1541,5909,3337,True
81052,07/04/2019,22:30:52,75.8,2.75,0.0,0.0,13.37,0.0,0.0,13.35,0.03,0.0,23.01,26.61,100,0,1,0.01,8.92,169.1,0.0,23.02,23.01,1556,5909,3337,True
81067,07/04/2019,22:31:07,75.8,2.75,0.0,0.0,13.35,0.0,0.0,13.37,0.0,0.0,23.01,26.61,100,0,1,0.01,8.92,169.1,-0.01,23.01,23.02,1571,5909,3337,True
81082,07/04/2019,22:31:22,75.8,2.75,0.0,0.0,13.35,0.0,0.0,13.36,0.0,0.0,23.03,26.6,100,0,1,0.01,8.92,169.1,0.0,23.03,23.03,1586,5909,3337,True
81097,07/04/2019,22:31:37,75.8,2.75,0.0,0.0,13.35,0.0,0.0,13.36,0.0,0.0,23.04,26.6,100,0,1,0.01,8.92,169.1,0.0,23.03,23.03,1797,5909,3337,True
81112,07/04/2019,22:31:52,75.9,2.75,0.0,0.0,13.38,0.0,0.0,13.37,0.0,0.0,23.04,26.6,100,0,1,0.01,8.92,169.1,0.0,23.03,23.03,1812,5909,3337,True
81127,07/04/2019,22:32:07,75.9,2.75,0.0,0.0,13.38,0.0,0.0,13.38,0.0,0.0,23.04,26.59,100,0,1,0.01,8.92,169.1,0.0,23.04,23.04,1827,5909,3337,True
81142,07/04/2019,22:32:22,75.9,2.75,0.0,0.0,13.38,0.0,0.0,13.38,0.05,0.0,23.04,26.59,100,0,1,0.01,8.92,169.1,0.0,23.04,23.04,1842,5909,3337,True
81157,07/04/2019,22:32:37,75.9,2.75,0.0,0.0,13.38,0.0,0.0,13.38,0.0,0.0,23.05,26.59,100,0,1,0.01,8.92,169.1,0.0,23.05,23.05,2053,5909,3337,True
81172,07/04/2019,22:32:52,75.9,2.75,0.0,0.0,13.38,0.0,0.0,13.38,0.0,0.0,23.05,26.59,100,0,1,0.01,8.92,169.1,0.0,23.05,23.06,2068,5909,3337,True
81187,07/04/2019,22:33:07,75.9,2.75,0.0,0.0,13.38,0.0,0.0,13.38,0.0,0.0,23.06,26.58,100,0,1,0.01,8.92,169.1,-0.03,23.05,23.06,2083,5909,3337,True
81202,07/04/2019,22:33:22,75.9,2.75,0.0,0.0,13.38,0.0,0.0,13.37,0.03,0.0,23.05,26.59,100,0,1,0.01,8.92,169.1,0.0,23.05,23.05,2098,5909,3337,True
81217,07/04/2019,22:33:37,75.9,2.75,0.0,0.0,13.38,0.0,0.0,13.38,0.02,0.26,23.05,26.58,100,0,1,0.01,8.92,169.1,-0.02,23.05,23.06,2309,5909,3337,True
81232,07/04/2019,22:33:52,75.9,2.75,0.0,0.0,13.38,0.0,0.0,13.38,0.0,0.0,23.05,26.57,100,0,1,0.01,8.92,169.1,0.0,23.05,23.05,2324,5909,3337,True
81247,07/04/2019,22:34:07,75.9,2.75,0.0,0.0,13.38,0.0,0.0,13.37,0.0,0.0,23.05,26.58,100,0,1,0.01,8.92,169.1,0.0,23.05,23.05,2339,5909,3337,True
81262,07/04/2019,22:34:22,75.9,2.75,0.0,0.0,13.38,0.0,0.0,13.38,0.03,0.0,23.05,26.58,100,0,1,0.01,8.92,169.1,0.0,23.04,23.05,2354,5909,3337,True
81277,07/04/2019,22:34:37,75.9,2.75,0.0,0.0,13.38,0.0,0.0,13.38,0.0,0.53,23.05,26.58,100,0,1,0.01,8.92,169.1,0.0,23.05,23.05,2565,5909,3337,True
81292,07/04/2019,22:34:52,75.9,2.75,0.0,0.0,13.38,0.0,0.0,13.38,0.05,0.0,23.05,26.57,100,0,1,0.01,8.92,169.1,0.0,23.05,23.05,2580,5909,3337,True
81307,07/04/2019,22:35:07,75.9,2.75,0.0,0.0,13.38,0.0,0.0,13.38,0.0,0.0,23.05,26.57,100,0,1,0.01,8.92,169.1,-0.03,23.05,23.05,2595,5909,3337,True
81322,07/04/2019,22:35:22,76.0,2.75,0.0,0.0,13.33,0.0,0.0,13.35,0.0,0.13,23.06,26.57,100,0,1,0.01,8.92,169.1,0.0,23.06,23.06,2610,5909,3337,True
81337,07/04/2019,22:35:37,76.0,2.75,0.0,0.0,13.37,0.0,0.0,13.36,0.0,0.0,23.06,26.57,100,0,1,0.01,8.92,169.1,-0.03,23.06,23.06,2821,5909,3337,True
81352,07/04/2019,22:35:52,76.0,2.75,0.0,0.0,13.37,0.0,0.0,13.35,0.03,0.4,23.07,26.56,100,0,1,0.01,8.92,169.1,0.0,23.06,23.07,2836,5909,3337,True
81367,07/04/2019,22:36:07,76.0,2.75,0.0,0.0,13.36,0.0,0.0,13.37,0.01,0.0,23.06,26.56,100,0,1,0.01,8.92,169.1,0.0,23.06,23.06,2851,5909,3337,True
81382,07/04/2019,22:36:22,76.0,2.75,0.0,0.0,13.37,0.0,0.0,13.35,0.02,0.53,23.07,26.56,100,0,1,0.01,8.92,169.1,0.0,23.06,23.07,2866,5909,3337,True
81397,07/04/2019,22:36:37,76.0,2.75,0.0,0.0,13.36,0.0,0.0,13.37,0.02,0.0,23.07,26.55,100,0,1,0.01,8.92,169.1,0.0,23.07,23.07,3077,5909,3337,True
81412,07/04/2019,22:36:52,76.0,2.75,0.0,0.0,13.36,0.0,0.0,13.34,0.03,0.0,23.08,26.56,100,0,1,0.01,8.92,169.1,-0.03,23.08,23.08,3092,5909,3337,True
81427,07/04/2019,22:37:07,76.0,2.75,0.0,0.0,13.36,0.0,0.0,13.36,0.0,0.0,23.08,26.56,100,0,1,0.01,8.92,169.1,0.0,23.08,23.08,3107,5909,3337,True
81442,07/04/2019,22:37:22,76.0,2.75,0.0,0.0,13.34,0.0,0.0,13.36,0.0,0.0,23.08,26.55,100,0,1,0.01,8.92,169.1,0.0,23.09,23.09,3122,5909,3337,True
81457,07/04/2019,22:37:37,76.0,2.75,0.0,0.0,13.34,0.0,0.0,13.34,0.0,0.0,23.09,26.55,100,0,1,0.01,8.92,169.1,0.0,23.09,23.09,3333,5909,3337,True
81472,07/04/2019,22:37:52,76.0,2.75,0.0,0.0,13.34,0.0,0.0,13.36,0.02,0.0,23.09,26.54,100,0,1,0.01,8.92,169.1,0.0,23.09,23.09,3348,5909,3337,True
81487,07/04/2019,22:38:07,76.0,2.75,0.0,0.0,13.37,0.0,0.0,13.37,0.0,0.0,23.09,26.54,100,0,1,0.01,8.92,169.1,0.0,23.09,23.09,3363,5909,3337,True
81502,07/04/2019,22:38:22,76.0,2.75,0.0,0.0,13.37,0.0,0.0,13.37,0.0,0.0,23.1,26.54,100,0,1,0.01,8.92,169.1,0.0,23.1,23.1,3378,5909,3337,True
81517,07/04/2019,22:38:37,76.0,2.75,0.0,0.0,13.37,0.0,0.0,13.37,0.04,0.0,23.11,26.54,100,0,1,0.01,8.92,169.1,0.0,23.11,23.1,3589,5909,3337,True
81532,07/04/2019,22:38:52,76.0,2.75,0.0,0.0,13.37,0.0,0.0,13.37,0.01,0.0,23.11,26.54,100,0,1,0.01,8.92,169.1,0.0,23.1,23.1,3604,5909,3337,True
81547,07/04/2019,22:39:07,76.1,2.79,0.0,0.0,13.37,0.0,0.0,13.37,0.0,0.0,23.11,26.54,100,0,1,0.01,8.92,169.1,0.0,23.11,23.11,3619,5909,3337,True
81562,07/04/2019,22:39:22,76.1,2.76,0.0,0.0,13.37,0.0,0.0,13.37,0.0,0.0,23.11,26.53,100,0,1,0.01,8.92,169.1,0.0,23.11,23.11,3634,5909,3337,True
81577,07/04/2019,22:39:37,76.1,2.75,0.0,0.0,13.37,0.0,0.0,13.37,0.01,0.0,23.11,26.53,100,0,1,0.01,8.92,169.1,0.0,23.11,23.11,3845,5909,3337,True
81592,07/04/2019,22:39:52,76.1,2.83,0.0,0.0,13.37,0.0,0.0,13.37,0.0,0.0,23.12,26.53,100,0,1,0.01,8.92,169.1,-0.02,23.11,23.11,3860,5909,3337,True
81607,07/04/2019,22:40:07,76.1,2.76,0.0,0.0,13.37,0.0,0.0,13.37,0.0,0.0,23.12,26.53,100,0,1,0.01,8.92,169.1,0.0,23.12,23.12,3875,5909,3337,True
81622,07/04/2019,22:40:22,76.1,2.75,0.0,0.0,13.37,0.0,0.0,13.37,0.0,0.13,23.13,26.52,100,0,1,0.01,8.92,169.1,-0.02,23.13,23.13,3890,5909,3337,True
81637,07/04/2019,22:40:37,76.1,2.75,0.0,0.0,13.37,0.0,0.0,13.37,0.0,0.0,23.13,26.52,100,0,1,0.01,8.92,169.1,0.0,23.13,23.13,4101,5909,3337,True
81652,07/04/2019,22:40:52,76.1,2.75,0.0,0.0,13.36,0.0,0.0,13.37,0.0,0.0,23.13,26.52,100,0,1,0.01,8.92,169.1,-0.03,23.13,23.13,4116,5909,3337,True
81667,07/04/2019,22:41:07,76.1,2.75,0.0,0.0,13.37,0.0,0.0,13.37,0.0,0.0,23.13,26.52,100,0,1,0.01,8.92,169.1,-0.03,23.12,23.13,4131,5909,3337,True
81682,07/04/2019,22:41:22,76.2,2.75,0.0,0.0,13.37,0.0,0.0,13.37,0.04,0.0,23.13,26.52,100,0,1,0.01,8.92,169.1,0.0,23.13,23.13,4146,5909,3337,True
81697,07/04/2019,22:41:37,76.1,2.79,0.0,0.0,13.34,0.0,0.0,13.33,0.0,0.0,23.14,26.52,100,0,1,0.01,8.92,169.1,0.0,23.14,23.14,4357,5909,3337,True
81712,07/04/2019,22:41:52,76.2,2.76,0.0,0.0,13.36,0.0,0.0,13.34,0.0,0.0,23.15,26.52,100,0,1,0.01,8.92,169.1,0.0,23.15,23.14,4372,5909,3337,True
81727,07/04/2019,22:42:07,76.2,2.75,0.0,0.0,13.35,0.0,0.0,13.33,0.0,0.0,23.15,26.5,100,0,1,0.01,8.92,169.1,0.0,23.15,23.15,4387,5909,3337,True
81742,07/04/2019,22:42:22,76.2,2.76,0.0,0.0,13.36,0.0,0.0,13.36,0.0,0.0,23.16,26.51,100,0,1,0.01,8.92,169.1,0.0,23.16,23.15,4402,5909,3337,True
81757,07/04/2019,22:42:37,76.2,2.76,0.0,0.0,13.33,0.0,0.0,13.33,0.02,0.0,23.16,26.51,100,0,1,0.01,8.92,169.1,-0.02,23.16,23.16,4613,5909,3337,True
81772,07/04/2019,22:42:52,76.2,2.76,0.0,0.0,13.36,0.0,0.0,13.35,0.03,0.0,23.16,26.51,100,0,1,0.01,8.92,169.1,0.0,23.16,23.16,4628,5909,3337,True
81787,07/04/2019,22:43:07,76.2,2.75,0.0,0.0,13.35,0.0,0.0,13.35,0.0,0.0,23.18,26.5,100,0,1,0.01,8.92,169.1,0.0,23.18,23.18,4643,5909,3337,True
81802,07/04/2019,22:43:22,76.2,2.75,0.0,0.0,13.35,0.0,0.0,13.33,0.0,0.0,23.19,26.5,100,0,1,0.01,8.92,169.1,0.0,23.18,23.19,4658,5909,3337,True
81817,07/04/2019,22:43:37,76.2,2.75,0.0,0.0,13.35,0.0,0.0,13.35,0.02,0.53,23.19,26.5,100,0,1,0.01,8.92,169.1,0.0,23.19,23.2,4869,5909,3337,True
81832,07/04/2019,22:43:52,76.2,2.76,0.0,0.0,13.34,0.0,0.0,13.34,0.0,0.13,23.2,26.5,100,0,1,0.01,8.92,169.1,0.0,23.21,23.2,4884,5909,3337,True
81847,07/04/2019,22:44:07,76.2,2.75,0.0,0.0,13.33,0.0,0.0,13.35,0.0,0.0,23.22,26.49,100,0,1,0.01,8.92,169.1,0.0,23.23,23.22,4899,5909,3337,True
81862,07/04/2019,22:44:22,76.2,2.76,0.0,0.0,13.35,0.0,0.0,13.35,0.0,0.0,23.23,26.5,100,0,1,0.01,8.92,169.1,0.0,23.23,23.23,4914,5909,3337,True
81877,07/04/2019,22:44:37,76.2,2.76,0.0,0.0,13.35,0.0,0.0,13.33,0.0,0.39,23.24,26.49,100,0,1,0.01,8.92,169.1,-0.03,23.24,23.24,5125,5909,3337,True
81892,07/04/2019,22:44:52,76.2,2.76,0.0,0.0,13.37,0.0,0.0,13.37,0.0,0.0,23.24,26.49,100,0,1,0.01,8.92,169.1,-0.04,23.25,23.25,5140,5909,3337,True
81907,07/04/2019,22:45:07,76.2,2.76,0.0,0.0,13.37,0.0,0.0,13.36,0.0,0.4,23.26,26.49,100,0,1,0.01,8.92,169.1,0.0,23.26,23.26,5155,5909,3337,True
81922,07/04/2019,22:45:22,76.2,2.75,0.0,0.0,13.37,0.0,0.0,13.37,0.0,0.0,23.26,26.49,100,0,1,0.01,8.92,169.1,0.0,23.27,23.26,5170,5909,3337,True
81937,07/04/2019,22:45:37,76.2,2.75,0.0,0.0,13.37,0.0,0.0,13.37,0.0,0.0,23.27,26.48,100,0,1,0.01,8.92,169.1,0.0,23.27,23.27,5381,5909,3337,True
81952,07/04/2019,22:45:52,76.3,2.75,0.0,0.0,13.37,0.0,0.0,13.37,0.0,0.0,23.28,26.49,100,0,1,0.01,8.92,169.1,0.0,23.29,23.29,5396,5909,3337,True
81967,07/04/2019,22:46:07,76.2,2.76,0.0,0.0,13.37,0.0,0.0,13.37,0.0,0.0,23.28,26.48,100,0,1,0.01,8.92,169.1,0.0,23.28,23.27,5411,5909,3337,True
81982,07/04/2019,22:46:22,76.3,2.76,0.0,0.0,13.37,0.0,0.0,13.37,0.05,0.66,23.29,26.48,100,0,1,0.01,8.92,169.1,0.0,23.29,23.29,5426,5909,3337,True
81997,07/04/2019,22:46:37,76.3,2.75,0.0,0.0,13.37,0.0,0.0,13.36,0.0,0.0,23.29,26.48,100,0,1,0.01,8.92,169.1,0.0,23.29,23.3,5637,5909,3337,True
82012,07/04/2019,22:46:52,76.3,2.76,0.0,0.0,13.37,0.0,0.0,13.37,0.06,0.0,23.3,26.48,100,0,1,0.01,8.92,169.1,0.0,23.29,23.3,5652,5909,3337,True
82027,07/04/2019,22:47:07,76.3,2.76,0.0,0.0,13.37,0.0,0.0,13.37,0.0,0.0,23.3,26.48,100,0,1,0.01,8.92,169.1,0.0,23.3,23.3,5667,5909,3337,True
82042,07/04/2019,22:47:22,76.3,2.76,0.0,0.0,13.37,0.0,0.0,13.37,0.0,0.0,23.3,26.47,100,0,1,0.01,8.92,169.1,-0.02,23.3,23.3,5682,5909,3337,True
82057,07/04/2019,22:47:37,76.3,2.75,0.0,0.0,13.37,0.0,0.0,13.37,0.0,0.0,23.3,26.47,100,0,1,0.01,8.92,169.1,0.0,23.3,23.3,5893,5909,3337,True
82072,07/04/2019,22:47:52,76.3,2.75,0.0,0.0,13.37,0.0,0.0,13.37,0.04,0.0,23.3,26.47,100,0,1,0.01,8.92,169.1,-0.04,23.3,23.3,5908,5909,3337,True
82087,07/04/2019,22:48:07,76.3,2.76,0.0,0.0,13.37,0.0,0.0,13.37,0.0,0.0,23.3,26.46,100,0,1,0.01,8.92,169.1,0.0,23.29,23.3,5923,5909,3337,True
82102,07/04/2019,22:48:22,76.3,2.76,0.0,0.0,13.37,0.0,0.0,13.37,0.04,0.0,23.29,26.47,100,0,1,0.01,8.92,169.1,0.0,23.29,23.3,5938,5909,3337,True
82117,07/04/2019,22:48:37,76.3,2.76,0.0,0.0,13.36,0.0,0.0,13.34,0.0,0.0,23.29,26.46,100,0,1,0.01,8.92,169.1,0.0,23.29,23.29,6149,5909,3337,True
82132,07/04/2019,22:48:52,76.3,2.77,0.0,0.0,13.36,0.0,0.0,13.35,0.0,0.0,23.29,26.46,100,0,1,0.01,8.92,169.1,0.0,23.3,23.3,6164,5909,3337,True
82147,07/04/2019,22:49:07,76.3,2.75,0.0,0.0,13.33,0.0,0.0,13.34,0.02,0.0,23.29,26.46,100,0,1,0.01,8.92,169.1,-0.01,23.3,23.3,6179,5909,3337,True
82162,07/04/2019,22:49:22,76.3,2.77,0.0,0.0,13.35,0.0,0.0,13.36,0.0,0.13,23.29,26.46,100,0,1,0.01,8.92,169.1,0.0,23.29,23.29,6194,5909,3337,True
82177,07/04/2019,22:49:37,76.3,2.76,0.0,0.0,13.33,0.0,0.0,13.35,0.0,0.0,23.28,26.46,100,0,1,0.01,8.92,169.1,0.0,23.28,23.29,6405,5909,3337,True
82192,07/04/2019,22:49:52,76.3,2.77,0.0,0.0,13.36,0.0,0.0,13.36,0.0,0.0,23.29,26.46,100,0,1,0.01,8.92,169.1,0.0,23.29,23.29,6420,5909,3337,True
82207,07/04/2019,22:50:07,76.3,2.76,0.0,0.0,13.36,0.0,0.0,13.36,0.0,0.39,23.29,26.46,100,0,1,0.01,8.92,169.1,0.0,23.29,23.29,6435,5909,3337,True
82222,07/04/2019,22:50:22,76.3,2.75,0.0,0.0,13.34,0.0,0.0,13.36,0.0,0.66,23.29,26.45,100,0,1,0.01,8.92,169.1,0.0,23.28,23.29,6450,5909,3337,True
82237,07/04/2019,22:50:37,76.4,2.75,0.0,0.0,13.34,0.0,0.0,13.35,0.0,0.0,23.28,26.45,100,0,1,0.01,8.92,169.1,0.0,23.28,23.28,6661,5909,3337,True
82252,07/04/2019,22:50:52,76.4,2.75,0.0,0.0,13.33,0.0,0.0,13.35,0.0,0.13,23.29,26.45,100,0,1,0.01,8.92,169.1,0.0,23.29,23.28,6676,5909,3337,True
82267,07/04/2019,22:51:07,76.4,2.75,0.0,0.0,13.35,0.0,0.0,13.36,0.0,0.0,23.28,26.45,100,0,1,0.01,8.92,169.1,0.0,23.29,23.29,6691,5909,3337,True
82282,07/04/2019,22:51:22,76.4,2.75,0.0,0.0,13.35,0.0,0.0,13.35,0.04,0.53,23.29,26.45,100,0,1,0.01,8.92,169.1,-0.03,23.29,23.29,6706,5909,3337,True
82297,07/04/2019,22:51:37,76.4,2.75,0.0,0.0,13.34,0.0,0.0,13.33,0.01,0.0,23.29,26.45,100,0,1,0.01,8.92,169.1,0.0,23.29,23.29,6917,5909,3337,True
82312,07/04/2019,22:51:52,76.4,2.75,0.0,0.0,13.36,0.0,0.0,13.36,0.05,0.0,23.29,26.45,100,0,1,0.01,8.92,169.1,0.0,23.3,23.3,6932,5909,3337,True
82327,07/04/2019,22:52:07,76.4,2.75,0.0,0.0,13.36,0.0,0.0,13.36,0.0,0.0,23.29,26.44,100,0,1,0.01,8.92,169.1,0.0,23.3,23.3,6947,5909,3337,True
82342,07/04/2019,22:52:22,76.4,2.75,0.0,0.0,13.37,0.0,0.0,13.36,0.0,0.0,23.3,26.44,100,0,1,0.01,8.92,169.1,0.0,23.29,23.29,6962,5909,3337,True
82357,07/04/2019,22:52:37,76.4,2.75,0.0,0.0,13.36,0.0,0.0,13.36,0.04,0.4,23.3,26.44,100,0,1,0.01,8.92,169.1,-0.04,23.3,23.3,7173,5909,3337,True
82372,07/04/2019,22:52:52,76.4,2.75,0.0,0.0,13.37,0.0,0.0,13.36,0.0,0.0,23.3,26.44,100,0,1,0.01,8.92,169.1,0.0,23.3,23.3,7188,5909,3337,True
82387,07/04/2019,22:53:07,76.4,2.76,0.0,0.0,13.36,0.0,0.0,13.36,0.0,0.0,23.3,26.43,100,0,1,0.01,8.92,169.1,0.0,23.3,23.3,7203,5909,3337,True
82402,07/04/2019,22:53:22,76.4,2.75,0.0,0.0,13.37,0.0,0.0,13.36,0.0,0.0,23.3,26.44,100,0,1,0.01,8.92,169.1,0.0,23.29,23.3,7218,5909,3337,True
82417,07/04/2019,22:53:37,76.4,2.75,0.0,0.0,13.36,0.0,0.0,13.36,0.0,0.0,23.29,26.44,100,0,1,0.01,8.92,169.1,-0.03,23.29,23.29,7429,5909,3337,True
82432,07/04/2019,22:53:52,76.4,2.76,0.0,0.0,13.36,0.0,0.0,13.36,0.02,0.26,23.29,26.43,100,0,1,0.01,8.92,169.1,-0.02,23.29,23.29,7444,5909,3337,True
82447,07/04/2019,22:54:07,76.4,2.75,0.0,0.0,13.37,0.0,0.0,13.36,0.03,0.0,23.29,26.43,100,0,1,0.01,8.92,169.1,0.0,23.29,23.29,7459,5909,3337,True
82462,07/04/2019,22:54:22,76.4,2.75,0.0,0.0,13.36,0.0,0.0,13.36,0.0,0.0,23.29,26.43,100,0,1,0.01,8.92,169.1,0.0,23.29,23.29,7474,5909,3337,True
82477,07/04/2019,22:54:37,76.4,2.75,0.0,0.0,13.36,0.0,0.0,13.37,0.0,0.4,23.29,26.43,100,0,1,0.01,8.92,169.1,-0.03,23.3,23.3,7685,5909,3337,True
82492,07/04/2019,22:54:52,76.6,2.75,0.0,0.0,13.36,0.0,0.0,13.36,0.0,0.0,23.3,26.43,100,0,1,0.01,8.92,169.1,0.0,23.3,23.29,7700,5909,3337,True
82507,07/04/2019,22:55:07,76.6,2.76,0.0,0.0,13.37,0.0,0.0,13.36,0.03,0.0,23.3,26.43,100,0,1,0.01,8.92,169.1,0.0,23.3,23.3,7715,5909,3337,True
82522,07/04/2019,22:55:22,76.6,2.76,0.0,0.0,13.36,0.0,0.0,13.36,0.0,0.0,23.3,26.43,100,0,1,0.01,8.92,169.1,-0.02,23.3,23.3,7730,5909,3337,True
82537,07/04/2019,22:55:37,76.6,2.75,0.0,0.0,13.36,0.0,0.0,13.37,0.0,0.26,23.3,26.42,100,0,1,0.01,8.92,169.1,0.0,23.3,23.3,7941,5909,3337,True
82552,07/04/2019,22:55:52,76.6,2.76,0.0,0.0,13.35,0.0,0.0,13.33,0.04,0.0,23.31,26.43,100,0,1,0.01,8.92,169.1,0.0,23.32,23.3,7956,5909,3337,True
82567,07/04/2019,22:56:07,76.6,2.75,0.0,0.0,13.34,0.0,0.0,13.35,0.03,0.0,23.3,26.41,100,0,1,0.01,8.92,169.1,0.0,23.3,23.3,7971,5909,3337,True
82582,07/04/2019,22:56:22,76.6,2.77,0.0,0.0,13.34,0.0,0.0,13.36,0.0,0.0,23.3,26.42,100,0,1,0.01,8.92,169.1,0.0,23.3,23.3,7986,5909,3337,True
82597,07/04/2019,22:56:37,76.6,2.76,0.0,0.0,13.36,0.0,0.0,13.34,0.0,0.0,23.3,26.42,100,0,1,0.01,8.92,169.1,0.0,23.3,23.3,8197,5909,3337,True
82612,07/04/2019,22:56:52,76.6,2.76,0.0,0.0,13.34,0.0,0.0,13.33,0.0,0.0,23.3,26.42,100,0,1,0.01,8.92,169.1,-0.03,23.3,23.3,8212,5909,3337,True
82627,07/04/2019,22:57:07,76.6,2.76,0.0,0.0,13.35,0.0,0.0,13.34,0.0,0.26,23.3,26.41,100,0,1,0.01,8.92,169.1,0.0,23.31,23.31,8227,5909,3337,True
82642,07/04/2019,22:57:22,76.6,2.76,0.0,0.0,13.35,0.0,0.0,13.33,0.0,0.0,23.31,26.41,100,0,1,0.01,8.92,169.1,0.0,23.3,23.31,8242,5909,3337,True
82657,07/04/2019,22:57:37,76.6,2.79,0.0,0.0,13.35,0.0,0.0,13.33,0.0,0.0,23.31,26.41,100,0,1,0.01,8.92,169.1,-0.05,23.31,23.31,8453,5909,3337,True
82672,07/04/2019,22:57:52,76.6,2.77,0.0,0.0,13.35,0.0,0.0,13.34,0.0,0.0,23.32,26.41,100,0,1,0.01,8.92,169.1,-0.02,23.31,23.31,8468,5909,3337,True
82687,07/04/2019,22:58:07,76.6,2.76,0.0,0.0,13.34,0.0,0.0,13.33,0.0,0.0,23.31,26.41,100,0,1,0.01,8.92,169.1,0.0,23.3,23.31,8483,5909,3337,True
82702,07/04/2019,22:58:22,76.6,2.77,0.0,0.0,13.35,0.0,0.0,13.34,0.0,0.0,23.31,26.41,100,0,1,0.01,8.92,169.1,0.0,23.31,23.31,8498,5909,3337,True
82717,07/04/2019,22:58:37,76.6,2.76,0.0,0.0,13.32,0.0,0.0,13.35,0.0,0.0,23.31,26.4,100,0,1,0.01,8.92,169.1,0.0,23.31,23.31,8709,5909,3337,True
82732,07/04/2019,22:58:52,76.6,2.78,0.0,0.0,13.34,0.0,0.0,13.33,0.0,0.0,23.31,26.41,100,0,1,0.01,8.92,169.1,0.0,23.31,23.31,8724,5909,3337,True
82747,07/04/2019,22:59:07,76.6,2.76,0.0,0.0,13.36,0.0,0.0,13.36,0.0,0.0,23.32,26.4,100,0,1,0.01,8.92,169.1,-0.04,23.32,23.31,8739,5909,3337,True
82762,07/04/2019,22:59:22,76.6,2.78,0.0,0.0,13.35,0.0,0.0,13.36,0.0,0.0,23.32,26.4,100,0,1,0.01,8.92,169.1,0.0,23.32,23.32,8754,5909,3337,True
82777,07/04/2019,22:59:37,76.6,2.77,0.0,0.0,13.36,0.0,0.0,13.36,0.02,0.0,23.33,26.4,100,0,1,0.01,8.92,169.1,0.0,23.33,23.32,8965,5909,3337,True
82792,07/04/2019,22:59:52,76.7,2.78,0.0,0.0,13.36,0.0,0.0,13.36,0.0,0.0,23.32,26.4,100,0,1,0.01,8.92,169.1,0.0,23.33,23.32,8980,5909,3337,True
82807,07/04/2019,23:00:07,76.7,2.78,0.0,0.0,13.36,0.0,0.0,13.36,0.0,0.0,23.33,26.4,100,0,1,0.01,8.92,169.1,0.0,23.34,23.33,8995,5909,3337,True
82822,07/04/2019,23:00:22,76.6,2.77,0.0,0.0,13.36,0.0,0.0,13.36,0.0,0.26,23.34,26.4,100,0,1,0.01,8.92,169.1,-0.03,23.34,23.33,9010,5909,3337,True
82837,07/04/2019,23:00:37,76.7,2.77,0.0,0.0,13.36,0.0,0.0,13.36,0.0,0.0,23.34,26.4,100,0,1,0.01,8.92,169.1,0.0,23.34,23.34,9221,5909,3337,True
82852,07/04/2019,23:00:52,76.7,2.77,0.0,0.0,13.36,0.0,0.0,13.36,0.0,0.0,23.34,26.4,100,0,1,0.01,8.92,169.1,-0.03,23.34,23.34,9236,5909,3337,True
82867,07/04/2019,23:01:07,76.7,2.79,0.0,0.0,13.36,0.0,0.0,13.36,0.0,0.13,23.34,26.4,100,0,1,0.01,8.92,169.1,0.0,23.34,23.35,9251,5909,3337,True
82882,07/04/2019,23:01:22,76.7,2.78,0.0,0.0,13.36,0.0,0.0,13.36,0.0,0.0,23.35,26.39,100,0,1,0.01,8.92,169.1,0.0,23.34,23.35,9266,5909,3337,True
82897,07/04/2019,23:01:37,76.7,2.78,0.0,0.0,13.36,0.0,0.0,13.36,0.0,0.0,23.35,26.39,100,0,1,0.01,8.92,169.1,0.0,23.35,23.35,9477,5909,3337,True
82912,07/04/2019,23:01:52,76.7,2.78,0.0,0.0,13.36,0.0,0.0,13.36,0.0,0.0,23.35,26.39,100,0,1,0.01,8.92,169.1,0.0,23.35,23.35,9492,5909,3337,True
82927,07/04/2019,23:02:07,76.7,2.78,0.0,0.0,13.36,0.0,0.0,13.36,0.02,0.0,23.36,26.39,100,0,1,0.01,8.92,169.1,0.0,23.36,23.36,9507,5909,3337,True
82942,07/04/2019,23:02:22,76.7,2.79,0.0,0.0,13.36,0.0,0.0,13.36,0.05,0.66,23.37,26.39,100,0,1,0.01,8.92,169.1,0.0,23.37,23.36,9522,5909,3337,True
82957,07/04/2019,23:02:37,76.7,2.78,0.0,0.0,13.36,0.0,0.0,13.36,0.0,0.0,23.38,26.39,100,0,1,0.01,8.92,169.1,0.0,23.37,23.37,9733,5909,3337,True
82972,07/04/2019,23:02:52,76.7,2.78,0.0,0.0,13.36,0.0,0.0,13.36,0.0,0.0,23.38,26.39,100,0,1,0.01,8.92,169.1,0.0,23.37,23.38,9748,5909,3337,True
82987,07/04/2019,23:03:07,76.7,2.79,0.0,0.0,13.35,0.0,0.0,13.35,0.0,0.0,23.38,26.39,100,0,1,0.01,8.92,169.1,0.0,23.38,23.38,9763,5909,3337,True
83002,07/04/2019,23:03:22,76.7,2.8,0.0,0.0,13.35,0.0,0.0,13.33,0.0,0.0,23.38,26.39,100,0,1,0.01,8.92,169.1,0.0,23.38,23.38,9778,5909,3337,True
83017,07/04/2019,23:03:37,76.7,2.78,0.0,0.0,13.36,0.0,0.0,13.34,0.0,0.53,23.39,26.39,100,0,1,0.01,8.92,169.1,-0.05,23.38,23.38,9989,5909,3337,True
83032,07/04/2019,23:03:52,76.7,2.78,0.0,0.0,13.33,0.0,0.0,13.34,0.0,0.0,23.39,26.38,100,0,1,0.01,8.92,169.1,0.0,23.38,23.38,10004,5909,3337,True
83047,07/04/2019,23:04:07,76.7,2.78,0.0,0.0,13.33,0.0,0.0,13.33,0.04,0.0,23.4,26.38,100,0,1,0.01,8.92,169.1,0.0,23.39,23.39,10019,5909,3337,True
83062,07/04/2019,23:04:22,76.7,2.77,0.0,0.0,13.35,0.0,0.0,13.35,0.01,0.26,23.4,26.38,100,0,1,0.01,8.92,169.1,-0.02,23.4,23.39,10034,5909,3337,True
83077,07/04/2019,23:04:37,76.7,2.77,0.0,0.0,13.32,0.0,0.0,13.35,0.02,0.26,23.4,26.37,100,0,1,0.01,8.92,169.1,-0.03,23.4,23.4,10245,5909,3337,True
83092,07/04/2019,23:04:52,76.7,2.78,0.0,0.0,13.35,0.0,0.0,13.34,0.01,0.53,23.39,26.38,100,0,1,0.01,8.92,169.1,-0.05,23.4,23.4,10260,5909,3337,True
83107,07/04/2019,23:05:07,76.8,2.79,0.0,0.0,13.33,0.0,0.0,13.33,0.0,0.0,23.4,26.38,100,0,1,0.01,8.92,169.1,-0.04,23.4,23.4,10275,5909,3337,True
83122,07/04/2019,23:05:22,76.8,2.79,0.0,0.0,13.33,0.0,0.0,13.33,0.0,0.53,23.41,26.38,100,0,1,0.01,8.92,169.1,0.0,23.4,23.41,10290,5909,3337,True
83137,07/04/2019,23:05:37,76.7,2.79,0.0,0.0,13.34,0.0,0.0,13.32,0.04,0.79,23.41,26.38,100,0,1,0.01,8.92,169.1,0.0,23.41,23.41,10501,5909,3337,True
83152,07/04/2019,23:05:52,76.8,2.87,0.0,0.0,13.35,0.0,0.0,13.34,0.0,0.0,23.41,26.38,100,0,1,0.01,8.92,169.1,0.0,23.41,23.41,10516,5909,3337,True
83167,07/04/2019,23:06:07,76.8,2.78,0.0,0.0,13.35,0.0,0.0,13.35,0.0,0.0,23.4,26.38,100,0,1,0.01,8.92,169.1,-0.03,23.41,23.41,10531,5909,3337,True
83182,07/04/2019,23:06:22,76.8,2.78,0.0,0.0,13.35,0.0,0.0,13.36,0.0,0.53,23.41,26.37,100,0,1,0.01,8.92,169.1,0.0,23.41,23.41,10546,5909,3337,True
83197,07/04/2019,23:06:37,76.8,2.77,0.0,0.0,13.36,0.0,0.0,13.36,0.0,0.0,23.41,26.37,100,0,1,0.01,8.92,169.1,0.0,23.41,23.41,10757,5909,3337,True
83212,07/04/2019,23:06:52,76.8,2.78,0.0,0.0,13.36,0.0,0.0,13.35,0.04,0.53,23.42,26.37,100,0,1,0.01,8.92,169.1,-0.02,23.41,23.41,10772,5909,3337,True
83227,07/04/2019,23:07:07,76.8,2.78,0.0,0.0,13.36,0.0,0.0,13.36,0.0,0.0,23.42,26.37,100,0,1,0.01,8.92,169.1,0.0,23.42,23.42,10787,5909,3337,True
83242,07/04/2019,23:07:22,76.8,2.79,0.0,0.0,13.36,0.0,0.0,13.35,0.0,0.0,23.42,26.36,100,0,1,0.01,8.92,169.1,-0.03,23.41,23.42,10802,5909,3337,True
83257,07/04/2019,23:07:37,76.8,2.79,0.0,0.0,13.36,0.0,0.0,13.35,0.04,0.0,23.42,26.37,100,0,1,0.01,8.92,169.1,0.0,23.42,23.41,11013,5909,3337,True
83272,07/04/2019,23:07:52,76.8,2.78,0.0,0.0,13.36,0.0,0.0,13.36,0.0,0.13,23.41,26.37,100,0,1,0.01,8.92,169.1,0.0,23.41,23.41,11028,5909,3337,True
83287,07/04/2019,23:08:07,76.8,2.76,0.0,0.0,13.36,0.0,0.0,13.36,0.02,0.0,23.42,26.36,100,0,1,0.01,8.92,169.1,0.0,23.41,23.41,11043,5909,3337,True
83302,07/04/2019,23:08:22,76.8,2.77,0.0,0.0,13.36,0.0,0.0,13.35,0.04,0.0,23.42,26.36,100,0,1,0.01,8.92,169.1,0.0,23.42,23.42,11058,5909,3337,True
83317,07/04/2019,23:08:37,76.8,2.77,0.0,0.0,13.35,0.0,0.0,13.35,0.03,0.4,23.43,26.37,100,0,1,0.01,8.92,169.1,-0.01,23.43,23.42,11269,5909,3337,True
83332,07/04/2019,23:08:52,76.8,2.76,0.0,0.0,13.36,0.0,0.0,13.35,0.0,0.26,23.43,26.36,100,0,1,0.01,8.92,169.1,0.0,23.43,23.42,11284,5909,3337,True
83347,07/04/2019,23:09:07,76.8,2.77,0.0,0.0,13.36,0.0,0.0,13.36,0.02,0.26,23.42,26.36,100,0,1,0.01,8.92,169.1,-0.05,23.42,23.42,11299,5909,3337,True
83362,07/04/2019,23:09:22,76.8,2.78,0.0,0.0,13.36,0.0,0.0,13.35,0.0,0.0,23.42,26.36,100,0,1,0.01,8.92,169.1,0.0,23.42,23.42,11314,5909,3337,True
83377,07/04/2019,23:09:37,76.9,2.76,0.0,0.0,13.36,0.0,0.0,13.36,0.0,0.0,23.43,26.36,100,0,1,0.01,8.92,169.1,0.0,23.43,23.43,11525,5909,3337,True
83392,07/04/2019,23:09:52,76.9,2.76,0.0,0.0,13.36,0.0,0.0,13.36,0.0,0.0,23.43,26.36,100,0,1,0.01,8.92,169.1,0.0,23.44,23.44,11540,5909,3337,True
83407,07/04/2019,23:10:07,76.9,2.77,0.0,0.0,13.36,0.0,0.0,13.36,0.0,0.66,23.45,26.35,100,0,1,0.01,8.92,169.1,0.0,23.44,23.44,11555,5909,3337,True
83422,07/04/2019,23:10:22,76.9,2.77,0.0,0.0,13.36,0.0,0.0,13.36,0.05,0.0,23.44,26.35,100,0,1,0.01,8.92,169.1,-0.03,23.44,23.44,11570,5909,3337,True
83437,07/04/2019,23:10:37,76.9,2.77,0.0,0.0,13.34,0.0,0.0,13.35,0.0,0.66,23.46,26.35,100,0,1,0.01,8.92,169.1,-0.02,23.45,23.45,11781,5909,3337,True
83452,07/04/2019,23:10:52,76.9,2.77,0.0,0.0,13.32,0.0,0.0,13.34,0.0,0.0,23.46,26.36,100,0,1,0.01,8.92,169.1,0.0,23.46,23.46,11796,5909,3337,True
83467,07/04/2019,23:11:07,76.9,2.77,0.0,0.0,13.35,0.0,0.0,13.34,0.03,0.0,23.46,26.35,100,0,1,0.01,8.92,169.1,0.0,23.47,23.46,11811,5909,3337,True
83482,07/04/2019,23:11:22,76.9,2.77,0.0,0.0,13.35,0.0,0.0,13.33,0.0,0.0,23.46,26.35,100,0,1,0.01,8.92,169.1,-0.04,23.46,23.46,11826,5909,3337,True
83497,07/04/2019,23:11:37,76.9,2.76,0.0,0.0,13.33,0.0,0.0,13.35,0.0,0.0,23.47,26.35,100,0,1,0.01,8.92,169.1,0.0,23.47,23.47,12037,5909,3337,True
83512,07/04/2019,23:11:52,76.9,2.75,0.0,0.0,13.33,0.0,0.0,13.32,0.05,0.0,23.47,26.35,100,0,1,0.01,8.92,169.1,0.0,23.47,23.47,12052,5909,3337,True
83527,07/04/2019,23:12:07,76.9,2.78,0.0,0.0,13.35,0.0,0.0,13.34,0.0,0.0,23.48,26.35,100,0,1,0.01,8.92,169.1,0.0,23.48,23.48,12067,5909,3337,True
83542,07/04/2019,23:12:22,76.9,2.78,0.0,0.0,13.34,0.0,0.0,13.35,0.0,0.0,23.48,26.35,100,0,1,0.01,8.92,169.1,0.0,23.48,23.48,12082,5909,3337,True
83557,07/04/2019,23:12:37,76.9,2.78,0.0,0.0,13.32,0.0,0.0,13.33,0.0,0.0,23.49,26.35,100,0,1,0.01,8.92,169.1,0.0,23.48,23.49,12293,5909,3337,True
83572,07/04/2019,23:12:52,76.9,2.78,0.0,0.0,13.34,0.0,0.0,13.35,0.0,0.0,23.49,26.35,100,0,1,0.01,8.92,169.1,-0.05,23.5,23.49,12308,5909,3337,True
83587,07/04/2019,23:13:07,76.9,2.77,0.0,0.0,13.32,0.0,0.0,13.34,0.0,0.0,23.5,26.35,100,0,1,0.01,8.92,169.1,0.0,23.49,23.49,12323,5909,3337,True
83602,07/04/2019,23:13:22,76.9,2.79,0.0,0.0,13.35,0.0,0.0,13.35,0.0,0.0,23.49,26.34,100,0,1,0.01,8.92,169.1,-0.03,23.49,23.49,12338,5909,3337,True
83617,07/04/2019,23:13:37,76.9,2.77,0.0,0.0,13.36,0.0,0.0,13.35,0.02,0.0,23.5,26.34,100,0,1,0.01,8.92,169.1,0.0,23.5,23.5,12549,5909,3337,True
83632,07/04/2019,23:13:52,76.9,2.77,0.0,0.0,13.35,0.0,0.0,13.35,0.0,0.0,23.5,26.35,100,0,1,0.01,8.92,169.1,-0.01,23.5,23.5,12564,5909,3337,True
83647,07/04/2019,23:14:07,76.9,2.79,0.0,0.0,13.35,0.0,0.0,13.35,0.0,0.53,23.49,26.34,100,0,1,0.01,8.92,169.1,0.0,23.5,23.5,12579,5909,3337,True
83662,07/04/2019,23:14:22,76.9,2.77,0.0,0.0,13.35,0.0,0.0,13.35,0.0,0.0,23.5,26.34,100,0,1,0.01,8.92,169.1,0.0,23.5,23.5,12594,5909,3337,True
83677,07/04/2019,23:14:37,76.9,2.77,0.0,0.0,13.36,0.0,0.0,13.36,0.0,0.0,23.5,26.34,100,0,1,0.01,8.92,169.1,0.0,23.5,23.5,12805,5909,3337,True
83692,07/04/2019,23:14:52,76.9,2.78,0.0,0.0,13.35,0.0,0.0,13.35,0.05,0.0,23.5,26.34,100,0,1,0.01,8.92,169.1,-0.02,23.5,23.5,12820,5909,3337,True
83707,07/04/2019,23:15:07,76.9,2.77,0.0,0.0,13.35,0.0,0.0,13.36,0.0,0.13,23.5,26.34,100,0,1,0.01,8.92,169.1,0.0,23.51,23.5,12835,5909,3337,True
83722,07/04/2019,23:15:22,76.9,2.77,0.0,0.0,13.36,0.0,0.0,13.35,0.0,0.0,23.51,26.33,100,0,1,0.01,8.92,169.1,0.0,23.51,23.51,12850,5909,3337,True
83737,07/04/2019,23:15:37,76.9,2.78,0.0,0.0,13.35,0.0,0.0,13.35,0.03,0.0,23.52,26.33,100,0,1,0.01,8.92,169.1,0.0,23.51,23.51,13061,5909,3337,True
83752,07/04/2019,23:15:52,76.9,2.78,0.0,0.0,13.35,0.0,0.0,13.36,0.0,0.4,23.51,26.33,100,0,1,0.01,8.92,169.1,0.0,23.51,23.51,13076,5909,3337,True
83767,07/04/2019,23:16:07,76.9,2.77,0.0,0.0,13.35,0.0,0.0,13.36,0.0,0.0,23.51,26.34,100,0,1,0.01,8.92,169.1,0.0,23.51,23.52,13091,5909,3337,True
83782,07/04/2019,23:16:22,76.9,2.77,0.0,0.0,13.35,0.0,0.0,13.36,0.0,0.26,23.52,26.33,100,0,1,0.01,8.92,169.1,-0.04,23.52,23.52,13106,5909,3337,True
83797,07/04/2019,23:16:37,77.0,2.77,0.0,0.0,13.35,0.0,0.0,13.35,0.0,0.0,23.52,26.33,100,0,1,0.01,8.92,169.1,0.0,23.51,23.51,13317,5909,3337,True
83812,07/04/2019,23:16:52,76.9,2.78,0.0,0.0,13.36,0.0,0.0,13.35,0.03,0.4,23.52,26.33,100,0,1,0.01,8.92,169.1,0.0,23.52,23.51,13332,5909,3337,True
83827,07/04/2019,23:17:07,77.0,2.77,0.0,0.0,13.35,0.0,0.0,13.35,0.0,0.0,23.52,26.33,100,0,1,0.01,8.92,169.1,0.0,23.52,23.52,13347,5909,3337,True
83842,07/04/2019,23:17:22,77.0,2.77,0.0,0.0,13.36,0.0,0.0,13.35,0.0,0.0,23.52,26.33,100,0,1,0.01,8.92,169.1,0.0,23.52,23.52,13362,5909,3337,True
83857,07/04/2019,23:17:37,77.0,2.78,0.0,0.0,13.35,0.0,0.0,13.35,0.0,0.0,23.53,26.33,100,0,1,0.01,8.92,169.1,0.0,23.53,23.52,13573,5909,3337,True
83872,07/04/2019,23:17:52,77.0,2.78,0.0,0.0,13.34,0.0,0.0,13.34,0.0,0.0,23.52,26.33,100,0,1,0.01,8.92,169.1,0.0,23.52,23.52,13588,5909,3337,True
83887,07/04/2019,23:18:07,77.0,2.78,0.0,0.0,13.32,0.0,0.0,13.33,0.0,0.26,23.53,26.33,100,0,1,0.01,8.92,169.1,0.0,23.53,23.53,13603,5909,3337,True
83902,07/04/2019,23:18:22,77.0,2.79,0.0,0.0,13.33,0.0,0.0,13.35,0.0,0.4,23.53,26.33,100,0,1,0.01,8.92,169.1,0.0,23.53,23.53,13618,5909,3337,True
83917,07/04/2019,23:18:37,77.0,2.78,0.0,0.0,13.33,0.0,0.0,13.32,0.0,0.0,23.53,26.33,100,0,1,0.01,8.92,169.1,-0.03,23.53,23.53,13829,5909,3337,True
83932,07/04/2019,23:18:52,77.0,2.79,0.0,0.0,13.34,0.0,0.0,13.33,0.0,0.0,23.53,26.32,100,0,1,0.01,8.92,169.1,0.0,23.53,23.53,13844,5909,3337,True
83947,07/04/2019,23:19:07,77.0,2.78,0.0,0.0,13.33,0.0,0.0,13.34,0.0,0.0,23.53,26.32,100,0,1,0.01,8.92,169.1,0.0,23.53,23.53,13859,5909,3337,True
83962,07/04/2019,23:19:22,77.0,2.78,0.0,0.0,13.33,0.0,0.0,13.32,0.0,0.0,23.53,26.33,100,0,1,0.01,8.92,169.1,0.0,23.54,23.53,13874,5909,3337,True
83977,07/04/2019,23:19:37,77.0,2.78,0.0,0.0,13.35,0.0,0.0,13.34,0.0,0.0,23.53,26.32,100,0,1,0.01,8.92,169.1,-0.05,23.53,23.53,14085,5909,3337,True
83992,07/04/2019,23:19:52,77.0,2.78,0.0,0.0,13.33,0.0,0.0,13.32,0.0,0.39,23.54,26.32,100,0,1,0.01,8.92,169.1,0.0,23.53,23.53,14100,5909,3337,True
84007,07/04/2019,23:20:07,77.0,2.78,0.0,0.0,13.35,0.0,0.0,13.34,0.03,0.0,23.53,26.32,100,0,1,0.01,8.92,169.1,0.0,23.54,23.54,14115,5909,3337,True
84022,07/04/2019,23:20:22,77.0,2.77,0.0,0.0,13.33,0.0,0.0,13.32,0.0,0.0,23.54,26.32,100,0,1,0.01,8.92,169.1,-0.03,23.54,23.54,14130,5909,3337,True
84037,07/04/2019,23:20:37,77.0,2.78,0.0,0.0,13.32,0.0,0.0,13.34,0.0,0.0,23.55,26.32,100,0,1,0.01,8.92,169.1,0.0,23.54,23.55,14341,5909,3337,True
84052,07/04/2019,23:20:52,77.0,2.78,0.0,0.0,13.35,0.0,0.0,13.35,0.04,0.0,23.54,26.32,100,0,1,0.01,8.92,169.1,0.0,23.54,23.54,14356,5909,3337,True
84067,07/04/2019,23:21:07,77.0,2.78,0.0,0.0,13.35,0.0,0.0,13.35,0.0,0.26,23.55,26.31,100,0,1,0.01,8.92,169.1,-0.04,23.56,23.56,14371,5909,3337,True
84082,07/04/2019,23:21:22,77.0,2.79,0.0,0.0,13.35,0.0,0.0,13.35,0.0,0.53,23.55,26.32,100,0,1,0.01,8.92,169.1,-0.05,23.55,23.55,14386,5909,3337,True
84097,07/04/2019,23:21:37,77.0,2.77,0.0,0.0,13.35,0.0,0.0,13.35,0.0,0.0,23.56,26.32,100,0,1,0.01,8.92,169.1,0.0,23.56,23.55,14597,5909,3337,True
84112,07/04/2019,23:21:52,77.0,2.79,0.0,0.0,13.35,0.0,0.0,13.35,0.0,0.0,23.56,26.31,100,0,1,0.01,8.92,169.1,0.0,23.55,23.55,14612,5909,3337,True
84127,07/04/2019,23:22:07,77.0,2.79,0.0,0.0,13.35,0.0,0.0,13.35,0.0,0.4,23.56,26.31,100,0,1,0.01,8.92,169.1,-0.04,23.56,23.56,14627,5909,3337,True
84142,07/04/2019,23:22:22,77.0,2.79,0.0,0.0,13.35,0.0,0.0,13.35,0.0,0.0,23.56,26.31,100,0,1,0.01,8.92,169.1,0.0,23.56,23.56,14642,5909,3337,True
84157,07/04/2019,23:22:37,77.0,2.79,0.0,0.0,13.35,0.0,0.0,13.35,0.0,0.0,23.56,26.31,100,0,1,0.01,8.92,169.1,0.0,23.56,23.56,14853,5909,3337,True
84172,07/04/2019,23:22:52,77.0,2.79,0.0,0.0,13.35,0.0,0.0,13.35,0.05,0.0,23.57,26.32,100,0,1,0.01,8.92,169.1,0.0,23.56,23.56,14868,5909,3337,True
84187,07/04/2019,23:23:07,77.1,2.78,0.0,0.0,13.35,0.0,0.0,13.35,0.0,0.0,23.56,26.3,100,0,1,0.01,8.92,169.1,-0.03,23.56,23.56,14883,5909,3337,True
84202,07/04/2019,23:23:22,77.1,2.79,0.0,0.0,13.36,0.0,0.0,13.35,0.0,0.13,23.56,26.31,100,0,1,0.01,8.92,169.1,-0.04,23.57,23.57,14898,5909,3337,True
84217,07/04/2019,23:23:37,77.1,2.77,0.0,0.0,13.35,0.0,0.0,13.35,0.0,0.0,23.57,26.31,100,0,1,0.01,8.92,169.1,0.0,23.57,23.56,15109,5909,3337,True
84232,07/04/2019,23:23:52,77.1,2.79,0.0,0.0,13.36,0.0,0.0,13.35,0.0,0.0,23.57,26.31,100,0,1,0.01,8.92,169.1,0.0,23.57,23.57,15124,5909,3337,True
84247,07/04/2019,23:24:07,77.1,2.79,0.0,0.0,13.35,0.0,0.0,13.35,0.05,0.0,23.56,26.3,100,0,1,0.01,8.92,169.1,-0.03,23.57,23.57,15139,5909,3337,True
84262,07/04/2019,23:24:22,77.1,2.78,0.0,0.0,13.35,0.0,0.0,13.35,0.0,0.0,23.57,26.3,100,0,1,0.01,8.92,169.1,0.0,23.57,23.57,15154,5909,3337,True
84277,07/04/2019,23:24:37,77.1,2.77,0.0,0.0,13.35,0.0,0.0,13.36,0.01,0.0,23.57,26.31,100,0,1,0.01,8.92,169.1,0.0,23.56,23.56,5,5910,3337,True
84292,07/04/2019,23:24:52,77.1,2.77,0.0,0.0,13.35,0.0,0.0,13.35,0.0,0.0,23.57,26.31,100,0,1,0.01,8.92,169.1,0.0,23.57,23.57,20,5910,3337,True
84307,07/04/2019,23:25:07,77.1,2.77,0.0,0.0,13.35,0.0,0.0,13.34,0.0,0.0,23.57,26.31,100,0,1,0.01,8.92,169.1,-0.04,23.58,23.57,35,5910,3337,True
84322,07/04/2019,23:25:22,77.1,2.79,0.0,0.0,13.34,0.0,0.0,13.35,0.0,0.0,23.58,26.3,100,0,1,0.01,8.92,169.1,0.0,23.59,23.58,50,5910,3337,True
84337,07/04/2019,23:25:37,77.1,2.79,0.0,0.0,13.33,0.0,0.0,13.31,0.0,0.66,23.59,26.3,100,0,1,0.01,8.92,169.1,0.0,23.58,23.58,261,5910,3337,True
84352,07/04/2019,23:25:52,77.1,2.78,0.0,0.0,13.32,0.0,0.0,13.33,0.0,0.0,23.58,26.31,100,0,1,0.01,8.92,169.1,0.0,23.58,23.58,276,5910,3337,True
84367,07/04/2019,23:26:07,77.1,2.77,0.0,0.0,13.34,0.0,0.0,13.33,0.02,0.0,23.58,26.3,100,0,1,0.01,8.92,169.1,-0.03,23.58,23.58,291,5910,3337,True
84382,07/04/2019,23:26:22,77.1,2.78,0.0,0.0,13.34,0.0,0.0,13.32,0.05,0.0,23.59,26.3,100,0,1,0.01,8.92,169.1,0.0,23.58,23.59,306,5910,3337,True
84397,07/04/2019,23:26:37,77.1,2.77,0.0,0.0,13.34,0.0,0.0,13.32,0.02,0.0,23.58,26.3,100,0,1,0.01,8.92,169.1,-0.01,23.59,23.59,517,5910,3337,True
84412,07/04/2019,23:26:52,77.1,2.79,0.0,0.0,13.35,0.0,0.0,13.33,0.02,0.0,23.59,26.3,100,0,1,0.01,8.92,169.1,0.0,23.59,23.59,532,5910,3337,True
84427,07/04/2019,23:27:07,77.1,2.79,0.0,0.0,13.33,0.0,0.0,13.31,0.0,0.0,23.59,26.3,100,0,1,0.01,8.92,169.1,0.0,23.59,23.6,547,5910,3337,True
84442,07/04/2019,23:27:22,77.1,2.79,0.0,0.0,13.34,0.0,0.0,13.33,0.0,0.4,23.59,26.29,100,0,1,0.01,8.92,169.1,-0.04,23.59,23.59,562,5910,3337,True
84457,07/04/2019,23:27:37,77.1,2.79,0.0,0.0,13.33,0.0,0.0,13.35,0.02,0.0,23.59,26.29,100,0,1,0.01,8.92,169.1,0.0,23.59,23.59,773,5910,3337,True
84472,07/04/2019,23:27:52,77.1,2.79,0.0,0.0,13.33,0.0,0.0,13.32,0.0,0.66,23.6,26.29,100,0,1,0.01,8.92,169.1,0.0,23.59,23.59,788,5910,3337,True
84487,07/04/2019,23:28:07,77.1,2.79,0.0,0.0,13.35,0.0,0.0,13.35,0.0,0.0,23.59,26.3,100,0,1,0.01,8.92,169.1,-0.04,23.6,23.6,803,5910,3337,True
84502,07/04/2019,23:28:22,77.1,2.79,0.0,0.0,13.35,0.0,0.0,13.35,0.0,0.53,23.59,26.29,100,0,1,0.01,8.92,169.1,-0.02,23.59,23.59,818,5910,3337,True
84517,07/04/2019,23:28:37,77.1,2.79,0.0,0.0,13.35,0.0,0.0,13.35,0.0,0.0,23.6,26.29,100,0,1,0.01,8.92,169.1,-0.03,23.6,23.59,1029,5910,3337,True
84532,07/04/2019,23:28:52,77.1,2.79,0.0,0.0,13.35,0.0,0.0,13.35,0.0,0.0,23.59,26.3,100,0,1,0.01,8.92,169.1,-0.03,23.6,23.6,1044,5910,3337,True
84547,07/04/2019,23:29:07,77.1,2.79,0.0,0.0,13.35,0.0,0.0,13.35,0.0,0.0,23.6,26.3,100,0,1,0.01,8.92,169.1,0.0,23.6,23.6,1059,5910,3337,True
84562,07/04/2019,23:29:22,77.1,2.79,0.0,0.0,13.35,0.0,0.0,13.35,0.05,0.0,23.6,26.3,100,0,1,0.01,8.92,169.1,0.0,23.6,23.61,1074,5910,3337,True
84577,07/04/2019,23:29:37,77.1,2.78,0.0,0.0,13.35,0.0,0.0,13.35,0.0,0.4,23.61,26.29,100,0,1,0.01,8.92,169.1,-0.04,23.61,23.61,1285,5910,3337,True
84592,07/04/2019,23:29:52,77.1,2.79,0.0,0.0,13.35,0.0,0.0,13.35,0.0,0.0,23.62,26.29,100,0,1,0.01,8.92,169.1,-0.03,23.61,23.62,1300,5910,3337,True
84607,07/04/2019,23:30:07,77.1,2.78,0.0,0.0,13.35,0.0,0.0,13.36,0.0,0.4,23.62,26.29,100,0,1,0.01,8.92,169.1,-0.01,23.62,23.63,1315,5910,3337,True
84622,07/04/2019,23:30:22,77.1,2.79,0.0,0.0,13.35,0.0,0.0,13.35,0.0,0.0,23.63,26.29,100,0,1,0.01,8.92,169.1,0.0,23.62,23.62,1330,5910,3337,True
84637,07/04/2019,23:30:37,77.1,2.79,0.0,0.0,13.35,0.0,0.0,13.35,0.0,0.53,23.61,26.28,100,0,1,0.01,8.92,169.1,-0.05,23.62,23.62,1541,5910,3337,True
84652,07/04/2019,23:30:52,77.1,2.79,0.0,0.0,13.35,0.0,0.0,13.35,0.0,0.13,23.61,26.28,100,0,1,0.01,8.92,169.1,0.0,23.62,23.62,1556,5910,3337,True
84667,07/04/2019,23:31:07,77.1,2.79,0.0,0.0,13.35,0.0,0.0,13.35,0.03,0.4,23.62,26.29,100,0,1,0.01,8.92,169.1,0.0,23.62,23.62,1571,5910,3337,True
84682,07/04/2019,23:31:22,77.1,2.79,0.0,0.0,13.35,0.0,0.0,13.35,0.0,0.0,23.61,26.28,100,0,1,0.01,8.92,169.1,0.0,23.61,23.61,1586,5910,3337,True
84697,07/04/2019,23:31:37,77.2,2.79,0.0,0.0,13.35,0.0,0.0,13.35,0.0,0.0,23.61,26.29,100,0,1,0.01,8.92,169.1,0.0,23.61,23.61,1797,5910,3337,True
84712,07/04/2019,23:31:52,77.1,2.79,0.0,0.0,13.35,0.0,0.0,13.35,0.0,0.66,23.61,26.28,100,0,1,0.01,8.92,169.1,0.0,23.62,23.61,1812,5910,3337,True
84727,07/04/2019,23:32:07,77.2,2.79,0.0,0.0,13.36,0.0,0.0,13.35,0.02,0.0,23.61,26.29,100,0,1,0.01,8.92,169.1,0.0,23.61,23.61,1827,5910,3337,True
84742,07/04/2019,23:32:22,77.2,2.79,0.0,0.0,13.35,0.0,0.0,13.35,0.0,0.0,23.61,26.28,100,0,1,0.01,8.92,169.1,-0.01,23.61,23.61,1842,5910,3337,True
84757,07/04/2019,23:32:37,77.2,2.79,0.0,0.0,13.31,0.0,0.0,13.33,0.0,0.0,23.61,26.29,100,0,1,0.01,8.92,169.1,0.0,23.62,23.61,2053,5910,3337,True
84772,07/04/2019,23:32:52,77.2,2.79,0.0,0.0,13.34,0.0,0.0,13.32,0.0,0.0,23.61,26.29,100,0,1,0.01,8.92,169.1,0.0,23.62,23.61,2068,5910,3337,True
84787,07/04/2019,23:33:07,77.2,2.79,0.0,0.0,13.34,0.0,0.0,13.34,0.0,0.0,23.61,26.28,100,0,1,0.01,8.92,169.1,-0.03,23.61,23.62,2083,5910,3337,True
84802,07/04/2019,23:33:22,77.2,2.79,0.0,0.0,13.31,0.0,0.0,13.33,0.0,0.0,23.62,26.28,100,0,1,0.01,8.92,169.1,-0.03,23.62,23.62,2098,5910,3337,True
84817,07/04/2019,23:33:37,77.2,2.79,0.0,0.0,13.32,0.0,0.0,13.33,0.0,0.39,23.61,26.28,100,0,1,0.01,8.92,169.1,-0.03,23.61,23.61,2309,5910,3337,True
84832,07/04/2019,23:33:52,77.2,2.79,0.0,0.0,13.34,0.0,0.0,13.34,0.0,0.0,23.62,26.28,100,0,1,0.01,8.92,169.1,0.0,23.61,23.61,2324,5910,3337,True
84847,07/04/2019,23:34:07,77.2,2.79,0.0,0.0,13.33,0.0,0.0,13.31,0.05,0.13,23.62,26.27,100,0,1,0.01,8.92,169.1,0.0,23.62,23.62,2339,5910,3337,True
84862,07/04/2019,23:34:22,77.2,2.79,0.0,0.0,13.34,0.0,0.0,13.33,0.0,0.66,23.62,26.28,100,0,1,0.01,8.92,169.1,0.0,23.62,23.61,2354,5910,3337,True
84877,07/04/2019,23:34:37,77.2,2.79,0.0,0.0,13.33,0.0,0.0,13.31,0.0,0.0,23.62,26.28,100,0,1,0.01,8.92,169.1,0.0,23.62,23.62,2565,5910,3337,True
84892,07/04/2019,23:34:52,77.2,2.78,0.0,0.0,13.35,0.0,0.0,13.33,0.0,0.53,23.63,26.28,100,0,1,0.01,8.92,169.1,-0.03,23.63,23.63,2580,5910,3337,True
84907,07/04/2019,23:35:07,77.2,2.79,0.0,0.0,13.33,0.0,0.0,13.34,0.05,0.0,23.64,26.28,100,0,1,0.01,8.92,169.1,0.0,23.63,23.64,2595,5910,3337,True
84922,07/04/2019,23:35:22,77.2,2.78,0.0,0.0,13.32,0.0,0.0,13.33,0.0,0.13,23.64,26.28,100,0,1,0.01,8.92,169.1,0.0,23.64,23.64,2610,5910,3337,True
84937,07/04/2019,23:35:37,77.2,2.79,0.0,0.0,13.35,0.0,0.0,13.35,0.0,0.0,23.65,26.28,100,0,1,0.01,8.92,169.1,-0.03,23.63,23.64,2821,5910,3337,True
84952,07/04/2019,23:35:52,77.2,2.79,0.0,0.0,13.35,0.0,0.0,13.35,0.0,0.0,23.64,26.28,100,0,1,0.01,8.92,169.1,0.0,23.64,23.64,2836,5910,3337,True
84967,07/04/2019,23:36:07,77.2,2.77,0.0,0.0,13.35,0.0,0.0,13.35,0.0,0.0,23.64,26.28,100,0,1,0.01,8.92,169.1,-0.02,23.65,23.64,2851,5910,3337,True
84982,07/04/2019,23:36:22,77.2,2.79,0.0,0.0,13.35,0.0,0.0,13.35,0.05,0.0,23.64,26.28,100,0,1,0.01,8.92,169.1,-0.02,23.65,23.65,2866,5910,3337,True
84997,07/04/2019,23:36:37,77.2,2.79,0.0,0.0,13.35,0.0,0.0,13.35,0.0,0.0,23.64,26.28,100,0,1,0.01,8.92,169.1,0.0,23.64,23.64,3077,5910,3337,True
85012,07/04/2019,23:36:52,77.2,2.79,0.0,0.0,13.35,0.0,0.0,13.35,0.0,0.0,23.65,26.28,100,0,1,0.01,8.92,169.1,0.0,23.65,23.64,3092,5910,3337,True
85027,07/04/2019,23:37:07,77.2,2.79,0.0,0.0,13.35,0.0,0.0,13.35,0.0,0.0,23.65,26.28,100,0,1,0.01,8.92,169.1,0.0,23.65,23.64,3107,5910,3337,True
85042,07/04/2019,23:37:22,77.2,2.79,0.0,0.0,13.35,0.0,0.0,13.35,0.01,0.0,23.65,26.27,100,0,1,0.01,8.92,169.1,-0.04,23.65,23.65,3122,5910,3337,True
85057,07/04/2019,23:37:37,77.2,2.79,0.0,0.0,13.35,0.0,0.0,13.35,0.03,0.0,23.64,26.27,100,0,1,0.01,8.92,169.1,-0.04,23.64,23.64,3333,5910,3337,True
85072,07/04/2019,23:37:52,77.2,2.79,0.0,0.0,13.35,0.0,0.0,13.35,0.0,0.0,23.65,26.28,100,0,1,0.01,8.92,169.1,0.0,23.65,23.65,3348,5910,3337,True
85087,07/04/2019,23:38:07,77.2,2.79,0.0,0.0,13.35,0.0,0.0,13.35,0.02,0.0,23.64,26.27,100,0,1,0.01,8.92,169.1,0.0,23.65,23.65,3363,5910,3337,True
85102,07/04/2019,23:38:22,77.2,2.79,0.0,0.0,13.35,0.0,0.0,13.35,0.0,0.0,23.65,26.27,100,0,1,0.01,8.92,169.1,-0.02,23.65,23.65,3378,5910,3337,True
85117,07/04/2019,23:38:37,77.3,2.79,0.0,0.0,13.35,0.0,0.0,13.36,0.0,0.0,23.64,26.28,100,0,1,0.01,8.92,169.1,0.0,23.64,23.64,3589,5910,3337,True
85132,07/04/2019,23:38:52,77.2,2.79,0.0,0.0,13.35,0.0,0.0,13.35,0.0,0.0,23.64,26.28,100,0,1,0.01,8.92,169.1,-0.03,23.65,23.64,3604,5910,3337,True
85147,07/04/2019,23:39:07,77.3,2.79,0.0,0.0,13.35,0.0,0.0,13.35,0.0,0.0,23.64,26.27,100,0,1,0.01,8.92,169.1,-0.05,23.64,23.64,3619,5910,3337,True
85162,07/04/2019,23:39:22,77.2,2.79,0.0,0.0,13.35,0.0,0.0,13.36,0.03,0.0,23.65,26.27,100,0,1,0.01,8.92,169.1,-0.03,23.65,23.64,3634,5910,3337,True
85177,07/04/2019,23:39:37,77.3,2.79,0.0,0.0,13.35,0.0,0.0,13.35,0.0,0.0,23.64,26.27,100,0,1,0.01,8.92,169.1,-0.01,23.65,23.64,3845,5910,3337,True
85192,07/04/2019,23:39:52,77.2,2.79,0.0,0.0,13.33,0.0,0.0,13.34,0.0,0.0,23.65,26.27,100,0,1,0.01,8.92,169.1,0.0,23.65,23.64,3860,5910,3337,True
85207,07/04/2019,23:40:07,77.3,2.79,0.0,0.0,13.34,0.0,0.0,13.33,0.0,0.39,23.65,26.27,100,0,1,0.01,8.92,169.1,0.0,23.65,23.65,3875,5910,3337,True
85222,07/04/2019,23:40:22,77.2,2.79,0.0,0.0,13.33,0.0,0.0,13.34,0.02,0.0,23.65,26.27,100,0,1,0.01,8.92,169.1,0.0,23.65,23.65,3890,5910,3337,True
85237,07/04/2019,23:40:37,77.2,2.79,0.0,0.0,13.33,0.0,0.0,13.34,0.04,0.53,23.65,26.26,100,0,1,0.01,8.92,169.1,0.0,23.66,23.65,4101,5910,3337,True
85252,07/04/2019,23:40:52,77.3,2.79,0.0,0.0,13.32,0.0,0.0,13.34,0.0,0.0,23.66,26.27,100,0,1,0.01,8.92,169.1,0.0,23.66,23.66,4116,5910,3337,True
85267,07/04/2019,23:41:07,77.3,2.79,0.0,0.0,13.31,0.0,0.0,13.33,0.0,0.0,23.66,26.26,100,0,1,0.01,8.92,169.1,0.0,23.66,23.66,4131,5910,3337,True
85282,07/04/2019,23:41:22,77.2,2.79,0.0,0.0,13.34,0.0,0.0,13.33,0.05,0.0,23.65,26.26,100,0,1,0.01,8.92,169.1,0.0,23.66,23.66,4146,5910,3337,True
85297,07/04/2019,23:41:37,77.2,2.79,0.0,0.0,13.33,0.0,0.0,13.31,0.04,0.13,23.67,26.26,100,0,1,0.01,8.92,169.1,0.0,23.66,23.66,4357,5910,3337,True
85312,07/04/2019,23:41:52,77.2,2.79,0.0,0.0,13.34,0.0,0.0,13.33,0.04,0.0,23.66,26.26,100,0,1,0.01,8.92,169.1,-0.05,23.66,23.66,4372,5910,3337,True
85327,07/04/2019,23:42:07,77.3,2.79,0.0,0.0,13.34,0.0,0.0,13.32,0.04,0.26,23.66,26.26,100,0,1,0.01,8.92,169.1,0.0,23.66,23.66,4387,5910,3337,True
85342,07/04/2019,23:42:22,77.2,2.79,0.0,0.0,13.33,0.0,0.0,13.34,0.04,0.53,23.66,26.26,100,0,1,0.01,8.92,169.1,-0.03,23.66,23.66,4402,5910,3337,True
85357,07/04/2019,23:42:37,77.2,2.79,0.0,0.0,13.34,0.0,0.0,13.32,0.0,0.66,23.67,26.26,100,0,1,0.01,8.92,169.1,0.0,23.67,23.66,4613,5910,3337,True
85372,07/04/2019,23:42:52,77.3,2.79,0.0,0.0,13.35,0.0,0.0,13.34,0.0,0.0,23.67,26.27,100,0,1,0.01,8.92,169.1,0.0,23.67,23.67,4628,5910,3337,True
85387,07/04/2019,23:43:07,77.3,2.79,0.0,0.0,13.35,0.0,0.0,13.34,0.0,0.0,23.67,26.26,100,0,1,0.01,8.92,169.1,0.0,23.67,23.67,4643,5910,3337,True
85402,07/04/2019,23:43:22,77.3,2.79,0.0,0.0,13.34,0.0,0.0,13.35,0.0,0.0,23.66,26.26,100,0,1,0.01,8.92,169.1,0.0,23.66,23.66,4658,5910,3337,True
85417,07/04/2019,23:43:37,77.3,2.79,0.0,0.0,13.35,0.0,0.0,13.35,0.03,0.0,23.66,26.26,100,0,1,0.01,8.92,169.1,0.0,23.66,23.66,4869,5910,3337,True
85432,07/04/2019,23:43:52,77.3,2.79,0.0,0.0,13.35,0.0,0.0,13.34,0.0,0.0,23.66,26.26,100,0,1,0.01,8.92,169.1,-0.02,23.66,23.65,4884,5910,3337,True
85447,07/04/2019,23:44:07,77.3,2.79,0.0,0.0,13.35,0.0,0.0,13.34,0.01,0.0,23.66,26.26,100,0,1,0.01,8.92,169.1,0.0,23.66,23.66,4899,5910,3337,True
85462,07/04/2019,23:44:22,77.3,2.79,0.0,0.0,13.35,0.0,0.0,13.35,0.03,0.0,23.66,26.26,100,0,1,0.01,8.92,169.1,0.0,23.65,23.65,4914,5910,3337,True
85477,07/04/2019,23:44:37,77.3,2.79,0.0,0.0,13.35,0.0,0.0,13.35,0.01,0.0,23.65,26.26,100,0,1,0.01,8.92,169.1,-0.05,23.66,23.66,5125,5910,3337,True
85492,07/04/2019,23:44:52,77.3,2.79,0.0,0.0,13.35,0.0,0.0,13.35,0.0,0.0,23.65,26.26,100,0,1,0.01,8.92,169.1,0.0,23.65,23.65,5140,5910,3337,True
85507,07/04/2019,23:45:07,77.3,2.79,0.0,0.0,13.35,0.0,0.0,13.35,0.0,0.0,23.65,26.26,100,0,1,0.01,8.92,169.1,0.0,23.65,23.65,5155,5910,3337,True
85522,07/04/2019,23:45:22,77.3,2.79,0.0,0.0,13.35,0.0,0.0,13.35,0.0,0.0,23.65,26.26,100,0,1,0.01,8.92,169.1,0.0,23.65,23.65,5170,5910,3337,True
85537,07/04/2019,23:45:37,77.3,2.78,0.0,0.0,13.35,0.0,0.0,13.35,0.0,0.0,23.65,26.26,100,0,1,0.01,8.92,169.1,-0.02,23.65,23.65,5381,5910,3337,True
85552,07/04/2019,23:45:52,77.3,2.79,0.0,0.0,13.35,0.0,0.0,13.35,0.05,0.66,23.65,26.26,100,0,1,0.01,8.92,169.1,0.0,23.66,23.65,5396,5910,3337,True
85567,07/04/2019,23:46:07,77.3,2.79,0.0,0.0,13.35,0.0,0.0,13.35,0.0,0.0,23.64,26.26,100,0,1,0.01,8.92,169.1,-0.05,23.66,23.65,5411,5910,3337,True
85582,07/04/2019,23:46:22,77.3,2.79,0.0,0.0,13.35,0.0,0.0,13.35,0.0,0.0,23.65,26.26,100,0,1,0.01,8.92,169.1,0.0,23.66,23.65,5426,5910,3337,True
85597,07/04/2019,23:46:37,77.3,2.79,0.0,0.0,13.35,0.0,0.0,13.35,0.0,0.0,23.65,26.26,100,0,1,0.01,8.92,169.1,0.0,23.65,23.65,5637,5910,3337,True
85612,07/04/2019,23:46:52,77.3,2.79,0.0,0.0,13.35,0.0,0.0,13.35,0.04,0.53,23.65,26.26,100,0,1,0.01,8.92,169.1,-0.05,23.64,23.65,5652,5910,3337,True
85627,07/04/2019,23:47:07,77.3,2.79,0.0,0.0,13.35,0.0,0.0,13.35,0.01,0.0,23.65,26.26,100,0,1,0.01,8.92,169.1,0.0,23.65,23.65,5667,5910,3337,True
85642,07/04/2019,23:47:22,77.3,2.79,0.0,0.0,13.31,0.0,0.0,13.33,0.04,0.0,23.65,26.25,100,0,1,0.01,8.92,169.1,0.0,23.65,23.65,5682,5910,3337,True
85657,07/04/2019,23:47:37,77.3,2.79,0.0,0.0,13.32,0.0,0.0,13.33,0.0,0.0,23.65,26.26,100,0,1,0.01,8.92,169.1,0.0,23.66,23.65,5893,5910,3337,True
85672,07/04/2019,23:47:52,77.3,2.79,0.0,0.0,13.33,0.0,0.0,13.34,0.0,0.0,23.64,26.25,100,0,1,0.01,8.92,169.1,0.0,23.65,23.65,5908,5910,3337,True
85687,07/04/2019,23:48:07,77.4,2.79,0.0,0.0,13.32,0.0,0.0,13.31,0.0,0.0,23.65,26.25,100,0,1,0.01,8.92,169.1,0.0,23.65,23.65,5923,5910,3337,True
85702,07/04/2019,23:48:22,77.4,2.79,0.0,0.0,13.33,0.0,0.0,13.34,0.0,0.0,23.65,26.25,100,0,1,0.01,8.92,169.1,0.0,23.66,23.66,5938,5910,3337,True
85717,07/04/2019,23:48:37,77.3,2.8,0.0,0.0,13.32,0.0,0.0,13.34,0.0,0.66,23.66,26.25,100,0,1,0.01,8.92,169.1,0.0,23.66,23.66,6149,5910,3337,True
85732,07/04/2019,23:48:52,77.3,2.79,0.0,0.0,13.31,0.0,0.0,13.33,0.0,0.13,23.66,26.25,100,0,1,0.01,8.92,169.1,0.0,23.66,23.67,6164,5910,3337,True
85747,07/04/2019,23:49:07,77.3,2.79,0.0,0.0,13.34,0.0,0.0,13.33,0.01,0.13,23.67,26.25,100,0,1,0.01,8.92,169.1,0.0,23.67,23.67,6179,5910,3337,True
85762,07/04/2019,23:49:22,77.3,2.79,0.0,0.0,13.33,0.0,0.0,13.31,0.0,0.0,23.67,26.25,100,0,1,0.01,8.92,169.1,0.0,23.67,23.67,6194,5910,3337,True
85777,07/04/2019,23:49:37,77.3,2.79,0.0,0.0,13.32,0.0,0.0,13.34,0.05,0.53,23.68,26.25,100,0,1,0.01,8.92,169.1,0.0,23.69,23.68,6405,5910,3337,True
85792,07/04/2019,23:49:52,77.3,2.79,0.0,0.0,13.32,0.0,0.0,13.32,0.01,0.0,23.68,26.24,100,0,1,0.01,8.92,169.1,-0.02,23.68,23.68,6420,5910,3337,True
85807,07/04/2019,23:50:07,77.3,2.79,0.0,0.0,13.34,0.0,0.0,13.34,0.0,0.0,23.68,26.24,100,0,1,0.01,8.92,169.1,-0.01,23.68,23.68,6435,5910,3337,True
85822,07/04/2019,23:50:22,77.3,2.79,0.0,0.0,13.35,0.0,0.0,13.34,0.0,0.0,23.68,26.25,100,0,1,0.01,8.92,169.1,0.0,23.68,23.68,6450,5910,3337,True
85837,07/04/2019,23:50:37,77.3,2.8,0.0,0.0,13.34,0.0,0.0,13.35,0.0,0.0,23.68,26.24,100,0,1,0.01,8.92,169.1,0.0,23.68,23.68,6661,5910,3337,True
85852,07/04/2019,23:50:52,77.3,2.79,0.0,0.0,13.35,0.0,0.0,13.34,0.0,0.0,23.68,26.25,100,0,1,0.01,8.92,169.1,-0.02,23.68,23.67,6676,5910,3337,True
85867,07/04/2019,23:51:07,77.3,2.79,0.0,0.0,13.35,0.0,0.0,13.35,0.0,0.0,23.67,26.25,100,0,1,0.01,8.92,169.1,0.0,23.67,23.67,6691,5910,3337,True
85882,07/04/2019,23:51:22,77.3,2.79,0.0,0.0,13.35,0.0,0.0,13.35,0.0,0.66,23.66,26.24,100,0,1,0.01,8.92,169.1,-0.03,23.67,23.66,6706,5910,3337,True
85897,07/04/2019,23:51:37,77.4,2.79,0.0,0.0,13.35,0.0,0.0,13.35,0.0,0.8,23.67,26.24,100,0,1,0.01,8.92,169.1,-0.01,23.67,23.66,6917,5910,3337,True
85912,07/04/2019,23:51:52,77.3,2.79,0.0,0.0,13.35,0.0,0.0,13.35,0.01,0.13,23.67,26.25,100,0,1,0.01,8.92,169.1,0.0,23.67,23.67,6932,5910,3337,True
85927,07/04/2019,23:52:07,77.4,2.79,0.0,0.0,13.35,0.0,0.0,13.35,0.02,0.0,23.66,26.24,100,0,1,0.01,8.92,169.1,0.0,23.67,23.66,6947,5910,3337,True
85942,07/04/2019,23:52:22,77.4,2.79,0.0,0.0,13.35,0.0,0.0,13.35,0.01,0.53,23.66,26.25,100,0,1,0.01,8.92,169.1,-0.04,23.66,23.66,6962,5910,3337,True
85957,07/04/2019,23:52:37,77.4,2.79,0.0,0.0,13.35,0.0,0.0,13.35,0.0,0.66,23.66,26.24,100,0,1,0.01,8.92,169.1,0.0,23.66,23.67,7173,5910,3337,True
85972,07/04/2019,23:52:52,77.4,2.79,0.0,0.0,13.35,0.0,0.0,13.34,0.0,0.0,23.65,26.24,100,0,1,0.01,8.92,169.1,0.0,23.66,23.66,7188,5910,3337,True
85987,07/04/2019,23:53:07,77.4,2.79,0.0,0.0,13.35,0.0,0.0,13.35,0.0,0.0,23.66,26.24,100,0,1,0.01,8.92,169.1,0.0,23.66,23.66,7203,5910,3337,True
86002,07/04/2019,23:53:22,77.4,2.79,0.0,0.0,13.35,0.0,0.0,13.35,0.05,0.0,23.66,26.24,100,0,1,0.01,8.92,169.1,-0.05,23.66,23.66,7218,5910,3337,True
86017,07/04/2019,23:53:37,77.4,2.79,0.0,0.0,13.35,0.0,0.0,13.35,0.02,0.0,23.66,26.24,100,0,1,0.01,8.92,169.1,0.0,23.66,23.66,7429,5910,3337,True
86032,07/04/2019,23:53:52,77.4,2.79,0.0,0.0,13.35,0.0,0.0,13.35,0.0,0.0,23.66,26.24,100,0,1,0.01,8.92,169.1,0.0,23.66,23.66,7444,5910,3337,True
86047,07/04/2019,23:54:07,77.4,2.79,0.0,0.0,13.35,0.0,0.0,13.35,0.01,0.13,23.66,26.24,100,0,1,0.01,8.92,169.1,0.0,23.66,23.66,7459,5910,3337,True
86062,07/04/2019,23:54:22,77.4,2.79,0.0,0.0,13.35,0.0,0.0,13.35,0.0,0.0,23.66,26.23,100,0,1,0.01,8.92,169.1,0.0,23.65,23.65,7474,5910,3337,True
86077,07/04/2019,23:54:37,77.4,2.79,0.0,0.0,13.35,0.0,0.0,13.35,0.0,0.0,23.65,26.24,100,0,1,0.01,8.92,169.1,0.0,23.65,23.65,7685,5910,3337,True
86092,07/04/2019,23:54:52,77.4,2.79,0.0,0.0,13.33,0.0,0.0,13.34,0.03,0.0,23.64,26.24,100,0,1,0.01,8.92,169.1,0.0,23.65,23.64,7700,5910,3337,True
86107,07/04/2019,23:55:07,77.4,2.79,0.0,0.0,13.32,0.0,0.0,13.33,0.0,0.0,23.64,26.24,100,0,1,0.01,8.92,169.1,0.0,23.65,23.65,7715,5910,3337,True
86122,07/04/2019,23:55:22,77.4,2.79,0.0,0.0,13.33,0.0,0.0,13.32,0.0,0.66,23.65,26.23,100,0,1,0.01,8.92,169.1,0.0,23.65,23.65,7730,5910,3337,True
86137,07/04/2019,23:55:37,77.4,2.79,0.0,0.0,13.34,0.0,0.0,13.32,0.0,0.0,23.65,26.23,100,0,1,0.01,8.92,169.1,0.0,23.65,23.65,7941,5910,3337,True
86152,07/04/2019,23:55:52,77.4,2.79,0.0,0.0,13.33,0.0,0.0,13.34,0.01,0.0,23.65,26.24,100,0,1,0.01,8.92,169.1,-0.03,23.65,23.66,7956,5910,3337,True
86167,07/04/2019,23:56:07,77.4,2.79,0.0,0.0,13.32,0.0,0.0,13.31,0.0,0.0,23.66,26.23,100,0,1,0.01,8.92,169.1,-0.04,23.65,23.65,7971,5910,3337,True
86182,07/04/2019,23:56:22,77.4,2.79,0.0,0.0,13.32,0.0,0.0,13.33,0.0,0.0,23.65,26.23,100,0,1,0.01,8.92,169.1,0.0,23.65,23.66,7986,5910,3337,True
86197,07/04/2019,23:56:37,77.4,2.79,0.0,0.0,13.34,0.0,0.0,13.33,0.05,0.13,23.66,26.23,100,0,1,0.01,8.92,169.1,-0.06,23.66,23.66,8197,5910,3337,True
86212,07/04/2019,23:56:52,77.4,2.81,0.0,0.0,13.32,0.0,0.0,13.31,0.0,0.0,23.66,26.24,100,0,1,0.01,8.92,169.1,0.0,23.66,23.66,8212,5910,3337,True
86227,07/04/2019,23:57:07,77.4,2.82,0.0,0.0,13.34,0.0,0.0,13.34,0.0,0.13,23.66,26.24,100,0,1,0.01,8.92,169.1,0.0,23.66,23.66,8227,5910,3337,True
86242,07/04/2019,23:57:22,77.4,2.79,0.0,0.0,13.33,0.0,0.0,13.34,0.02,0.26,23.67,26.24,100,0,1,0.01,8.92,169.1,0.0,23.67,23.66,8242,5910,3337,True
86257,07/04/2019,23:57:37,77.4,2.79,0.0,0.0,13.34,0.0,0.0,13.34,0.0,0.0,23.67,26.23,100,0,1,0.01,8.92,169.1,0.0,23.67,23.67,8453,5910,3337,True
86272,07/04/2019,23:57:52,77.4,2.79,0.0,0.0,13.34,0.0,0.0,13.34,0.0,0.0,23.66,26.23,100,0,1,0.01,8.92,169.1,-0.01,23.66,23.66,8468,5910,3337,True
86287,07/04/2019,23:58:07,77.4,2.79,0.0,0.0,13.35,0.0,0.0,13.35,0.01,0.53,23.67,26.22,100,0,1,0.01,8.92,169.1,0.0,23.67,23.67,8483,5910,3337,True
86302,07/04/2019,23:58:22,77.3,2.8,0.0,0.0,13.35,0.0,0.0,13.34,0.0,0.0,23.7,26.22,100,0,1,0.01,8.92,169.1,0.0,23.69,23.7,8498,5910,3337,True
86317,07/04/2019,23:58:37,77.4,2.79,0.0,0.0,13.35,0.0,0.0,13.35,0.0,0.0,23.72,26.23,100,0,1,0.01,8.92,169.1,0.0,23.72,23.72,8709,5910,3337,True
86332,07/04/2019,23:58:52,77.3,2.79,0.0,0.0,13.35,0.0,0.0,13.35,0.0,0.0,23.73,26.22,100,0,1,0.01,8.92,169.1,0.0,23.73,23.73,8724,5910,3337,True
86347,07/04/2019,23:59:07,77.4,2.79,0.0,0.0,13.35,0.0,0.0,13.35,0.0,0.0,23.74,26.23,100,0,1,0.01,8.92,169.1,0.0,23.75,23.74,8739,5910,3337,True
86362,07/04/2019,23:59:22,77.4,2.79,0.0,0.0,13.35,0.0,0.0,13.35,0.0,0.0,23.75,26.22,100,0,1,0.01,8.92,169.1,0.0,23.75,23.75,8754,5910,3337,True
86377,07/04/2019,23:59:37,77.4,2.8,0.0,0.0,13.35,0.0,0.0,13.35,0.0,0.0,23.76,26.22,100,0,1,0.01,8.92,169.1,0.0,23.76,23.75,8965,5910,3337,True
86392,07/04/2019,23:59:52,77.4,2.79,0.0,0.0,13.35,0.0,0.0,13.35,0.05,0.4,23.77,26.22,100,0,1,0.01,8.92,169.1,0.0,23.77,23.77,8980,5910,3337,True
