76393,12/15/2019,21:13:13,70.1,0.16,0.0,0.0,13.32,0.0,0.0,13.31,0.0,0.0,19.62,20.96,100,0,1,0.0,7.63,193.5,0.0,19.61,19.61,9784,6402,3339,True
76408,12/15/2019,21:13:28,70.1,0.17,0.0,0.0,13.3,0.0,0.0,13.3,0.0,0.0,19.61,20.96,100,0,1,0.0,7.63,193.5,0.0,19.61,19.6,9995,6402,3339,True
76423,12/15/2019,21:13:43,70.1,0.16,0.0,0.0,13.31,0.0,0.0,13.3,0.0,0.0,19.6,20.96,100,0,1,0.0,7.63,193.5,0.0,19.6,19.6,10010,6402,3339,True
76438,12/15/2019,21:13:58,70.1,0.16,0.0,0.0,13.3,0.0,0.0,13.31,0.0,0.0,19.59,20.94,100,0,1,0.0,7.63,193.5,0.0,19.6,19.6,10025,6402,3339,True
76453,12/15/2019,21:14:13,70.1,0.17,0.0,0.0,13.31,0.0,0.0,13.31,0.0,0.0,19.59,20.94,100,0,1,0.0,7.63,193.5,0.0,19.59,19.59,10040,6402,3339,True
76468,12/15/2019,21:14:28,70.1,0.17,0.0,0.0,13.3,0.0,0.0,13.31,0.0,0.0,19.58,20.94,100,0,1,0.0,7.63,193.5,0.0,19.58,19.58,10251,6402,3339,True
76483,12/15/2019,21:14:43,70.1,0.17,0.0,0.0,13.32,0.0,0.0,13.32,0.0,0.0,19.58,20.93,100,0,1,0.0,7.63,193.5,0.0,19.58,19.58,10266,6402,3339,True
76498,12/15/2019,21:14:58,70.1,0.17,0.0,0.0,13.32,0.0,0.0,13.31,0.0,0.0,19.58,20.92,100,0,1,0.0,7.63,193.5,0.0,19.57,19.57,10281,6402,3339,True
76513,12/15/2019,21:15:13,70.1,0.16,0.0,0.0,13.31,0.0,0.0,13.3,0.0,0.0,19.57,20.92,100,0,1,0.0,7.63,193.5,0.0,19.57,19.57,10296,6402,3339,True
76528,12/15/2019,21:15:28,70.1,0.16,0.0,0.0,13.32,0.0,0.0,13.31,0.0,0.0,19.56,20.91,100,0,1,0.0,7.63,193.5,0.0,19.56,19.57,10507,6402,3339,True
76543,12/15/2019,21:15:43,70.1,0.17,0.0,0.0,13.33,0.0,0.0,13.32,0.0,0.0,19.56,20.91,100,0,1,0.0,7.63,193.5,0.0,19.56,19.56,10522,6402,3339,True
76558,12/15/2019,21:15:58,70.1,0.18,0.0,0.0,13.32,0.0,0.0,13.33,0.0,0.0,19.56,20.9,100,0,1,0.0,7.63,193.5,0.0,19.56,19.56,10537,6402,3339,True
76573,12/15/2019,21:16:13,70.1,0.16,0.0,0.0,13.32,0.0,0.0,13.32,0.0,0.0,19.58,20.9,100,0,1,0.0,7.63,193.5,0.0,19.59,19.59,10552,6402,3339,True
76588,12/15/2019,21:16:28,70.1,0.17,0.0,0.0,13.33,0.0,0.0,13.33,0.0,0.0,19.63,20.9,100,0,1,0.0,7.63,193.5,0.0,19.63,19.63,10763,6402,3339,True
76603,12/15/2019,21:16:43,70.1,0.16,0.0,0.0,13.32,0.0,0.0,13.32,0.0,0.0,19.65,20.89,100,0,1,0.0,7.63,193.5,0.0,19.65,19.65,10778,6402,3339,True
76618,12/15/2019,21:16:58,70.1,0.16,0.0,0.0,13.33,0.0,0.0,13.33,0.0,0.0,19.65,20.88,100,0,1,0.0,7.63,193.5,0.0,19.66,19.65,10793,6402,3339,True
76633,12/15/2019,21:17:13,70.1,0.15,0.0,0.0,13.33,0.0,0.0,13.33,0.0,0.0,19.66,20.87,100,0,1,0.0,7.63,193.5,0.0,19.66,19.66,10808,6402,3339,True
76648,12/15/2019,21:17:28,70.1,0.18,0.0,0.0,13.33,0.0,0.0,13.33,0.0,0.0,19.65,20.87,100,0,1,0.0,7.63,193.5,0.0,19.65,19.66,11019,6402,3339,True
76663,12/15/2019,21:17:43,70.1,0.17,0.0,0.0,13.33,0.0,0.0,13.33,0.0,0.0,19.64,20.86,100,0,1,0.0,7.63,193.5,0.0,19.65,19.65,11034,6402,3339,True
76678,12/15/2019,21:17:58,70.1,0.16,0.0,0.0,13.33,0.0,0.0,13.33,0.0,0.0,19.66,20.85,100,0,1,0.0,7.63,193.5,0.0,19.66,19.65,11049,6402,3339,True
76693,12/15/2019,21:18:13,70.1,0.16,0.0,0.0,13.33,0.0,0.0,13.33,0.0,0.0,19.64,20.84,100,0,1,0.0,7.63,193.5,0.0,19.64,19.65,11064,6402,3339,True
76708,12/15/2019,21:18:28,70.1,0.17,0.0,0.0,13.33,0.0,0.0,13.33,0.0,0.0,19.64,20.84,100,0,1,0.0,7.63,193.5,0.0,19.64,19.64,11275,6402,3339,True
76723,12/15/2019,21:18:43,70.1,0.17,0.0,0.0,13.33,0.0,0.0,13.33,0.0,0.0,19.64,20.84,100,0,1,0.0,7.63,193.5,0.0,19.63,19.63,11290,6402,3339,True
76738,12/15/2019,21:18:58,70.1,0.16,0.0,0.0,13.33,0.0,0.0,13.33,0.0,0.0,19.63,20.83,100,0,1,0.0,7.63,193.5,0.0,19.63,19.63,11305,6402,3339,True
76753,12/15/2019,21:19:13,70.1,0.17,0.0,0.0,13.33,0.0,0.0,13.33,0.0,0.0,19.63,20.82,100,0,1,0.0,7.63,193.5,0.0,19.62,19.62,11320,6402,3339,True
76768,12/15/2019,21:19:28,70.1,0.16,0.0,0.0,13.33,0.0,0.0,13.32,0.0,0.0,19.63,20.82,100,0,1,0.0,7.63,193.5,0.0,19.62,19.62,11531,6402,3339,True
76783,12/15/2019,21:19:43,70.1,0.16,0.0,0.0,13.33,0.0,0.0,13.32,0.0,0.0,19.61,20.82,100,0,1,0.0,7.63,193.5,0.0,19.61,19.61,11546,6402,3339,True
76798,12/15/2019,21:19:58,70.1,0.16,0.0,0.0,13.3,0.0,0.0,13.3,0.0,0.0,19.6,20.81,100,0,1,0.0,7.63,193.5,0.0,19.6,19.6,11561,6402,3339,True
76813,12/15/2019,21:20:13,70.1,0.17,0.0,0.0,13.31,0.0,0.0,13.3,0.0,0.0,19.59,20.8,100,0,1,0.0,7.63,193.5,0.0,19.59,19.59,11576,6402,3339,True
76828,12/15/2019,21:20:28,70.1,0.16,0.0,0.0,13.3,0.0,0.0,13.31,0.0,0.0,19.59,20.79,100,0,1,0.0,7.63,193.5,0.0,19.59,19.58,11787,6402,3339,True
76843,12/15/2019,21:20:43,70.1,0.15,0.0,0.0,13.31,0.0,0.0,13.32,0.0,0.0,19.57,20.78,100,0,1,0.0,7.63,193.5,0.0,19.56,19.56,11802,6402,3339,True
76858,12/15/2019,21:20:58,70.1,0.17,0.0,0.0,13.32,0.0,0.0,13.31,0.0,0.0,19.55,20.78,100,0,1,0.0,7.63,193.5,0.0,19.55,19.56,11817,6402,3339,True
76873,12/15/2019,21:21:13,70.1,0.15,0.0,0.0,13.3,0.0,0.0,13.31,0.0,0.0,19.54,20.78,100,0,1,0.0,7.63,193.5,0.0,19.54,19.54,11832,6402,3339,True
76888,12/15/2019,21:21:28,70.1,0.16,0.0,0.0,13.3,0.0,0.0,13.31,0.0,0.0,19.53,20.77,100,0,1,0.0,7.63,193.5,0.0,19.53,19.53,12043,6402,3339,True
76903,12/15/2019,21:21:43,70.1,0.15,0.0,0.0,13.3,0.0,0.0,13.31,0.0,0.0,19.52,20.76,100,0,1,0.0,7.63,193.5,0.0,19.52,19.52,12058,6402,3339,True
76918,12/15/2019,21:21:58,70.1,0.18,0.0,0.0,13.31,0.0,0.0,13.32,0.0,0.0,19.51,20.76,100,0,1,0.0,7.63,193.5,0.0,19.5,19.5,12073,6402,3339,True
76933,12/15/2019,21:22:13,70.1,0.16,0.0,0.0,13.32,0.0,0.0,13.32,0.0,0.0,19.5,20.75,100,0,1,0.0,7.63,193.5,0.0,19.51,19.5,12088,6402,3339,True
76948,12/15/2019,21:22:28,70.0,0.17,0.0,0.0,13.32,0.0,0.0,13.32,0.0,0.0,19.5,20.75,100,0,1,0.0,7.63,193.5,0.0,19.5,19.5,12299,6402,3339,True
76963,12/15/2019,21:22:43,70.0,0.17,0.0,0.0,13.33,0.0,0.0,13.32,0.0,0.0,19.5,20.74,100,0,1,0.0,7.63,193.5,0.0,19.5,19.5,12314,6402,3339,True
76978,12/15/2019,21:22:58,70.0,0.17,0.0,0.0,13.33,0.0,0.0,13.33,0.0,0.13,19.49,20.73,100,0,1,0.0,7.63,193.5,0.0,19.49,19.49,12329,6402,3339,True
76993,12/15/2019,21:23:13,70.0,0.16,0.0,0.0,13.33,0.0,0.0,13.32,0.0,0.0,19.48,20.73,100,0,1,0.0,7.63,193.5,0.0,19.47,19.47,12344,6402,3339,True
77008,12/15/2019,21:23:28,70.0,0.15,0.0,0.0,13.33,0.0,0.0,13.32,0.0,0.0,19.46,20.73,100,0,1,0.0,7.63,193.5,0.0,19.46,19.46,12555,6402,3339,True
77023,12/15/2019,21:23:43,70.0,0.17,0.0,0.0,13.33,0.0,0.0,13.33,0.0,0.0,19.45,20.72,100,0,1,0.0,7.63,193.5,0.0,19.46,19.45,12570,6402,3339,True
77038,12/15/2019,21:23:58,70.0,0.15,0.0,0.0,13.32,0.0,0.0,13.32,0.0,0.0,19.45,20.71,100,0,1,0.0,7.63,193.5,0.0,19.44,19.44,12585,6402,3339,True
77053,12/15/2019,21:24:13,69.9,0.17,0.0,0.0,13.33,0.0,0.0,13.33,0.0,0.0,19.44,20.71,100,0,1,0.0,7.63,193.5,0.0,19.44,19.44,12600,6402,3339,True
77068,12/15/2019,21:24:28,69.9,0.17,0.0,0.0,13.33,0.0,0.0,13.33,0.01,0.0,19.42,20.71,100,0,1,0.0,7.63,193.5,0.0,19.43,19.43,12811,6402,3339,True
77083,12/15/2019,21:24:43,69.9,0.15,0.0,0.0,13.33,0.0,0.0,13.33,0.0,0.0,19.43,20.69,100,0,1,0.0,7.63,193.5,0.0,19.42,19.42,12826,6402,3339,True
77098,12/15/2019,21:24:58,69.9,0.17,0.0,0.0,13.33,0.0,0.0,13.33,0.0,0.0,19.42,20.69,100,0,1,0.0,7.63,193.5,0.0,19.42,19.42,12841,6402,3339,True
77113,12/15/2019,21:25:13,69.9,0.18,0.0,0.0,13.33,0.0,0.0,13.33,0.0,0.0,19.41,20.69,100,0,1,0.0,7.63,193.5,0.0,19.41,19.42,12856,6402,3339,True
77128,12/15/2019,21:25:28,69.9,0.18,0.0,0.0,13.32,0.0,0.0,13.33,0.0,0.0,19.41,20.68,100,0,1,0.0,7.63,193.5,0.0,19.41,19.41,13067,6402,3339,True
77143,12/15/2019,21:25:43,69.9,0.15,0.0,0.0,13.33,0.0,0.0,13.32,0.0,0.0,19.4,20.67,100,0,1,0.0,7.63,193.5,0.0,19.41,19.4,13082,6402,3339,True
77158,12/15/2019,21:25:58,69.9,0.16,0.0,0.0,13.33,0.0,0.0,13.33,0.0,0.0,19.41,20.67,100,0,1,0.0,7.63,193.5,0.0,19.4,19.4,13097,6402,3339,True
77173,12/15/2019,21:26:13,69.9,0.17,0.0,0.0,13.33,0.0,0.0,13.33,0.0,0.0,19.39,20.66,100,0,1,0.0,7.63,193.5,0.0,19.4,19.4,13112,6402,3339,True
77188,12/15/2019,21:26:28,69.9,0.17,0.0,0.0,13.32,0.0,0.0,13.33,0.0,0.0,19.39,20.66,100,0,1,0.0,7.63,193.5,0.0,19.38,19.38,13323,6402,3339,True
77203,12/15/2019,21:26:43,69.8,0.16,0.0,0.0,13.29,0.0,0.0,13.3,0.0,0.0,19.38,20.65,100,0,1,0.0,7.63,193.5,0.0,19.38,19.38,13338,6402,3339,True
77218,12/15/2019,21:26:58,69.8,0.17,0.0,0.0,13.32,0.0,0.0,13.31,0.0,0.0,19.37,20.65,100,0,1,0.0,7.63,193.5,0.0,19.37,19.37,13353,6402,3339,True
77233,12/15/2019,21:27:13,69.8,0.16,0.0,0.0,13.31,0.0,0.0,13.31,0.0,0.0,19.37,20.64,100,0,1,0.0,7.63,193.5,0.0,19.37,19.37,13368,6402,3339,True
77248,12/15/2019,21:27:28,69.8,0.17,0.0,0.0,13.29,0.0,0.0,13.31,0.0,0.0,19.36,20.64,100,0,1,0.0,7.63,193.5,0.0,19.36,19.36,13579,6402,3339,True
77263,12/15/2019,21:27:43,69.8,0.18,0.0,0.0,13.3,0.0,0.0,13.29,0.0,0.0,19.35,20.63,100,0,1,0.0,7.63,193.5,0.0,19.35,19.35,13594,6402,3339,True
77278,12/15/2019,21:27:58,69.8,0.15,0.0,0.0,13.3,0.0,0.0,13.29,0.0,0.0,19.34,20.63,100,0,1,0.0,7.63,193.5,0.0,19.34,19.35,13609,6402,3339,True
77293,12/15/2019,21:28:13,69.8,0.16,0.0,0.0,13.32,0.0,0.0,13.31,0.0,0.0,19.34,20.62,100,0,1,0.0,7.63,193.5,0.0,19.34,19.34,13624,6402,3339,True
77308,12/15/2019,21:28:28,69.8,0.17,0.0,0.0,13.29,0.0,0.0,13.31,0.0,0.0,19.34,20.61,100,0,1,0.0,7.63,193.5,0.0,19.34,19.34,13835,6402,3339,True
77323,12/15/2019,21:28:43,69.8,0.15,0.0,0.0,13.3,0.0,0.0,13.31,0.0,0.0,19.34,20.61,100,0,1,0.0,7.63,193.5,0.0,19.34,19.33,13850,6402,3339,True
77338,12/15/2019,21:28:58,69.8,0.17,0.0,0.0,13.31,0.0,0.0,13.31,0.0,0.0,19.33,20.6,100,0,1,0.0,7.63,193.5,0.0,19.33,19.33,13865,6402,3339,True
77353,12/15/2019,21:29:13,69.8,0.17,0.0,0.0,13.31,0.0,0.0,13.3,0.0,0.0,19.32,20.6,100,0,1,0.0,7.63,193.5,0.0,19.33,19.32,13880,6402,3339,True
77368,12/15/2019,21:29:28,69.8,0.16,0.0,0.0,13.32,0.0,0.0,13.32,0.0,0.0,19.31,20.59,100,0,1,0.0,7.63,193.5,0.0,19.32,19.32,14091,6402,3339,True
77383,12/15/2019,21:29:43,69.7,0.15,0.0,0.0,13.32,0.0,0.0,13.32,0.0,0.0,19.3,20.58,100,0,1,0.0,7.63,193.5,0.0,19.31,19.3,14106,6402,3339,True
77398,12/15/2019,21:29:58,69.7,0.16,0.0,0.0,13.32,0.0,0.0,13.33,0.0,0.13,19.29,20.58,100,0,1,0.0,7.63,193.5,0.0,19.29,19.29,14121,6402,3339,True
77413,12/15/2019,21:30:13,69.7,0.15,0.0,0.0,13.32,0.0,0.0,13.32,0.0,0.0,19.28,20.58,100,0,1,0.0,7.63,193.5,0.0,19.28,19.28,14136,6402,3339,True
77428,12/15/2019,21:30:28,69.7,0.15,0.0,0.0,13.32,0.0,0.0,13.32,0.0,0.13,19.27,20.57,100,0,1,0.0,7.63,193.5,0.0,19.27,19.27,14347,6402,3339,True
77443,12/15/2019,21:30:43,69.7,0.16,0.0,0.0,13.32,0.0,0.0,13.32,0.0,0.0,19.26,20.57,100,0,1,0.0,7.63,193.5,0.0,19.27,19.27,14362,6402,3339,True
77458,12/15/2019,21:30:58,69.7,0.15,0.0,0.0,13.32,0.0,0.0,13.32,0.0,0.26,19.26,20.56,100,0,1,0.0,7.63,193.5,0.0,19.26,19.26,14377,6402,3339,True
77473,12/15/2019,21:31:13,69.7,0.16,0.0,0.0,13.32,0.0,0.0,13.32,0.0,0.0,19.26,20.55,100,0,1,0.0,7.63,193.5,0.0,19.26,19.26,14392,6402,3339,True
77488,12/15/2019,21:31:28,69.7,0.17,0.0,0.0,13.32,0.0,0.0,13.32,0.0,0.0,19.27,20.55,100,0,1,0.0,7.63,193.5,0.0,19.26,19.26,14603,6402,3339,True
77503,12/15/2019,21:31:43,69.6,0.16,0.0,0.0,13.32,0.0,0.0,13.32,0.0,0.0,19.26,20.54,100,0,1,0.0,7.63,193.5,0.0,19.26,19.26,14618,6402,3339,True
77518,12/15/2019,21:31:58,69.6,0.16,0.0,0.0,13.32,0.0,0.0,13.32,0.0,0.0,19.25,20.53,100,0,1,0.0,7.63,193.5,0.0,19.25,19.25,14633,6402,3339,True
77533,12/15/2019,21:32:13,69.6,0.16,0.0,0.0,13.33,0.0,0.0,13.32,0.0,0.0,19.25,20.53,100,0,1,0.0,7.63,193.5,0.0,19.24,19.24,14648,6402,3339,True
77548,12/15/2019,21:32:28,69.6,0.15,0.0,0.0,13.32,0.0,0.0,13.32,0.0,0.0,19.24,20.53,100,0,1,0.0,7.63,193.5,-0.01,19.24,19.24,14859,6402,3339,True
77563,12/15/2019,21:32:43,69.6,0.17,0.0,0.0,13.32,0.0,0.0,13.32,0.0,0.0,19.23,20.52,100,0,1,0.0,7.63,193.5,0.0,19.22,19.23,14874,6402,3339,True
77578,12/15/2019,21:32:58,69.6,0.17,0.0,0.0,13.32,0.0,0.0,13.32,0.0,0.0,19.22,20.51,100,0,1,0.0,7.63,193.5,0.0,19.22,19.23,14889,6402,3339,True
77593,12/15/2019,21:33:13,69.6,0.16,0.0,0.0,13.32,0.0,0.0,13.32,0.0,0.0,19.21,20.51,100,0,1,0.0,7.63,193.5,0.0,19.21,19.22,14904,6402,3339,True
77608,12/15/2019,21:33:28,69.6,0.15,0.0,0.0,13.32,0.0,0.0,13.32,0.0,0.0,19.21,20.51,100,0,1,0.0,7.63,193.5,0.0,19.21,19.21,15115,6402,3339,True
77623,12/15/2019,21:33:43,69.6,0.16,0.0,0.0,13.31,0.0,0.0,13.3,0.0,0.0,19.2,20.5,100,0,1,0.0,7.63,193.5,0.0,19.2,19.21,15130,6402,3339,True
77638,12/15/2019,21:33:58,69.6,0.16,0.0,0.0,13.3,0.0,0.0,13.29,0.03,0.0,19.2,20.49,100,0,1,0.0,7.63,193.5,0.0,19.19,19.19,15145,6402,3339,True
77653,12/15/2019,21:34:13,69.5,0.16,0.0,0.0,13.31,0.0,0.0,13.29,0.0,0.0,19.19,20.49,100,0,1,0.0,7.63,193.5,0.0,19.19,19.19,15160,6402,3339,True
77668,12/15/2019,21:34:28,69.5,0.16,0.0,0.0,13.29,0.0,0.0,13.31,0.0,0.0,19.18,20.48,100,0,1,0.0,7.63,193.5,0.0,19.18,19.18,11,6403,3339,True
77683,12/15/2019,21:34:43,69.5,0.17,0.0,0.0,13.3,0.0,0.0,13.31,0.0,0.0,19.17,20.47,100,0,1,0.0,7.63,193.5,0.0,19.17,19.18,26,6403,3339,True
77698,12/15/2019,21:34:58,69.5,0.17,0.0,0.0,13.29,0.0,0.0,13.3,0.01,0.0,19.17,20.47,100,0,1,0.0,7.63,193.5,0.0,19.17,19.17,41,6403,3339,True
77713,12/15/2019,21:35:13,69.5,0.16,0.0,0.0,13.3,0.0,0.0,13.32,0.0,0.0,19.16,20.47,100,0,1,0.0,7.63,193.5,-0.01,19.16,19.16,56,6403,3339,True
77728,12/15/2019,21:35:28,69.3,0.17,0.0,0.0,13.3,0.0,0.0,13.29,0.0,0.0,19.15,20.46,100,0,1,0.0,7.63,193.5,0.0,19.16,19.15,267,6403,3339,True
77743,12/15/2019,21:35:43,69.3,0.18,0.0,0.0,13.3,0.0,0.0,13.31,0.0,0.0,19.16,20.45,100,0,1,0.0,7.63,193.5,0.0,19.16,19.16,282,6403,3339,True
77758,12/15/2019,21:35:58,69.3,0.17,0.0,0.0,13.3,0.0,0.0,13.31,0.01,0.0,19.14,20.45,100,0,1,0.0,7.63,193.5,0.0,19.14,19.15,297,6403,3339,True
77773,12/15/2019,21:36:13,69.3,0.17,0.0,0.0,13.3,0.0,0.0,13.31,0.0,0.0,19.13,20.44,100,0,1,0.0,7.63,193.5,0.0,19.13,19.13,312,6403,3339,True
77788,12/15/2019,21:36:28,69.3,0.17,0.0,0.0,13.3,0.0,0.0,13.31,0.0,0.0,19.12,20.44,100,0,1,0.0,7.63,193.5,0.0,19.12,19.12,523,6403,3339,True
77803,12/15/2019,21:36:43,69.3,0.16,0.0,0.0,13.32,0.0,0.0,13.32,0.0,0.0,19.12,20.43,100,0,1,0.0,7.63,193.5,0.0,19.13,19.12,538,6403,3339,True
77818,12/15/2019,21:36:58,69.3,0.15,0.0,0.0,13.32,0.0,0.0,13.32,0.0,0.13,19.12,20.43,100,0,1,0.0,7.63,193.5,0.0,19.13,19.12,553,6403,3339,True
77833,12/15/2019,21:37:13,69.3,0.17,0.0,0.0,13.32,0.0,0.0,13.32,0.0,0.13,19.12,20.42,100,0,1,0.0,7.63,193.5,0.0,19.12,19.12,568,6403,3339,True
77848,12/15/2019,21:37:28,69.3,0.18,0.0,0.0,13.32,0.0,0.0,13.32,0.0,0.0,19.13,20.42,100,0,1,0.0,7.63,193.5,0.0,19.12,19.13,779,6403,3339,True
77863,12/15/2019,21:37:43,69.3,0.17,0.0,0.0,13.32,0.0,0.0,13.32,0.0,0.0,19.13,20.41,100,0,1,0.0,7.63,193.5,0.0,19.13,19.13,794,6403,3339,True
77878,12/15/2019,21:37:58,69.3,0.16,0.0,0.0,13.27,0.0,0.0,13.32,0.0,0.0,19.13,20.41,100,0,1,0.0,7.63,193.5,0.0,19.12,19.12,809,6403,3339,True
77893,12/15/2019,21:38:13,69.3,0.17,0.0,0.0,13.27,0.0,0.0,13.31,0.0,0.0,19.13,20.4,100,0,1,0.0,7.63,193.5,0.0,19.12,19.13,824,6403,3339,True
77908,12/15/2019,21:38:28,69.2,0.16,0.0,0.0,13.31,0.0,0.0,13.3,0.0,0.0,19.12,20.39,100,0,1,0.0,7.63,193.5,-0.02,19.12,19.12,1035,6403,3339,True
77923,12/15/2019,21:38:43,69.2,0.17,0.0,0.0,13.32,0.0,0.0,13.32,0.0,0.0,19.1,20.39,100,0,1,0.0,7.63,193.5,0.0,19.1,19.1,1050,6403,3339,True
77938,12/15/2019,21:38:58,69.2,0.17,0.0,0.0,13.32,0.0,0.0,13.32,0.0,0.0,19.1,20.38,100,0,1,0.0,7.63,193.5,0.0,19.09,19.09,1065,6403,3339,True
77953,12/15/2019,21:39:13,69.2,0.17,0.0,0.0,13.32,0.0,0.0,13.32,0.01,0.0,19.1,20.38,100,0,1,0.0,7.63,193.5,0.0,19.1,19.1,1080,6403,3339,True
77968,12/15/2019,21:39:28,69.2,0.16,0.0,0.0,13.33,0.0,0.0,13.32,0.0,0.0,19.1,20.37,100,0,1,0.0,7.63,193.5,0.0,19.1,19.09,1291,6403,3339,True
77983,12/15/2019,21:39:43,69.2,0.17,0.0,0.0,13.32,0.0,0.0,13.32,0.0,0.26,19.1,20.37,100,0,1,0.0,7.63,193.5,0.0,19.1,19.09,1306,6403,3339,True
77998,12/15/2019,21:39:58,69.1,0.16,0.0,0.0,13.32,0.0,0.0,13.32,0.0,0.0,19.1,20.37,100,0,1,0.0,7.63,193.5,-0.03,19.1,19.1,1321,6403,3339,True
78013,12/15/2019,21:40:13,69.1,0.18,0.0,0.0,13.32,0.0,0.0,13.32,0.01,0.0,19.1,20.36,100,0,1,0.0,7.63,193.5,0.0,19.1,19.11,1336,6403,3339,True
78028,12/15/2019,21:40:28,69.0,0.17,0.0,0.0,13.32,0.0,0.0,13.32,0.01,0.0,19.11,20.35,100,0,1,0.0,7.63,193.5,0.0,19.11,19.11,1547,6403,3339,True
78043,12/15/2019,21:40:43,69.0,0.17,0.0,0.0,13.32,0.0,0.0,13.32,0.0,0.0,19.1,20.34,100,0,1,0.0,7.63,193.5,0.0,19.1,19.1,1562,6403,3339,True
78058,12/15/2019,21:40:58,68.9,0.16,0.0,0.0,13.32,0.0,0.0,13.32,0.0,0.0,19.1,20.33,100,0,1,0.0,7.63,193.5,0.0,19.1,19.1,1577,6403,3339,True
78073,12/15/2019,21:41:13,68.9,0.16,0.0,0.0,13.32,0.0,0.0,13.32,0.0,0.26,19.11,20.33,100,0,1,0.0,7.63,193.5,0.0,19.11,19.11,1592,6403,3339,True
78088,12/15/2019,21:41:28,68.9,0.17,0.0,0.0,13.3,0.0,0.0,13.28,0.0,0.0,19.12,20.33,100,0,1,0.0,7.63,193.5,0.0,19.13,19.12,1803,6403,3339,True
78103,12/15/2019,21:41:43,68.9,0.18,0.0,0.0,13.32,0.0,0.0,13.31,0.0,0.0,19.13,20.32,100,0,1,0.0,7.63,193.5,0.0,19.13,19.14,1818,6403,3339,True
78118,12/15/2019,21:41:58,68.9,0.16,0.0,0.0,13.29,0.0,0.0,13.29,0.0,0.0,19.12,20.31,100,0,1,0.0,7.63,193.5,0.0,19.11,19.12,1833,6403,3339,True
78133,12/15/2019,21:42:13,68.9,0.17,0.0,0.0,13.31,0.0,0.0,13.29,0.0,0.0,19.11,20.31,100,0,1,0.0,7.63,193.5,0.0,19.11,19.1,1848,6403,3339,True
78148,12/15/2019,21:42:28,68.9,0.18,0.0,0.0,13.31,0.0,0.0,13.31,0.0,0.0,19.1,20.3,100,0,1,0.0,7.63,193.5,0.0,19.1,19.1,2059,6403,3339,True
78163,12/15/2019,21:42:43,68.9,0.17,0.0,0.0,13.3,0.0,0.0,13.31,0.0,0.0,19.09,20.3,100,0,1,0.0,7.63,193.5,-0.02,19.09,19.09,2074,6403,3339,True
78178,12/15/2019,21:42:58,68.9,0.17,0.0,0.0,13.31,0.0,0.0,13.3,0.0,0.0,19.08,20.29,100,0,1,0.0,7.63,193.5,0.0,19.08,19.08,2089,6403,3339,True
78193,12/15/2019,21:43:13,68.9,0.17,0.0,0.0,13.3,0.0,0.0,13.29,0.0,0.0,19.08,20.29,100,0,1,0.0,7.63,193.5,0.0,19.07,19.08,2104,6403,3339,True
78208,12/15/2019,21:43:28,68.9,0.17,0.0,0.0,13.29,0.0,0.0,13.31,0.0,0.0,19.06,20.28,100,0,1,0.0,7.63,193.5,0.0,19.06,19.06,2315,6403,3339,True
78223,12/15/2019,21:43:43,68.9,0.16,0.0,0.0,13.29,0.0,0.0,13.31,0.0,0.0,19.05,20.28,100,0,1,0.0,7.63,193.5,0.0,19.05,19.05,2330,6403,3339,True
78238,12/15/2019,21:43:58,68.9,0.17,0.0,0.0,13.3,0.0,0.0,13.3,0.0,0.13,19.03,20.27,100,0,1,0.0,7.63,193.5,-0.03,19.04,19.04,2345,6403,3339,True
78253,12/15/2019,21:44:13,68.9,0.16,0.0,0.0,13.31,0.0,0.0,13.3,0.0,0.0,19.03,20.27,100,0,1,0.0,7.63,193.5,0.0,19.03,19.02,2360,6403,3339,True
78268,12/15/2019,21:44:28,68.8,0.18,0.0,0.0,13.32,0.0,0.0,13.32,0.0,0.0,19.0,20.27,100,0,1,0.0,7.63,193.5,0.0,19.01,19.01,2571,6403,3339,True
78283,12/15/2019,21:44:43,68.9,0.17,0.0,0.0,13.32,0.0,0.0,13.32,0.0,0.0,19.0,20.25,100,0,1,0.0,7.63,193.5,-0.03,19.01,19.0,2586,6403,3339,True
78298,12/15/2019,21:44:58,68.9,0.16,0.0,0.0,13.32,0.0,0.0,13.32,0.0,0.0,19.01,20.25,100,0,1,0.0,7.63,193.5,0.0,19.01,19.01,2601,6403,3339,True
78313,12/15/2019,21:45:13,68.9,0.17,0.0,0.0,13.32,0.0,0.0,13.32,0.05,0.0,19.02,20.25,100,0,1,0.0,7.63,193.5,0.0,19.02,19.02,2616,6403,3339,True
78328,12/15/2019,21:45:28,68.9,0.17,0.0,0.0,13.32,0.0,0.0,13.32,0.0,0.0,19.04,20.25,100,0,1,0.0,7.63,193.5,0.0,19.04,19.03,2827,6403,3339,True
78343,12/15/2019,21:45:43,68.8,0.17,0.0,0.0,13.32,0.0,0.0,13.32,0.0,0.0,19.04,20.24,100,0,1,0.0,7.63,193.5,0.0,19.04,19.04,2842,6403,3339,True
78358,12/15/2019,21:45:58,68.8,0.17,0.0,0.0,13.33,0.0,0.0,13.32,0.0,0.0,19.01,20.24,100,0,1,0.0,7.63,193.5,0.0,19.01,19.02,2857,6403,3339,True
78373,12/15/2019,21:46:13,68.8,0.16,0.0,0.0,13.32,0.0,0.0,13.32,0.0,0.0,19.01,20.23,100,0,1,0.0,7.63,193.5,0.0,19.01,19.01,2872,6403,3339,True
78388,12/15/2019,21:46:28,68.7,0.16,0.0,0.0,13.32,0.0,0.0,13.32,0.03,0.0,18.99,20.23,100,0,1,0.0,7.63,193.5,0.0,19.0,18.99,3083,6403,3339,True
78403,12/15/2019,21:46:43,68.7,0.16,0.0,0.0,13.32,0.0,0.0,13.32,0.0,0.0,18.99,20.22,100,0,1,0.0,7.63,193.5,-0.02,18.98,18.98,3098,6403,3339,True
78418,12/15/2019,21:46:58,68.7,0.17,0.0,0.0,13.32,0.0,0.0,13.32,0.0,0.0,18.97,20.21,100,0,1,0.0,7.63,193.5,0.0,18.97,18.97,3113,6403,3339,True
78433,12/15/2019,21:47:13,68.6,0.17,0.0,0.0,13.32,0.0,0.0,13.32,0.0,0.0,18.96,20.21,100,0,1,0.0,7.63,193.5,0.0,18.96,18.96,3128,6403,3339,True
78448,12/15/2019,21:47:28,68.6,0.17,0.0,0.0,13.32,0.0,0.0,13.32,0.0,0.0,18.95,20.2,100,0,1,0.0,7.63,193.5,0.0,18.95,18.95,3339,6403,3339,True
78463,12/15/2019,21:47:43,68.6,0.17,0.0,0.0,13.32,0.0,0.0,13.32,0.0,0.53,18.94,20.2,100,0,1,0.0,7.63,193.5,0.0,18.94,18.94,3354,6403,3339,True
78478,12/15/2019,21:47:58,68.6,0.17,0.0,0.0,13.32,0.0,0.0,13.32,0.0,0.0,18.93,20.19,100,0,1,0.0,7.63,193.5,0.0,18.92,18.93,3369,6403,3339,True
78493,12/15/2019,21:48:13,68.6,0.17,0.0,0.0,13.33,0.0,0.0,13.32,0.02,0.0,18.91,20.19,100,0,1,0.0,7.63,193.5,-0.03,18.91,18.91,3384,6403,3339,True
78508,12/15/2019,21:48:28,68.6,0.17,0.0,0.0,13.32,0.0,0.0,13.32,0.0,0.0,18.9,20.18,100,0,1,0.0,7.63,193.5,-0.01,18.9,18.9,3595,6403,3339,True
78523,12/15/2019,21:48:43,68.6,0.16,0.0,0.0,13.33,0.0,0.0,13.32,0.01,0.0,18.89,20.18,100,0,1,0.0,7.63,193.5,0.0,18.89,18.89,3610,6403,3339,True
78538,12/15/2019,21:48:58,68.6,0.17,0.0,0.0,13.32,0.0,0.0,13.32,0.0,0.0,18.89,20.17,100,0,1,0.0,7.63,193.5,0.0,18.89,18.89,3625,6403,3339,True
78553,12/15/2019,21:49:13,68.6,0.18,0.0,0.0,13.3,0.0,0.0,13.29,0.0,0.0,18.88,20.17,100,0,1,0.0,7.63,193.5,0.0,18.88,18.87,3640,6403,3339,True
78568,12/15/2019,21:49:28,68.6,0.18,0.0,0.0,13.31,0.0,0.0,13.3,0.0,0.0,18.87,20.16,100,0,1,0.0,7.63,193.5,0.0,18.87,18.87,3851,6403,3339,True
78583,12/15/2019,21:49:43,68.6,0.17,0.0,0.0,13.31,0.0,0.0,13.3,0.0,0.0,18.86,20.16,100,0,1,0.0,7.63,193.5,0.0,18.86,18.86,3866,6403,3339,True
78598,12/15/2019,21:49:58,68.6,0.17,0.0,0.0,13.3,0.0,0.0,13.31,0.01,0.13,18.85,20.16,100,0,1,0.0,7.63,193.5,0.0,18.86,18.85,3881,6403,3339,True
78613,12/15/2019,21:50:13,68.6,0.17,0.0,0.0,13.3,0.0,0.0,13.3,0.0,0.0,18.84,20.15,100,0,1,0.0,7.63,193.5,0.0,18.84,18.85,3896,6403,3339,True
78628,12/15/2019,21:50:28,68.6,0.19,0.0,0.0,13.3,0.0,0.0,13.31,0.0,0.0,18.84,20.14,100,0,1,0.0,7.63,193.5,-0.03,18.85,18.85,4107,6403,3339,True
78643,12/15/2019,21:50:43,68.6,0.16,0.0,0.0,13.31,0.0,0.0,13.3,0.0,0.39,18.86,20.14,100,0,1,0.0,7.63,193.5,0.0,18.86,18.85,4122,6403,3339,True
78658,12/15/2019,21:50:58,68.6,0.16,0.0,0.0,13.31,0.0,0.0,13.32,0.0,0.39,18.85,20.13,100,0,1,0.0,7.63,193.5,0.0,18.85,18.85,4137,6403,3339,True
78673,12/15/2019,21:51:13,68.6,0.17,0.0,0.0,13.31,0.0,0.0,13.32,0.02,0.0,18.85,20.13,100,0,1,0.0,7.63,193.5,0.0,18.85,18.85,4152,6403,3339,True
78688,12/15/2019,21:51:28,68.6,0.17,0.0,0.0,13.32,0.0,0.0,13.32,0.02,0.26,18.86,20.12,100,0,1,0.0,7.63,193.5,0.0,18.86,18.86,4363,6403,3339,True
78703,12/15/2019,21:51:43,68.6,0.17,0.0,0.0,13.31,0.0,0.0,13.3,0.0,0.53,18.86,20.12,100,0,1,0.0,7.63,193.5,0.0,18.86,18.85,4378,6403,3339,True
78718,12/15/2019,21:51:58,68.6,0.17,0.0,0.0,13.32,0.0,0.0,13.32,0.0,0.0,18.85,20.12,100,0,1,0.0,7.63,193.5,-0.03,18.85,18.85,4393,6403,3339,True
78733,12/15/2019,21:52:13,68.7,0.17,0.0,0.0,13.33,0.0,0.0,13.33,0.0,0.39,18.84,20.11,100,0,1,0.0,7.63,193.5,0.0,18.84,18.84,4408,6403,3339,True
78748,12/15/2019,21:52:28,68.6,0.18,0.0,0.0,13.33,0.0,0.0,13.33,0.05,0.0,18.82,20.11,100,0,1,0.0,7.63,193.5,-0.03,18.82,18.82,4619,6403,3339,True
78763,12/15/2019,21:52:43,68.6,0.17,0.0,0.0,13.33,0.0,0.0,13.33,0.0,0.13,18.8,20.1,100,0,1,0.0,7.63,193.5,-0.02,18.79,18.8,4634,6403,3339,True
78778,12/15/2019,21:52:58,68.6,0.16,0.0,0.0,13.33,0.0,0.0,13.33,0.0,0.0,18.74,20.1,100,0,1,0.0,7.63,193.5,-0.03,18.75,18.74,4649,6403,3339,True
78793,12/15/2019,21:53:13,68.4,0.16,0.0,0.0,13.34,0.0,0.0,13.33,0.0,0.26,18.71,20.1,100,0,1,0.0,7.63,193.5,0.0,18.71,18.71,4664,6403,3339,True
78808,12/15/2019,21:53:28,68.4,0.17,0.0,0.0,13.33,0.0,0.0,13.33,0.0,0.0,18.67,20.09,100,0,1,0.0,7.63,193.5,-0.01,18.67,18.68,4875,6403,3339,True
78823,12/15/2019,21:53:43,68.4,0.17,0.0,0.0,13.34,0.0,0.0,13.33,0.0,0.0,18.66,20.09,100,0,1,0.0,7.63,193.5,0.0,18.66,18.67,4890,6403,3339,True
78838,12/15/2019,21:53:58,68.4,0.17,0.0,0.0,13.33,0.0,0.0,13.33,0.0,0.0,18.66,20.09,100,0,1,0.0,7.63,193.5,0.0,18.66,18.66,4905,6403,3339,True
78853,12/15/2019,21:54:13,68.4,0.17,0.0,0.0,13.33,0.0,0.0,13.33,0.0,0.0,18.65,20.09,100,0,1,0.0,7.63,193.5,-0.03,18.65,18.65,4920,6403,3339,True
78868,12/15/2019,21:54:28,68.3,0.17,0.0,0.0,13.33,0.0,0.0,13.33,0.0,0.0,18.63,20.08,100,0,1,0.0,7.63,193.5,-0.04,18.63,18.63,5131,6403,3339,True
78883,12/15/2019,21:54:43,68.3,0.17,0.0,0.0,13.33,0.0,0.0,13.34,0.03,0.0,18.62,20.08,100,0,1,0.0,7.63,193.5,0.0,18.63,18.63,5146,6403,3339,True
78898,12/15/2019,21:54:58,68.3,0.18,0.0,0.0,13.33,0.0,0.0,13.33,0.05,0.0,18.61,20.07,100,0,1,0.0,7.63,193.5,0.0,18.61,18.61,5161,6403,3339,True
78913,12/15/2019,21:55:13,68.3,0.17,0.0,0.0,13.33,0.0,0.0,13.33,0.0,0.0,18.6,20.07,100,0,1,0.0,7.63,193.5,0.0,18.6,18.6,5176,6403,3339,True
78928,12/15/2019,21:55:28,68.2,0.18,0.0,0.0,13.33,0.0,0.0,13.34,0.0,0.13,18.6,20.06,100,0,1,0.0,7.63,193.5,0.0,18.6,18.6,5387,6403,3339,True
78943,12/15/2019,21:55:43,68.2,0.18,0.0,0.0,13.33,0.0,0.0,13.33,0.0,0.0,18.59,20.06,100,0,1,0.0,7.63,193.5,0.0,18.6,18.59,5402,6403,3339,True
78958,12/15/2019,21:55:58,68.2,0.17,0.0,0.0,13.33,0.0,0.0,13.33,0.02,0.0,18.59,20.05,100,0,1,0.0,7.63,193.5,0.0,18.58,18.58,5417,6403,3339,True
78973,12/15/2019,21:56:13,68.2,0.17,0.0,0.0,13.34,0.0,0.0,13.33,0.0,0.39,18.57,20.05,100,0,1,0.0,7.63,193.5,0.0,18.57,18.58,5432,6403,3339,True
78988,12/15/2019,21:56:28,68.1,0.16,0.0,0.0,13.34,0.0,0.0,13.34,0.0,0.0,18.56,20.04,100,0,1,0.0,7.63,193.5,0.0,18.56,18.56,5643,6403,3339,True
79003,12/15/2019,21:56:43,68.1,0.17,0.0,0.0,13.33,0.0,0.0,13.34,0.0,0.53,18.56,20.04,100,0,1,0.0,7.63,193.5,0.0,18.56,18.56,5658,6403,3339,True
79018,12/15/2019,21:56:58,68.1,0.16,0.0,0.0,13.31,0.0,0.0,13.33,0.03,0.0,18.56,20.04,100,0,1,0.0,7.63,193.5,0.0,18.55,18.55,5673,6403,3339,True
79033,12/15/2019,21:57:13,68.1,0.18,0.0,0.0,13.3,0.0,0.0,13.3,0.0,0.0,18.55,20.04,100,0,1,0.0,7.63,193.5,0.0,18.55,18.55,5688,6403,3339,True
79048,12/15/2019,21:57:28,68.1,0.17,0.0,0.0,13.32,0.0,0.0,13.32,0.03,0.0,18.55,20.02,100,0,1,0.0,7.63,193.5,0.0,18.55,18.55,5899,6403,3339,True
79063,12/15/2019,21:57:43,68.1,0.17,0.0,0.0,13.31,0.0,0.0,13.3,0.0,0.0,18.54,20.02,100,0,1,0.0,7.63,193.5,0.0,18.54,18.54,5914,6403,3339,True
79078,12/15/2019,21:57:58,68.1,0.17,0.0,0.0,13.31,0.0,0.0,13.31,0.0,0.0,18.54,20.02,100,0,1,0.0,7.63,193.5,0.0,18.53,18.53,5929,6403,3339,True
79093,12/15/2019,21:58:13,68.1,0.17,0.0,0.0,13.3,0.0,0.0,13.31,0.0,0.0,18.53,20.01,100,0,1,0.0,7.63,193.5,-0.03,18.53,18.52,5944,6403,3339,True
79108,12/15/2019,21:58:28,68.1,0.18,0.0,0.0,13.33,0.0,0.0,13.32,0.0,0.0,18.52,20.0,100,0,1,0.0,7.63,193.5,-0.01,18.52,18.52,6155,6403,3339,True
79123,12/15/2019,21:58:43,68.1,0.19,0.0,0.0,13.32,0.0,0.0,13.32,0.0,0.39,18.52,20.0,100,0,1,0.0,7.63,193.5,0.0,18.52,18.52,6170,6403,3339,True
79138,12/15/2019,21:58:58,68.1,0.18,0.0,0.0,13.31,0.0,0.0,13.32,0.0,0.39,18.51,20.0,100,0,1,0.0,7.63,193.5,0.0,18.51,18.51,6185,6403,3339,True
79153,12/15/2019,21:59:13,68.1,0.19,0.0,0.0,13.31,0.0,0.0,13.32,0.0,0.0,18.5,19.99,100,0,1,0.0,7.63,193.5,0.0,18.51,18.5,6200,6403,3339,True
79168,12/15/2019,21:59:28,68.1,0.17,0.0,0.0,13.31,0.0,0.0,13.32,0.02,0.0,18.5,19.99,100,0,1,0.0,7.63,193.5,0.0,18.5,18.5,6411,6403,3339,True
79183,12/15/2019,21:59:43,68.1,0.17,0.0,0.0,13.33,0.0,0.0,13.33,0.0,0.26,18.49,19.98,100,0,1,0.0,7.63,193.5,-0.02,18.49,18.49,6426,6403,3339,True
79198,12/15/2019,21:59:58,68.1,0.17,0.0,0.0,13.34,0.0,0.0,13.34,0.0,0.0,18.49,19.98,100,0,1,0.0,7.63,193.5,0.0,18.5,18.49,6441,6403,3339,True
79213,12/15/2019,22:00:13,68.1,0.16,0.0,0.0,13.34,0.0,0.0,13.34,0.0,0.0,18.49,19.97,100,0,1,0.0,7.63,193.5,-0.03,18.49,18.49,6456,6403,3339,True
79228,12/15/2019,22:00:28,68.1,0.17,0.0,0.0,13.33,0.0,0.0,13.34,0.0,0.0,18.48,19.97,100,0,1,0.0,7.63,193.5,0.0,18.48,18.48,6667,6403,3339,True
79243,12/15/2019,22:00:43,68.1,0.17,0.0,0.0,13.33,0.0,0.0,13.33,0.04,0.26,18.48,19.96,100,0,1,0.0,7.63,193.5,0.0,18.47,18.48,6682,6403,3339,True
79258,12/15/2019,22:00:58,68.1,0.17,0.0,0.0,13.33,0.0,0.0,13.33,0.0,0.0,18.47,19.96,100,0,1,0.0,7.63,193.5,-0.02,18.47,18.46,6697,6403,3339,True
79273,12/15/2019,22:01:13,68.1,0.17,0.0,0.0,13.33,0.0,0.0,13.34,0.0,0.0,18.46,19.95,100,0,1,0.0,7.63,193.5,0.0,18.46,18.46,6712,6403,3339,True
79288,12/15/2019,22:01:28,68.1,0.17,0.0,0.0,13.33,0.0,0.0,13.33,0.0,0.26,18.45,19.95,100,0,1,0.0,7.63,193.5,0.0,18.45,18.46,6923,6403,3339,True
79303,12/15/2019,22:01:43,68.1,0.18,0.0,0.0,13.34,0.0,0.0,13.33,0.0,0.0,18.45,19.94,100,0,1,0.0,7.63,193.5,0.0,18.45,18.45,6938,6403,3339,True
79318,12/15/2019,22:01:58,68.1,0.18,0.0,0.0,13.33,0.0,0.0,13.34,0.0,0.0,18.44,19.94,100,0,1,0.0,7.63,193.5,0.0,18.45,18.44,6953,6403,3339,True
79333,12/15/2019,22:02:13,68.1,0.19,0.0,0.0,13.34,0.0,0.0,13.34,0.0,0.0,18.44,19.93,100,0,1,0.0,7.63,193.5,0.0,18.44,18.44,6968,6403,3339,True
79348,12/15/2019,22:02:28,68.1,0.19,0.0,0.0,13.34,0.0,0.0,13.33,0.0,0.66,18.42,19.93,100,0,1,0.0,7.63,193.5,0.0,18.43,18.43,7179,6403,3339,True
79363,12/15/2019,22:02:43,68.1,0.18,0.0,0.0,13.34,0.0,0.0,13.33,0.0,0.26,18.42,19.93,100,0,1,0.0,7.63,193.5,0.0,18.42,18.42,7194,6403,3339,True
79378,12/15/2019,22:02:58,68.1,0.17,0.0,0.0,13.33,0.0,0.0,13.33,0.0,0.0,18.41,19.92,100,0,1,0.0,7.63,193.5,0.0,18.42,18.42,7209,6403,3339,True
79393,12/15/2019,22:03:13,68.1,0.17,0.0,0.0,13.34,0.0,0.0,13.33,0.0,0.0,18.4,19.92,100,0,1,0.0,7.63,193.5,-0.02,18.41,18.41,7224,6403,3339,True
79408,12/15/2019,22:03:28,68.1,0.16,0.0,0.0,13.33,0.0,0.0,13.33,0.0,0.0,18.41,19.91,100,0,1,0.0,7.63,193.5,0.0,18.41,18.41,7435,6403,3339,True
79423,12/15/2019,22:03:43,68.1,0.17,0.0,0.0,13.33,0.0,0.0,13.33,0.0,0.66,18.41,19.9,100,0,1,0.0,7.63,193.5,0.0,18.42,18.42,7450,6403,3339,True
79438,12/15/2019,22:03:58,68.1,0.17,0.0,0.0,13.33,0.0,0.0,13.33,0.0,0.0,18.41,19.9,100,0,1,0.0,7.63,193.5,-0.01,18.41,18.41,7465,6403,3339,True
79453,12/15/2019,22:04:13,68.1,0.17,0.0,0.0,13.33,0.0,0.0,13.33,0.01,0.0,18.41,19.9,100,0,1,0.0,7.63,193.5,0.0,18.41,18.41,7480,6403,3339,True
79468,12/15/2019,22:04:28,68.1,0.17,0.0,0.0,13.34,0.0,0.0,13.33,0.01,0.0,18.41,19.89,100,0,1,0.0,7.63,193.5,-0.05,18.41,18.41,7691,6403,3339,True
79483,12/15/2019,22:04:43,68.1,0.16,0.0,0.0,13.31,0.0,0.0,13.3,0.0,0.13,18.41,19.88,100,0,1,0.0,7.63,193.5,0.0,18.41,18.41,7706,6403,3339,True
79498,12/15/2019,22:04:58,68.1,0.19,0.0,0.0,13.33,0.0,0.0,13.32,0.0,0.0,18.41,19.88,100,0,1,0.0,7.63,193.5,0.0,18.41,18.41,7721,6403,3339,True
79513,12/15/2019,22:05:13,68.1,0.17,0.0,0.0,13.31,0.0,0.0,13.3,0.04,0.0,18.41,19.87,100,0,1,0.0,7.63,193.5,0.0,18.42,18.41,7736,6403,3339,True
79528,12/15/2019,22:05:28,68.1,0.18,0.0,0.0,13.32,0.0,0.0,13.32,0.0,0.0,18.42,19.86,100,0,1,0.0,7.63,193.5,0.0,18.42,18.42,7947,6403,3339,True
79543,12/15/2019,22:05:43,68.1,0.18,0.0,0.0,13.31,0.0,0.0,13.32,0.0,0.0,18.41,19.86,100,0,1,0.0,7.63,193.5,0.0,18.41,18.41,7962,6403,3339,True
79558,12/15/2019,22:05:58,68.1,0.18,0.0,0.0,13.32,0.0,0.0,13.31,0.0,0.0,18.4,19.86,100,0,1,0.0,7.63,193.5,0.0,18.41,18.4,7977,6403,3339,True
79573,12/15/2019,22:06:13,68.1,0.18,0.0,0.0,13.31,0.0,0.0,13.33,0.0,0.26,18.4,19.85,100,0,1,0.0,7.63,193.5,0.0,18.39,18.4,7992,6403,3339,True
79588,12/15/2019,22:06:28,68.1,0.17,0.0,0.0,13.32,0.0,0.0,13.31,0.0,0.0,18.39,19.85,100,0,1,0.0,7.63,193.5,0.0,18.39,18.39,8203,6403,3339,True
79603,12/15/2019,22:06:43,68.1,0.19,0.0,0.0,13.31,0.0,0.0,13.32,0.0,0.0,18.38,19.84,100,0,1,0.0,7.63,193.5,0.0,18.37,18.38,8218,6403,3339,True
79618,12/15/2019,22:06:58,68.1,0.18,0.0,0.0,13.31,0.0,0.0,13.3,0.04,0.0,18.37,19.84,100,0,1,0.0,7.63,193.5,0.0,18.37,18.38,8233,6403,3339,True
79633,12/15/2019,22:07:13,68.1,0.19,0.0,0.0,13.32,0.0,0.0,13.32,0.0,0.0,18.37,19.83,100,0,1,0.0,7.63,193.5,0.0,18.37,18.37,8248,6403,3339,True
79648,12/15/2019,22:07:28,68.0,0.17,0.0,0.0,13.33,0.0,0.0,13.33,0.02,0.0,18.36,19.83,100,0,1,0.0,7.63,193.5,0.0,18.36,18.36,8459,6403,3339,True
79663,12/15/2019,22:07:43,68.0,0.17,0.0,0.0,13.33,0.0,0.0,13.33,0.0,0.13,18.35,19.82,100,0,1,0.0,7.63,193.5,-0.03,18.35,18.35,8474,6403,3339,True
79678,12/15/2019,22:07:58,68.0,0.19,0.0,0.0,13.33,0.0,0.0,13.33,0.0,0.0,18.35,19.82,100,0,1,0.0,7.63,193.5,0.0,18.35,18.35,8489,6403,3339,True
79693,12/15/2019,22:08:13,68.0,0.17,0.0,0.0,13.34,0.0,0.0,13.33,0.0,0.0,18.34,19.81,100,0,1,0.0,7.63,193.5,-0.02,18.33,18.34,8504,6403,3339,True
79708,12/15/2019,22:08:28,68.0,0.17,0.0,0.0,13.33,0.0,0.0,13.33,0.0,0.0,18.33,19.81,100,0,1,0.0,7.63,193.5,0.0,18.33,18.33,8715,6403,3339,True
79723,12/15/2019,22:08:43,68.0,0.18,0.0,0.0,13.33,0.0,0.0,13.33,0.0,0.0,18.32,19.8,100,0,1,0.0,7.63,193.5,0.0,18.32,18.32,8730,6403,3339,True
79738,12/15/2019,22:08:58,67.9,0.18,0.0,0.0,13.33,0.0,0.0,13.33,0.0,0.0,18.32,19.8,100,0,1,0.0,7.63,193.5,-0.05,18.33,18.33,8745,6403,3339,True
79753,12/15/2019,22:09:13,67.9,0.18,0.0,0.0,13.33,0.0,0.0,13.33,0.04,0.0,18.32,19.79,100,0,1,0.0,7.63,193.5,-0.01,18.32,18.32,8760,6403,3339,True
79768,12/15/2019,22:09:28,67.9,0.18,0.0,0.0,13.33,0.0,0.0,13.33,0.0,0.13,18.31,19.79,100,0,1,0.0,7.63,193.5,0.0,18.32,18.31,8971,6403,3339,True
79783,12/15/2019,22:09:43,67.9,0.17,0.0,0.0,13.33,0.0,0.0,13.33,0.0,0.0,18.31,19.78,100,0,1,0.0,7.63,193.5,0.0,18.31,18.31,8986,6403,3339,True
79798,12/15/2019,22:09:58,67.9,0.18,0.0,0.0,13.33,0.0,0.0,13.33,0.01,0.13,18.3,19.78,100,0,1,0.0,7.63,193.5,-0.02,18.31,18.31,9001,6403,3339,True
79813,12/15/2019,22:10:13,67.9,0.17,0.0,0.0,13.33,0.0,0.0,13.33,0.04,0.0,18.3,19.77,100,0,1,0.0,7.63,193.5,0.0,18.31,18.3,9016,6403,3339,True
79828,12/15/2019,22:10:28,67.9,0.18,0.0,0.0,13.33,0.0,0.0,13.33,0.0,0.0,18.3,19.77,100,0,1,0.0,7.63,193.5,0.0,18.3,18.3,9227,6403,3339,True
79843,12/15/2019,22:10:43,67.8,0.19,0.0,0.0,13.33,0.0,0.0,13.33,0.0,0.39,18.29,19.76,100,0,1,0.0,7.63,193.5,0.0,18.28,18.3,9242,6403,3339,True
79858,12/15/2019,22:10:58,67.8,0.18,0.0,0.0,13.34,0.0,0.0,13.33,0.0,0.0,18.29,19.75,100,0,1,0.0,7.63,193.5,0.0,18.29,18.29,9257,6403,3339,True
79873,12/15/2019,22:11:13,67.8,0.17,0.0,0.0,13.33,0.0,0.0,13.33,0.0,0.26,18.29,19.75,100,0,1,0.0,7.63,193.5,0.0,18.28,18.28,9272,6403,3339,True
79888,12/15/2019,22:11:28,67.8,0.18,0.0,0.0,13.32,0.0,0.0,13.3,0.0,0.0,18.28,19.74,100,0,1,0.0,7.63,193.5,0.0,18.28,18.28,9483,6403,3339,True
79903,12/15/2019,22:11:43,67.8,0.17,0.0,0.0,13.31,0.0,0.0,13.3,0.0,0.0,18.29,19.74,100,0,1,0.0,7.63,193.5,0.0,18.29,18.29,9498,6403,3339,True
79918,12/15/2019,22:11:58,67.8,0.18,0.0,0.0,13.31,0.0,0.0,13.3,0.03,0.13,18.3,19.74,100,0,1,0.0,7.63,193.5,-0.02,18.3,18.3,9513,6403,3339,True
79933,12/15/2019,22:12:13,67.7,0.18,0.0,0.0,13.29,0.0,0.0,13.3,0.0,0.0,18.29,19.73,100,0,1,0.0,7.63,193.5,0.0,18.29,18.29,9528,6403,3339,True
79948,12/15/2019,22:12:28,67.7,0.17,0.0,0.0,13.29,0.0,0.0,13.3,0.0,0.0,18.26,19.72,100,0,1,0.0,7.63,193.5,0.0,18.27,18.27,9739,6403,3339,True
79963,12/15/2019,22:12:43,67.6,0.17,0.0,0.0,13.31,0.0,0.0,13.3,0.0,0.0,18.16,19.71,100,0,1,0.0,7.63,193.5,0.0,18.16,18.15,9754,6403,3339,True
79978,12/15/2019,22:12:58,67.4,0.17,0.0,0.0,13.31,0.0,0.0,13.3,0.05,0.0,18.07,19.71,100,0,1,0.0,7.63,193.5,0.0,18.07,18.07,9769,6403,3339,True
79993,12/15/2019,22:13:13,67.2,0.17,0.0,0.0,13.3,0.0,0.0,13.29,0.0,0.0,17.95,19.7,100,0,1,0.0,7.63,193.5,0.0,17.95,17.95,9784,6403,3339,True
80008,12/15/2019,22:13:28,67.2,0.17,0.0,0.0,13.3,0.0,0.0,13.3,0.06,0.0,17.84,19.7,100,0,1,0.0,7.63,193.5,0.0,17.83,17.83,9995,6403,3339,True
80023,12/15/2019,22:13:43,67.2,0.18,0.0,0.0,13.3,0.0,0.0,13.3,0.0,0.13,17.76,19.7,100,0,1,0.0,7.63,193.5,0.0,17.75,17.75,10010,6403,3339,True
80038,12/15/2019,22:13:58,67.1,0.18,0.0,0.0,13.32,0.0,0.0,13.3,0.04,0.53,17.73,19.69,100,0,1,0.0,7.63,193.5,0.0,17.74,17.74,10025,6403,3339,True
80053,12/15/2019,22:14:13,67.1,0.18,0.0,0.0,13.32,0.0,0.0,13.32,0.0,0.53,17.71,19.69,100,0,1,0.0,7.63,193.5,0.0,17.71,17.71,10040,6403,3339,True
80068,12/15/2019,22:14:28,67.0,0.17,0.0,0.0,13.33,0.0,0.0,13.32,0.0,0.66,17.71,19.68,100,0,1,0.0,7.63,193.5,-0.04,17.7,17.7,10251,6403,3339,True
80083,12/15/2019,22:14:43,67.0,0.19,0.0,0.0,13.33,0.0,0.0,13.32,0.03,0.53,17.71,19.68,100,0,1,0.0,7.63,193.5,-0.04,17.71,17.7,10266,6403,3339,True
80098,12/15/2019,22:14:58,67.0,0.17,0.0,0.0,13.32,0.0,0.0,13.32,0.0,0.0,17.72,19.67,100,0,1,0.0,7.63,193.5,-0.02,17.72,17.72,10281,6403,3339,True
80113,12/15/2019,22:15:13,67.0,0.17,0.0,0.0,13.33,0.0,0.0,13.33,0.0,0.0,17.72,19.67,100,0,1,0.0,7.63,193.5,0.0,17.72,17.73,10296,6403,3339,True
80128,12/15/2019,22:15:28,67.0,0.19,0.0,0.0,13.33,0.0,0.0,13.33,0.01,0.0,17.72,19.66,100,0,1,0.0,7.63,193.5,0.0,17.71,17.72,10507,6403,3339,True
80143,12/15/2019,22:15:43,66.9,0.17,0.0,0.0,13.33,0.0,0.0,13.33,0.0,0.39,17.72,19.66,100,0,1,0.0,7.63,193.5,0.0,17.72,17.73,10522,6403,3339,True
80158,12/15/2019,22:15:58,66.9,0.19,0.0,0.0,13.33,0.0,0.0,13.33,0.02,0.0,17.72,19.65,100,0,1,0.0,7.63,193.5,-0.04,17.72,17.72,10537,6403,3339,True
80173,12/15/2019,22:16:13,66.9,0.19,0.0,0.0,13.36,0.0,0.0,13.36,0.0,0.0,17.73,19.65,100,0,1,0.0,7.63,193.5,0.0,17.73,17.73,10552,6403,3339,True
80188,12/15/2019,22:16:28,67.0,0.19,0.0,0.0,13.61,0.0,0.0,13.6,0.0,0.0,17.74,19.64,100,0,1,0.0,7.63,193.5,0.0,17.73,17.73,10763,6403,3339,True
80203,12/15/2019,22:16:43,66.9,0.19,0.0,0.0,13.74,0.0,0.0,13.73,0.0,0.0,17.75,19.64,100,0,1,0.0,7.63,193.5,0.0,17.76,17.76,10778,6403,3339,True
80218,12/15/2019,22:16:58,66.9,0.19,0.0,0.0,13.75,0.0,0.0,13.75,0.0,0.0,17.76,19.63,100,0,1,0.0,7.63,193.5,-0.03,17.77,17.77,10793,6403,3339,True
80233,12/15/2019,22:17:13,66.9,0.23,0.0,0.0,13.75,0.0,0.0,13.75,0.04,0.0,17.79,19.63,100,0,1,0.0,7.63,193.5,-0.04,17.79,17.79,10808,6403,3339,True
80248,12/15/2019,22:17:28,66.8,1.24,0.0,0.0,13.75,0.0,0.0,13.75,0.03,0.41,17.81,19.62,100,0,1,0.0,7.63,193.5,0.0,17.8,17.8,11019,6403,3339,True
80263,12/15/2019,22:17:43,66.8,0.19,0.0,0.0,13.76,0.0,0.0,13.76,0.0,0.0,17.82,19.62,100,0,1,0.0,7.63,193.5,0.0,17.81,17.8,11034,6403,3339,True
80278,12/15/2019,22:17:58,66.8,0.19,0.0,0.0,13.76,0.0,0.0,13.76,0.0,0.0,17.84,19.61,100,0,1,0.0,7.63,193.5,0.0,17.84,17.84,11049,6403,3339,True
80293,12/15/2019,22:18:13,66.8,0.63,0.0,0.0,13.77,0.0,0.0,13.77,0.0,0.68,17.87,19.61,100,0,1,0.0,7.63,193.5,-0.03,17.88,17.88,11064,6403,3339,True
80308,12/15/2019,22:18:28,66.8,10.6,0.0,0.0,13.75,0.0,0.0,13.77,0.02,0.0,17.96,19.61,100,0,1,0.0,7.63,193.5,0.0,17.96,17.96,11275,6403,3339,True
80323,12/15/2019,22:18:43,66.9,10.58,0.0,0.0,13.75,0.0,0.0,13.76,0.0,0.0,18.01,19.61,100,0,1,0.0,7.63,193.5,0.0,18.01,18.02,11290,6403,3339,True
80338,12/15/2019,22:18:58,67.0,4.94,0.0,0.0,13.78,0.0,0.0,13.78,0.0,0.0,18.07,19.6,100,0,1,0.0,7.63,193.5,0.0,18.08,18.07,11305,6403,3339,True
80353,12/15/2019,22:19:13,67.0,0.18,0.0,0.0,13.76,0.0,0.0,13.75,0.0,0.0,18.18,19.6,100,0,1,0.0,7.63,193.5,-0.03,18.18,18.18,11320,6403,3339,True
80368,12/15/2019,22:19:28,67.1,0.24,0.0,0.0,13.78,0.0,0.0,13.75,0.0,0.41,18.28,19.59,100,0,1,0.0,7.63,193.5,0.0,18.28,18.28,11531,6403,3339,True
80383,12/15/2019,22:19:43,67.2,0.27,0.0,0.0,13.78,0.0,0.0,13.8,0.0,0.68,18.35,19.59,100,0,1,0.0,7.63,193.5,0.0,18.35,18.35,11546,6403,3339,True
80398,12/15/2019,22:19:58,67.2,1.25,0.0,0.0,13.76,0.0,0.0,13.78,0.03,0.41,18.51,19.58,100,0,1,0.0,7.63,193.5,0.0,18.51,18.51,11561,6403,3339,True
80413,12/15/2019,22:20:13,67.3,0.19,0.0,0.0,13.77,0.0,0.0,13.75,0.0,0.0,18.65,19.57,100,0,1,0.0,7.63,193.5,0.0,18.66,18.66,11576,6403,3339,True
80428,12/15/2019,22:20:28,67.6,0.19,0.0,0.0,13.78,0.0,0.0,13.77,0.02,0.0,18.82,19.58,100,0,1,0.0,7.63,193.5,0.0,18.83,18.83,11787,6403,3339,True
80443,12/15/2019,22:20:43,67.7,0.19,0.0,0.0,13.77,0.0,0.0,13.78,0.0,0.0,18.94,19.57,100,0,1,0.0,7.63,193.5,-0.03,18.94,18.94,11802,6403,3339,True
80458,12/15/2019,22:20:58,68.0,0.37,0.0,0.0,13.8,0.0,0.0,13.79,0.03,0.0,19.2,19.57,100,0,1,0.0,7.63,193.5,0.0,19.2,19.2,11817,6403,3339,True
80473,12/15/2019,22:21:13,68.1,5.72,0.0,0.0,13.79,0.0,0.0,13.8,0.0,0.0,19.41,19.57,100,0,1,0.0,7.63,193.5,0.0,19.41,19.41,11832,6403,3339,True
80488,12/15/2019,22:21:28,68.1,3.77,0.0,0.0,13.8,0.0,0.0,13.8,0.0,0.0,19.58,19.57,100,0,1,0.0,7.63,193.5,0.0,19.58,19.58,12043,6403,3339,True
80503,12/15/2019,22:21:43,68.4,1.64,0.0,0.0,13.8,0.0,0.0,13.8,0.04,0.55,19.69,19.56,100,0,1,0.0,7.63,193.5,0.0,19.69,19.69,12058,6403,3339,True
80518,12/15/2019,22:21:58,68.7,2.18,0.0,0.0,13.8,0.0,0.0,13.8,0.0,0.0,19.94,19.56,100,0,1,0.0,7.63,193.5,0.0,19.95,19.95,12073,6403,3339,True
80533,12/15/2019,22:22:13,68.9,2.68,0.0,0.0,13.8,0.0,0.0,13.8,0.0,0.41,20.16,19.55,100,0,1,0.0,7.63,193.5,0.0,20.16,20.16,12088,6403,3339,True
80548,12/15/2019,22:22:28,69.2,2.3,0.0,0.0,13.76,0.0,0.0,13.75,0.0,0.0,20.36,19.55,100,0,1,0.0,7.63,193.5,-0.04,20.36,20.36,12299,6403,3339,True
80563,12/15/2019,22:22:43,69.3,3.02,0.0,0.0,13.8,0.0,0.0,13.81,0.0,0.13,20.5,19.54,100,0,1,0.0,7.63,193.5,-0.02,20.49,20.49,12314,6403,3339,True
80578,12/15/2019,22:22:58,69.6,4.29,0.0,0.0,13.81,0.0,0.0,13.81,0.01,0.0,20.68,19.54,100,0,1,0.0,7.63,193.5,0.0,20.68,20.68,12329,6403,3339,True
80593,12/15/2019,22:23:13,69.7,3.48,0.0,0.0,13.78,0.0,0.0,13.78,0.0,0.0,20.78,19.53,100,0,1,0.0,7.63,193.5,0.0,20.78,20.78,12344,6403,3339,True
80608,12/15/2019,22:23:28,69.8,2.02,0.0,0.0,13.78,0.0,0.0,13.78,0.0,0.0,20.83,19.53,100,0,1,0.0,7.63,193.5,-0.04,20.82,20.82,12555,6403,3339,True
80623,12/15/2019,22:23:43,70.0,3.58,0.0,0.0,13.82,0.0,0.0,13.82,0.0,0.0,20.86,19.52,100,0,1,0.0,7.63,193.5,0.0,20.85,20.85,12570,6403,3339,True
80638,12/15/2019,22:23:58,70.1,2.72,0.0,0.0,13.79,0.0,0.0,13.79,0.0,0.27,20.94,19.52,100,0,1,0.0,7.63,193.5,0.0,20.93,20.94,12585,6403,3339,True
80653,12/15/2019,22:24:13,70.1,2.22,0.0,0.0,13.75,0.0,0.0,13.75,0.03,0.68,20.97,19.51,100,0,1,0.0,7.63,193.5,0.0,20.97,20.97,12600,6403,3339,True
80668,12/15/2019,22:24:28,70.1,0.83,0.0,0.0,13.8,0.0,0.0,13.8,0.0,0.0,20.93,19.5,100,0,1,0.0,7.63,193.5,-0.01,20.94,20.94,12811,6403,3339,True
80683,12/15/2019,22:24:43,70.1,0.74,0.0,0.0,13.83,0.0,0.0,13.82,0.02,0.0,20.89,19.5,100,0,1,0.0,7.63,193.5,0.0,20.9,20.9,12826,6403,3339,True
80698,12/15/2019,22:24:58,70.1,0.74,0.0,0.0,13.57,0.0,0.0,13.57,0.0,0.0,20.95,19.49,100,0,1,0.0,7.63,193.5,-0.03,20.95,20.95,12841,6403,3339,True
80713,12/15/2019,22:25:13,70.1,0.73,0.0,0.0,13.54,0.0,0.0,13.54,0.0,0.13,20.97,19.49,100,0,1,0.0,7.63,193.5,-0.03,20.96,20.96,12856,6403,3339,True
80728,12/15/2019,22:25:28,70.1,0.74,0.0,0.0,13.52,0.0,0.0,13.52,0.02,0.0,20.92,19.48,100,0,1,0.0,7.63,193.5,0.0,20.93,20.92,13067,6403,3339,True
80743,12/15/2019,22:25:43,70.1,0.74,0.0,0.0,13.5,0.0,0.0,13.48,0.0,0.0,20.85,19.48,100,0,1,0.0,7.63,193.5,0.0,20.86,20.85,13082,6403,3339,True
80758,12/15/2019,22:25:58,70.1,0.75,0.0,0.0,13.49,0.0,0.0,13.49,0.02,0.0,20.78,19.47,100,0,1,0.0,7.63,193.5,0.0,20.77,20.77,13097,6403,3339,True
80773,12/15/2019,22:26:13,70.1,0.74,0.0,0.0,13.46,0.0,0.0,13.47,0.0,0.13,20.69,19.47,100,0,1,0.0,7.63,193.5,0.0,20.69,20.69,13112,6403,3339,True
80788,12/15/2019,22:26:28,70.1,0.77,0.0,0.0,13.48,0.0,0.0,13.46,0.0,0.0,20.6,19.46,100,0,1,0.0,7.63,193.5,0.0,20.6,20.59,13323,6403,3339,True
80803,12/15/2019,22:26:43,70.1,0.76,0.0,0.0,13.46,0.0,0.0,13.47,0.0,0.0,20.52,19.46,100,0,1,0.0,7.63,193.5,-0.03,20.52,20.52,13338,6403,3339,True
80818,12/15/2019,22:26:58,70.1,0.75,0.0,0.0,13.44,0.0,0.0,13.46,0.0,0.0,20.43,19.45,100,0,1,0.0,7.63,193.5,0.0,20.43,20.43,13353,6403,3339,True
80833,12/15/2019,22:27:13,70.1,0.74,0.0,0.0,13.45,0.0,0.0,13.44,0.03,0.0,20.35,19.45,100,0,1,0.0,7.63,193.5,-0.05,20.35,20.35,13368,6403,3339,True
80848,12/15/2019,22:27:28,70.1,0.75,0.0,0.0,13.46,0.0,0.0,13.46,0.0,0.0,20.28,19.44,100,0,1,0.0,7.63,193.5,-0.04,20.28,20.28,13579,6403,3339,True
80863,12/15/2019,22:27:43,70.1,0.76,0.0,0.0,13.45,0.0,0.0,13.46,0.0,0.0,20.21,19.43,100,0,1,0.0,7.63,193.5,0.0,20.2,20.2,13594,6403,3339,True
80878,12/15/2019,22:27:58,70.1,0.75,0.0,0.0,13.44,0.0,0.0,13.45,0.0,0.0,20.12,19.43,100,0,1,0.0,7.63,193.5,0.0,20.13,20.13,13609,6403,3339,True
80893,12/15/2019,22:28:13,70.0,0.75,0.0,0.0,13.43,0.0,0.0,13.44,0.0,0.0,20.05,19.42,100,0,1,0.0,7.63,193.5,0.0,20.04,20.05,13624,6403,3339,True
80908,12/15/2019,22:28:28,69.9,0.75,0.0,0.0,13.44,0.0,0.0,13.44,0.0,0.0,19.97,19.42,100,0,1,0.0,7.63,193.5,0.0,19.97,19.97,13835,6403,3339,True
80923,12/15/2019,22:28:43,69.9,0.76,0.0,0.0,13.43,0.0,0.0,13.45,0.0,0.0,19.9,19.41,100,0,1,0.0,7.63,193.5,-0.06,19.91,19.9,13850,6403,3339,True
80938,12/15/2019,22:28:58,69.8,0.77,0.0,0.0,13.45,0.0,0.0,13.45,0.02,0.0,19.83,19.41,100,0,1,0.0,7.63,193.5,-0.03,19.83,19.83,13865,6403,3339,True
80953,12/15/2019,22:29:13,69.8,0.73,0.0,0.0,13.44,0.0,0.0,13.45,0.0,0.0,19.77,19.41,100,0,1,0.0,7.63,193.5,0.0,19.77,19.77,13880,6403,3339,True
80968,12/15/2019,22:29:28,69.7,0.74,0.0,0.0,13.44,0.0,0.0,13.44,0.0,0.0,19.7,19.4,100,0,1,0.0,7.63,193.5,-0.05,19.7,19.7,14091,6403,3339,True
80983,12/15/2019,22:29:43,69.7,0.76,0.0,0.0,13.44,0.0,0.0,13.44,0.0,0.0,19.65,19.4,100,0,1,0.0,7.63,193.5,-0.05,19.65,19.65,14106,6403,3339,True
80998,12/15/2019,22:29:58,69.6,0.75,0.0,0.0,13.44,0.0,0.0,13.44,0.0,0.4,19.61,19.4,100,0,1,0.0,7.63,193.5,0.0,19.61,19.61,14121,6403,3339,True
81013,12/15/2019,22:30:13,69.6,0.75,0.0,0.0,13.44,0.0,0.0,13.44,0.0,0.0,19.54,19.39,100,0,1,0.0,7.63,193.5,0.0,19.53,19.53,14136,6403,3339,True
81028,12/15/2019,22:30:28,69.5,0.74,0.0,0.0,13.44,0.0,0.0,13.44,0.0,0.0,19.49,19.39,100,0,1,0.0,7.63,193.5,0.0,19.49,19.49,14347,6403,3339,True
81043,12/15/2019,22:30:43,69.5,0.74,0.0,0.0,13.44,0.0,0.0,13.44,0.0,0.67,19.47,19.38,100,0,1,0.0,7.63,193.5,0.0,19.47,19.47,14362,6403,3339,True
81058,12/15/2019,22:30:58,69.5,0.74,0.0,0.0,13.44,0.0,0.0,13.44,0.0,0.67,19.44,19.38,100,0,1,0.0,7.63,193.5,-0.04,19.43,19.43,14377,6403,3339,True
81073,12/15/2019,22:31:13,69.3,0.75,0.0,0.0,13.44,0.0,0.0,13.44,0.0,0.0,19.4,19.37,100,0,1,0.0,7.63,193.5,0.0,19.38,19.39,14392,6403,3339,True
81088,12/15/2019,22:31:28,69.3,0.74,0.0,0.0,13.44,0.0,0.0,13.43,0.0,0.0,19.36,19.37,100,0,1,0.0,7.63,193.5,0.0,19.36,19.36,14603,6403,3339,True
81103,12/15/2019,22:31:43,69.3,0.73,0.0,0.0,13.43,0.0,0.0,13.44,0.0,0.0,19.32,19.36,100,0,1,0.0,7.63,193.5,0.0,19.32,19.32,14618,6403,3339,True
81118,12/15/2019,22:31:58,69.2,0.75,0.0,0.0,13.43,0.0,0.0,13.44,0.0,0.0,19.28,19.36,100,0,1,0.0,7.63,193.5,0.0,19.28,19.28,14633,6403,3339,True
81133,12/15/2019,22:32:13,69.2,0.74,0.0,0.0,13.43,0.0,0.0,13.43,0.0,0.0,19.26,19.36,100,0,1,0.0,7.63,193.5,-0.05,19.25,19.26,14648,6403,3339,True
81148,12/15/2019,22:32:28,69.2,0.74,0.0,0.0,13.43,0.0,0.0,13.43,0.0,0.0,19.23,19.35,100,0,1,0.0,7.63,193.5,0.0,19.23,19.23,14859,6403,3339,True
81163,12/15/2019,22:32:43,69.2,0.75,0.0,0.0,13.43,0.0,0.0,13.43,0.02,0.0,19.21,19.34,100,0,1,0.0,7.63,193.5,0.0,19.21,19.21,14874,6403,3339,True
81178,12/15/2019,22:32:58,69.2,0.74,0.0,0.0,13.4,0.0,0.0,13.41,0.0,0.0,19.19,19.34,100,0,1,0.0,7.63,193.5,0.0,19.19,19.19,14889,6403,3339,True
81193,12/15/2019,22:33:13,69.1,0.73,0.0,0.0,13.4,0.0,0.0,13.41,0.0,0.0,19.16,19.34,100,0,1,0.0,7.63,193.5,0.0,19.16,19.16,14904,6403,3339,True
81208,12/15/2019,22:33:28,69.1,0.73,0.0,0.0,13.42,0.0,0.0,13.42,0.0,0.0,19.15,19.34,100,0,1,0.0,7.63,193.5,0.0,19.15,19.15,15115,6403,3339,True
81223,12/15/2019,22:33:43,69.1,0.73,0.0,0.0,13.4,0.0,0.0,13.4,0.0,0.0,19.13,19.33,100,0,1,0.0,7.63,193.5,-0.03,19.13,19.13,15130,6403,3339,True
81238,12/15/2019,22:33:58,69.0,0.73,0.0,0.0,13.39,0.0,0.0,13.4,0.0,0.0,19.11,19.32,100,0,1,0.0,7.63,193.5,0.0,19.11,19.11,15145,6403,3339,True
81253,12/15/2019,22:34:13,69.1,0.73,0.0,0.0,13.41,0.0,0.0,13.39,0.0,0.0,19.09,19.32,100,0,1,0.0,7.63,193.5,0.0,19.09,19.08,15160,6403,3339,True
81268,12/15/2019,22:34:28,69.1,0.73,0.0,0.0,13.41,0.0,0.0,13.41,0.0,0.0,19.07,19.32,100,0,1,0.0,7.63,193.5,-0.01,19.07,19.07,11,6404,3339,True
81283,12/15/2019,22:34:43,69.0,0.74,0.0,0.0,13.41,0.0,0.0,13.41,0.05,0.26,19.06,19.31,100,0,1,0.0,7.63,193.5,0.0,19.05,19.05,26,6404,3339,True
81298,12/15/2019,22:34:58,69.0,0.74,0.0,0.0,13.41,0.0,0.0,13.4,0.0,0.0,19.04,19.31,100,0,1,0.0,7.63,193.5,0.0,19.04,19.04,41,6404,3339,True
81313,12/15/2019,22:35:13,69.0,0.73,0.0,0.0,13.41,0.0,0.0,13.41,0.0,0.0,19.02,19.3,100,0,1,0.0,7.63,193.5,-0.01,19.02,19.02,56,6404,3339,True
81328,12/15/2019,22:35:28,69.0,0.73,0.0,0.0,13.4,0.0,0.0,13.41,0.04,0.13,19.01,19.3,100,0,1,0.0,7.63,193.5,0.0,19.01,19.01,267,6404,3339,True
81343,12/15/2019,22:35:43,68.9,0.73,0.0,0.0,13.41,0.0,0.0,13.41,0.0,0.4,19.0,19.3,100,0,1,0.0,7.63,193.5,0.0,18.99,18.99,282,6404,3339,True
81358,12/15/2019,22:35:58,68.9,0.73,0.0,0.0,13.4,0.0,0.0,13.39,0.0,0.13,18.99,19.3,100,0,1,0.0,7.63,193.5,-0.02,18.99,18.99,297,6404,3339,True
81373,12/15/2019,22:36:13,68.9,0.73,0.0,0.0,13.39,0.0,0.0,13.39,0.01,0.0,18.97,19.29,100,0,1,0.0,7.63,193.5,0.0,18.97,18.97,312,6404,3339,True
81388,12/15/2019,22:36:28,68.9,1.01,0.0,0.0,13.39,0.0,0.0,13.39,0.0,0.0,18.95,19.29,100,0,1,0.0,7.63,193.5,0.0,18.96,18.96,523,6404,3339,True
81403,12/15/2019,22:36:43,68.9,0.73,0.0,0.0,13.41,0.0,0.0,13.41,0.0,0.0,18.96,19.28,100,0,1,0.0,7.63,193.5,0.0,18.96,18.95,538,6404,3339,True
81418,12/15/2019,22:36:58,68.9,0.74,0.0,0.0,13.41,0.0,0.0,13.41,0.0,0.0,18.97,19.28,100,0,1,0.0,7.63,193.5,0.0,18.97,18.96,553,6404,3339,True
81433,12/15/2019,22:37:13,68.9,0.75,0.0,0.0,13.41,0.0,0.0,13.41,0.0,0.0,18.96,19.28,100,0,1,0.0,7.63,193.5,-0.01,18.96,18.97,568,6404,3339,True
81448,12/15/2019,22:37:28,68.9,0.73,0.0,0.0,13.41,0.0,0.0,13.41,0.0,0.0,18.95,19.27,100,0,1,0.0,7.63,193.5,0.0,18.95,18.95,779,6404,3339,True
81463,12/15/2019,22:37:43,68.9,0.74,0.0,0.0,13.41,0.0,0.0,13.41,0.0,0.0,18.94,19.26,100,0,1,0.0,7.63,193.5,-0.01,18.94,18.94,794,6404,3339,True
81478,12/15/2019,22:37:58,68.8,0.73,0.0,0.0,13.41,0.0,0.0,13.41,0.0,0.0,18.98,19.26,100,0,1,0.0,7.63,193.5,0.0,18.97,18.98,809,6404,3339,True
81493,12/15/2019,22:38:13,68.7,0.75,0.0,0.0,13.41,0.0,0.0,13.41,0.0,0.0,18.97,19.27,100,0,1,0.0,7.63,193.5,0.0,18.97,18.97,824,6404,3339,True
81508,12/15/2019,22:38:28,68.7,0.74,0.0,0.0,13.41,0.0,0.0,13.41,0.0,0.0,18.94,19.25,100,0,1,0.0,7.63,193.5,-0.03,18.94,18.94,1035,6404,3339,True
81523,12/15/2019,22:38:43,68.7,0.74,0.0,0.0,13.41,0.0,0.0,13.41,0.0,0.0,18.96,19.25,100,0,1,0.0,7.63,193.5,0.0,18.96,18.96,1050,6404,3339,True
81538,12/15/2019,22:38:58,68.7,0.75,0.0,0.0,13.41,0.0,0.0,13.41,0.03,0.0,18.97,19.25,100,0,1,0.0,7.63,193.5,0.0,18.97,18.97,1065,6404,3339,True
81553,12/15/2019,22:39:13,68.7,0.74,0.0,0.0,13.41,0.0,0.0,13.41,0.0,0.67,18.97,19.25,100,0,1,0.0,7.63,193.5,0.0,18.97,18.97,1080,6404,3339,True
81568,12/15/2019,22:39:28,68.7,0.75,0.0,0.0,13.41,0.0,0.0,13.41,0.03,0.4,18.97,19.25,100,0,1,0.0,7.63,193.5,-0.04,18.96,18.96,1291,6404,3339,True
81583,12/15/2019,22:39:43,68.7,0.75,0.0,0.0,13.41,0.0,0.0,13.41,0.03,0.0,18.95,19.24,100,0,1,0.0,7.63,193.5,-0.05,18.95,18.95,1306,6404,3339,True
81598,12/15/2019,22:39:58,68.7,0.76,0.0,0.0,13.41,0.0,0.0,13.41,0.03,0.4,18.94,19.24,100,0,1,0.0,7.63,193.5,0.0,18.94,18.94,1321,6404,3339,True
81613,12/15/2019,22:40:13,68.7,0.75,0.0,0.0,13.4,0.0,0.0,13.4,0.0,0.0,18.94,19.24,100,0,1,0.0,7.63,193.5,0.0,18.93,18.94,1336,6404,3339,True
81628,12/15/2019,22:40:28,68.7,0.78,0.0,0.0,13.41,0.0,0.0,13.41,0.04,0.0,18.93,19.22,100,0,1,0.0,7.63,193.5,0.0,18.94,18.94,1547,6404,3339,True
81643,12/15/2019,22:40:43,68.7,0.96,0.0,0.0,13.41,0.0,0.0,13.41,0.05,0.0,18.91,19.22,100,0,1,0.0,7.63,193.5,0.0,18.92,18.92,1562,6404,3339,True
81658,12/15/2019,22:40:58,68.7,0.93,0.0,0.0,13.41,0.0,0.0,13.41,0.04,0.4,18.89,19.22,100,0,1,0.0,7.63,193.5,0.0,18.9,18.89,1577,6404,3339,True
81673,12/15/2019,22:41:13,68.7,0.76,0.0,0.0,13.39,0.0,0.0,13.39,0.0,0.0,18.86,19.22,100,0,1,0.0,7.63,193.5,0.0,18.87,18.87,1592,6404,3339,True
81688,12/15/2019,22:41:28,68.6,0.76,0.0,0.0,13.38,0.0,0.0,13.37,0.0,0.0,18.86,19.21,100,0,1,0.0,7.63,193.5,-0.04,18.86,18.85,1803,6404,3339,True
81703,12/15/2019,22:41:43,68.6,0.75,0.0,0.0,13.39,0.0,0.0,13.38,0.0,0.0,18.85,19.21,100,0,1,0.0,7.63,193.5,0.0,18.84,18.84,1818,6404,3339,True
81718,12/15/2019,22:41:58,68.6,0.75,0.0,0.0,13.37,0.0,0.0,13.39,0.01,0.13,18.83,19.2,100,0,1,0.0,7.63,193.5,0.0,18.83,18.83,1833,6404,3339,True
81733,12/15/2019,22:42:13,68.6,0.74,0.0,0.0,13.38,0.0,0.0,13.37,0.0,0.0,18.82,19.2,100,0,1,0.0,7.63,193.5,0.0,18.81,18.82,1848,6404,3339,True
81748,12/15/2019,22:42:28,68.6,0.76,0.0,0.0,13.38,0.0,0.0,13.39,0.0,0.53,18.8,19.2,100,0,1,0.0,7.63,193.5,0.0,18.8,18.8,2059,6404,3339,True
81763,12/15/2019,22:42:43,68.6,0.74,0.0,0.0,13.39,0.0,0.0,13.39,0.0,0.0,18.78,19.2,100,0,1,0.0,7.63,193.5,-0.03,18.79,18.78,2074,6404,3339,True
81778,12/15/2019,22:42:58,68.6,0.76,0.0,0.0,13.38,0.0,0.0,13.39,0.0,0.0,18.77,19.2,100,0,1,0.0,7.63,193.5,0.0,18.77,18.77,2089,6404,3339,True
81793,12/15/2019,22:43:13,68.4,0.76,0.0,0.0,13.39,0.0,0.0,13.38,0.0,0.0,18.76,19.19,100,0,1,0.0,7.63,193.5,0.0,18.76,18.75,2104,6404,3339,True
81808,12/15/2019,22:43:28,68.4,0.76,0.0,0.0,13.38,0.0,0.0,13.36,0.02,0.4,18.74,19.18,100,0,1,0.0,7.63,193.5,0.0,18.74,18.74,2315,6404,3339,True
81823,12/15/2019,22:43:43,68.4,0.76,0.0,0.0,13.39,0.0,0.0,13.38,0.0,0.0,18.73,19.18,100,0,1,0.0,7.63,193.5,0.0,18.73,18.73,2330,6404,3339,True
81838,12/15/2019,22:43:58,68.4,0.76,0.0,0.0,13.38,0.0,0.0,13.37,0.0,0.0,18.72,19.17,100,0,1,0.0,7.63,193.5,0.0,18.72,18.72,2345,6404,3339,True
81853,12/15/2019,22:44:13,68.4,0.76,0.0,0.0,13.39,0.0,0.0,13.37,0.0,0.0,18.7,19.18,100,0,1,0.0,7.63,193.5,-0.02,18.69,18.69,2360,6404,3339,True
81868,12/15/2019,22:44:28,68.4,0.76,0.0,0.0,13.39,0.0,0.0,13.39,0.04,0.0,18.68,19.18,100,0,1,0.0,7.63,193.5,0.0,18.68,18.68,2571,6404,3339,True
81883,12/15/2019,22:44:43,68.4,0.77,0.0,0.0,13.39,0.0,0.0,13.39,0.0,0.0,18.67,19.17,100,0,1,0.0,7.63,193.5,0.0,18.67,18.67,2586,6404,3339,True
81898,12/15/2019,22:44:58,68.3,0.76,0.0,0.0,13.39,0.0,0.0,13.39,0.0,0.0,18.66,19.17,100,0,1,0.0,7.63,193.5,-0.02,18.66,18.66,2601,6404,3339,True
81913,12/15/2019,22:45:13,68.3,0.76,0.0,0.0,13.39,0.0,0.0,13.39,0.0,0.0,18.64,19.17,100,0,1,0.0,7.63,193.5,0.0,18.64,18.65,2616,6404,3339,True
81928,12/15/2019,22:45:28,68.3,0.77,0.0,0.0,13.4,0.0,0.0,13.39,0.0,0.4,18.62,19.16,100,0,1,0.0,7.63,193.5,0.0,18.63,18.62,2827,6404,3339,True
81943,12/15/2019,22:45:43,68.3,0.76,0.0,0.0,13.4,0.0,0.0,13.39,0.0,0.13,18.62,19.15,100,0,1,0.0,7.63,193.5,0.0,18.61,18.61,2842,6404,3339,True
81958,12/15/2019,22:45:58,68.3,0.76,0.0,0.0,13.39,0.0,0.0,13.39,0.0,0.0,18.6,19.16,100,0,1,0.0,7.63,193.5,-0.02,18.6,18.6,2857,6404,3339,True
81973,12/15/2019,22:46:13,68.2,0.77,0.0,0.0,13.4,0.0,0.0,13.39,0.0,0.0,18.59,19.14,100,0,1,0.0,7.63,193.5,0.0,18.59,18.6,2872,6404,3339,True
81988,12/15/2019,22:46:28,68.2,0.77,0.0,0.0,13.39,0.0,0.0,13.39,0.0,0.0,18.59,19.15,100,0,1,0.0,7.63,193.5,0.0,18.59,18.58,3083,6404,3339,True
82003,12/15/2019,22:46:43,68.1,0.76,0.0,0.0,13.39,0.0,0.0,13.39,0.01,0.0,18.58,19.15,100,0,1,0.0,7.63,193.5,0.0,18.57,18.58,3098,6404,3339,True
82018,12/15/2019,22:46:58,68.1,0.76,0.0,0.0,13.39,0.0,0.0,13.39,0.0,0.0,18.57,19.14,100,0,1,0.0,7.63,193.5,-0.02,18.56,18.57,3113,6404,3339,True
82033,12/15/2019,22:47:13,68.1,0.76,0.0,0.0,13.4,0.0,0.0,13.39,0.0,0.0,18.56,19.14,100,0,1,0.0,7.63,193.5,-0.04,18.55,18.55,3128,6404,3339,True
82048,12/15/2019,22:47:28,68.1,0.76,0.0,0.0,13.39,0.0,0.0,13.39,0.0,0.0,18.54,19.14,100,0,1,0.0,7.63,193.5,0.0,18.54,18.54,3339,6404,3339,True
82063,12/15/2019,22:47:43,68.1,0.76,0.0,0.0,13.39,0.0,0.0,13.39,0.0,0.53,18.53,19.13,100,0,1,0.0,7.63,193.5,0.0,18.52,18.53,3354,6404,3339,True
82078,12/15/2019,22:47:58,68.1,0.76,0.0,0.0,13.39,0.0,0.0,13.39,0.0,0.0,18.52,19.13,100,0,1,0.0,7.63,193.5,0.0,18.51,18.52,3369,6404,3339,True
82093,12/15/2019,22:48:13,68.1,0.77,0.0,0.0,13.39,0.0,0.0,13.39,0.0,0.0,18.51,19.12,100,0,1,0.0,7.63,193.5,0.0,18.51,18.51,3384,6404,3339,True
82108,12/15/2019,22:48:28,68.1,0.76,0.0,0.0,13.39,0.0,0.0,13.39,0.02,0.26,18.5,19.12,100,0,1,0.0,7.63,193.5,0.0,18.5,18.5,3595,6404,3339,True
82123,12/15/2019,22:48:43,68.1,0.77,0.0,0.0,13.39,0.0,0.0,13.39,0.0,0.0,18.49,19.12,100,0,1,0.0,7.63,193.5,0.0,18.49,18.5,3610,6404,3339,True
82138,12/15/2019,22:48:58,68.1,0.76,0.0,0.0,13.39,0.0,0.0,13.39,0.0,0.0,18.47,19.11,100,0,1,0.0,7.63,193.5,0.0,18.48,18.48,3625,6404,3339,True
82153,12/15/2019,22:49:13,68.1,0.76,0.0,0.0,13.38,0.0,0.0,13.37,0.0,0.0,18.47,19.12,100,0,1,0.0,7.63,193.5,0.0,18.47,18.47,3640,6404,3339,True
82168,12/15/2019,22:49:28,68.1,0.76,0.0,0.0,13.38,0.0,0.0,13.36,0.0,0.0,18.46,19.1,100,0,1,0.0,7.63,193.5,0.0,18.46,18.46,3851,6404,3339,True
82183,12/15/2019,22:49:43,68.1,0.75,0.0,0.0,13.36,0.0,0.0,13.37,0.0,0.0,18.46,19.11,100,0,1,0.0,7.63,193.5,-0.01,18.46,18.45,3866,6404,3339,True
82198,12/15/2019,22:49:58,68.1,0.75,0.0,0.0,13.36,0.0,0.0,13.37,0.0,0.0,18.45,19.1,100,0,1,0.0,7.63,193.5,0.0,18.45,18.44,3881,6404,3339,True
82213,12/15/2019,22:50:13,68.1,0.76,0.0,0.0,13.38,0.0,0.0,13.37,0.0,0.4,18.43,19.1,100,0,1,0.0,7.63,193.5,0.0,18.44,18.44,3896,6404,3339,True
82228,12/15/2019,22:50:28,68.1,0.75,0.0,0.0,13.38,0.0,0.0,13.37,0.0,0.0,18.43,19.1,100,0,1,0.0,7.63,193.5,-0.04,18.43,18.43,4107,6404,3339,True
82243,12/15/2019,22:50:43,68.1,0.76,0.0,0.0,13.37,0.0,0.0,13.38,0.01,0.0,18.42,19.09,100,0,1,0.0,7.63,193.5,-0.01,18.42,18.42,4122,6404,3339,True
82258,12/15/2019,22:50:58,68.1,0.78,0.0,0.0,13.36,0.0,0.0,13.37,0.0,0.0,18.41,19.09,100,0,1,0.0,7.63,193.5,0.0,18.4,18.41,4137,6404,3339,True
82273,12/15/2019,22:51:13,68.1,0.77,0.0,0.0,13.35,0.0,0.0,13.37,0.0,0.53,18.4,19.08,100,0,1,0.0,7.63,193.5,0.0,18.4,18.4,4152,6404,3339,True
82288,12/15/2019,22:51:28,68.1,0.77,0.0,0.0,13.36,0.0,0.0,13.36,0.0,0.0,18.39,19.09,100,0,1,0.0,7.63,193.5,0.0,18.39,18.39,4363,6404,3339,True
82303,12/15/2019,22:51:43,68.1,0.78,0.0,0.0,13.37,0.0,0.0,13.36,0.0,0.0,18.39,19.08,100,0,1,0.0,7.63,193.5,-0.03,18.38,18.39,4378,6404,3339,True
82318,12/15/2019,22:51:58,68.1,0.77,0.0,0.0,13.38,0.0,0.0,13.37,0.0,0.0,18.38,19.08,100,0,1,0.0,7.63,193.5,0.0,18.38,18.38,4393,6404,3339,True
82333,12/15/2019,22:52:13,68.1,0.77,0.0,0.0,13.39,0.0,0.0,13.39,0.0,0.0,18.37,19.08,100,0,1,0.0,7.63,193.5,0.0,18.37,18.37,4408,6404,3339,True
82348,12/15/2019,22:52:28,68.1,0.77,0.0,0.0,13.38,0.0,0.0,13.38,0.0,0.0,18.36,19.07,100,0,1,0.0,7.63,193.5,-0.01,18.37,18.37,4619,6404,3339,True
82363,12/15/2019,22:52:43,68.0,0.77,0.0,0.0,13.39,0.0,0.0,13.38,0.03,0.0,18.36,19.07,100,0,1,0.0,7.63,193.5,0.0,18.36,18.36,4634,6404,3339,True
82378,12/15/2019,22:52:58,68.0,0.77,0.0,0.0,13.39,0.0,0.0,13.38,0.0,0.0,18.36,19.07,100,0,1,0.0,7.63,193.5,0.0,18.35,18.35,4649,6404,3339,True
82393,12/15/2019,22:53:13,68.0,0.77,0.0,0.0,13.38,0.0,0.0,13.38,0.0,0.0,18.35,19.06,100,0,1,0.0,7.63,193.5,0.0,18.34,18.35,4664,6404,3339,True
82408,12/15/2019,22:53:28,68.0,0.77,0.0,0.0,13.38,0.0,0.0,13.39,0.0,0.26,18.34,19.06,100,0,1,0.0,7.63,193.5,0.0,18.34,18.34,4875,6404,3339,True
82423,12/15/2019,22:53:43,68.0,0.77,0.0,0.0,13.38,0.0,0.0,13.38,0.01,0.0,18.34,19.06,100,0,1,0.0,7.63,193.5,-0.04,18.33,18.33,4890,6404,3339,True
82438,12/15/2019,22:53:58,68.0,0.77,0.0,0.0,13.39,0.0,0.0,13.39,0.0,0.13,18.32,19.06,100,0,1,0.0,7.63,193.5,0.0,18.32,18.33,4905,6404,3339,True
82453,12/15/2019,22:54:13,67.9,0.76,0.0,0.0,13.39,0.0,0.0,13.38,0.05,0.26,18.32,19.05,100,0,1,0.0,7.63,193.5,0.0,18.32,18.32,4920,6404,3339,True
82468,12/15/2019,22:54:28,67.9,0.76,0.0,0.0,13.38,0.0,0.0,13.38,0.01,0.26,18.32,19.05,100,0,1,0.0,7.63,193.5,0.0,18.31,18.31,5131,6404,3339,True
82483,12/15/2019,22:54:43,67.9,0.76,0.0,0.0,13.39,0.0,0.0,13.38,0.0,0.0,18.3,19.04,100,0,1,0.0,7.63,193.5,0.0,18.3,18.3,5146,6404,3339,True
82498,12/15/2019,22:54:58,67.9,0.77,0.0,0.0,13.38,0.0,0.0,13.39,0.0,0.0,18.29,19.05,100,0,1,0.0,7.63,193.5,0.0,18.29,18.29,5161,6404,3339,True
82513,12/15/2019,22:55:13,67.9,0.77,0.0,0.0,13.39,0.0,0.0,13.38,0.0,0.0,18.29,19.04,100,0,1,0.0,7.63,193.5,0.0,18.29,18.29,5176,6404,3339,True
82528,12/15/2019,22:55:28,67.9,0.77,0.0,0.0,13.38,0.0,0.0,13.38,0.0,0.0,18.28,19.04,100,0,1,0.0,7.63,193.5,0.0,18.28,18.28,5387,6404,3339,True
82543,12/15/2019,22:55:43,67.9,0.77,0.0,0.0,13.38,0.0,0.0,13.38,0.0,0.53,18.27,19.04,100,0,1,0.0,7.63,193.5,0.0,18.28,18.28,5402,6404,3339,True
82558,12/15/2019,22:55:58,67.9,0.75,0.0,0.0,13.38,0.0,0.0,13.38,0.0,0.0,18.27,19.03,100,0,1,0.0,7.63,193.5,0.0,18.27,18.27,5417,6404,3339,True
82573,12/15/2019,22:56:13,67.8,0.77,0.0,0.0,13.39,0.0,0.0,13.38,0.0,0.0,18.26,19.03,100,0,1,0.0,7.63,193.5,-0.01,18.27,18.26,5432,6404,3339,True
82588,12/15/2019,22:56:28,67.8,0.77,0.0,0.0,13.39,0.0,0.0,13.38,0.0,0.66,18.26,19.02,100,0,1,0.0,7.63,193.5,0.0,18.26,18.26,5643,6404,3339,True
82603,12/15/2019,22:56:43,67.8,0.77,0.0,0.0,13.38,0.0,0.0,13.39,0.01,0.0,18.25,19.02,100,0,1,0.0,7.63,193.5,-0.03,18.25,18.25,5658,6404,3339,True
82618,12/15/2019,22:56:58,67.8,0.9,0.0,0.0,13.38,0.0,0.0,13.38,0.0,0.0,18.24,19.02,100,0,1,0.0,7.63,193.5,0.0,18.25,18.24,5673,6404,3339,True
82633,12/15/2019,22:57:13,67.8,0.8,0.0,0.0,13.36,0.0,0.0,13.38,0.0,0.0,18.24,19.02,100,0,1,0.0,7.63,193.5,-0.02,18.24,18.23,5688,6404,3339,True
82648,12/15/2019,22:57:28,67.8,0.76,0.0,0.0,13.35,0.0,0.0,13.36,0.0,0.13,18.23,19.02,100,0,1,0.0,7.63,193.5,0.0,18.23,18.23,5899,6404,3339,True
82663,12/15/2019,22:57:43,67.8,0.77,0.0,0.0,13.36,0.0,0.0,13.37,0.0,0.0,18.22,19.01,100,0,1,0.0,7.63,193.5,-0.01,18.22,18.22,5914,6404,3339,True
82678,12/15/2019,22:57:58,67.8,0.76,0.0,0.0,13.37,0.0,0.0,13.36,0.02,0.0,18.22,19.01,100,0,1,0.0,7.63,193.5,0.0,18.21,18.21,5929,6404,3339,True
82693,12/15/2019,22:58:13,67.7,0.77,0.0,0.0,13.37,0.0,0.0,13.37,0.0,0.4,18.21,19.0,100,0,1,0.0,7.63,193.5,-0.03,18.21,18.21,5944,6404,3339,True
82708,12/15/2019,22:58:28,67.7,0.76,0.0,0.0,13.35,0.0,0.0,13.36,0.0,0.0,18.21,19.0,100,0,1,0.0,7.63,193.5,0.0,18.21,18.21,6155,6404,3339,True
82723,12/15/2019,22:58:43,67.7,0.77,0.0,0.0,13.35,0.0,0.0,13.35,0.05,0.0,18.2,19.0,100,0,1,0.0,7.63,193.5,0.0,18.2,18.2,6170,6404,3339,True
82738,12/15/2019,22:58:58,67.7,0.76,0.0,0.0,13.35,0.0,0.0,13.35,0.03,0.0,18.19,19.0,100,0,1,0.0,7.63,193.5,-0.03,18.19,18.19,6185,6404,3339,True
82753,12/15/2019,22:59:13,67.7,0.76,0.0,0.0,13.37,0.0,0.0,13.36,0.02,0.26,18.19,18.99,100,0,1,0.0,7.63,193.5,0.0,18.19,18.19,6200,6404,3339,True
82768,12/15/2019,22:59:28,67.7,0.76,0.0,0.0,13.35,0.0,0.0,13.36,0.02,0.53,18.18,18.98,100,0,1,0.0,7.63,193.5,0.0,18.18,18.18,6411,6404,3339,True
82783,12/15/2019,22:59:43,67.7,0.76,0.0,0.0,13.36,0.0,0.0,13.37,0.0,0.0,18.17,18.98,100,0,1,0.0,7.63,193.5,0.0,18.17,18.17,6426,6404,3339,True
82798,12/15/2019,22:59:58,67.7,0.76,0.0,0.0,13.35,0.0,0.0,13.36,0.01,0.13,18.17,18.98,100,0,1,0.0,7.63,193.5,0.0,18.16,18.16,6441,6404,3339,True
82813,12/15/2019,23:00:13,67.6,0.76,0.0,0.0,13.38,0.0,0.0,13.37,0.0,0.4,18.16,18.99,100,0,1,0.0,7.63,193.5,0.0,18.16,18.16,6456,6404,3339,True
82828,12/15/2019,23:00:28,67.6,0.77,0.0,0.0,13.37,0.0,0.0,13.37,0.03,0.4,18.15,18.97,100,0,1,0.0,7.63,193.5,0.0,18.15,18.14,6667,6404,3339,True
82843,12/15/2019,23:00:43,67.6,0.76,0.0,0.0,13.37,0.0,0.0,13.38,0.03,0.0,18.14,18.97,100,0,1,0.0,7.63,193.5,0.0,18.14,18.14,6682,6404,3339,True
82858,12/15/2019,23:00:58,67.6,0.75,0.0,0.0,13.38,0.0,0.0,13.38,0.0,0.4,18.14,18.97,100,0,1,0.0,7.63,193.5,0.0,18.13,18.14,6697,6404,3339,True
82873,12/15/2019,23:01:13,67.6,0.76,0.0,0.0,13.37,0.0,0.0,13.37,0.02,0.0,18.13,18.97,100,0,1,0.0,7.63,193.5,0.0,18.13,18.12,6712,6404,3339,True
82888,12/15/2019,23:01:28,67.6,0.77,0.0,0.0,13.37,0.0,0.0,13.37,0.03,0.0,18.12,18.96,100,0,1,0.0,7.63,193.5,0.0,18.12,18.12,6923,6404,3339,True
82903,12/15/2019,23:01:43,67.6,0.76,0.0,0.0,13.37,0.0,0.0,13.38,0.0,0.0,18.11,18.96,100,0,1,0.0,7.63,193.5,-0.03,18.11,18.11,6938,6404,3339,True
82918,12/15/2019,23:01:58,67.4,0.78,0.0,0.0,13.38,0.0,0.0,13.38,0.04,0.26,18.1,18.96,100,0,1,0.0,7.63,193.5,0.0,18.1,18.1,6953,6404,3339,True
82933,12/15/2019,23:02:13,67.4,0.78,0.0,0.0,13.37,0.0,0.0,13.38,0.0,0.0,18.1,18.96,100,0,1,0.0,7.63,193.5,0.0,18.1,18.1,6968,6404,3339,True
82948,12/15/2019,23:02:28,67.4,0.78,0.0,0.0,13.37,0.0,0.0,13.37,0.0,0.0,18.1,18.96,100,0,1,0.0,7.63,193.5,-0.05,18.09,18.09,7179,6404,3339,True
82963,12/15/2019,23:02:43,67.4,0.77,0.0,0.0,13.37,0.0,0.0,13.38,0.04,0.0,18.09,18.95,100,0,1,0.0,7.63,193.5,0.0,18.09,18.09,7194,6404,3339,True
82978,12/15/2019,23:02:58,67.4,0.77,0.0,0.0,13.38,0.0,0.0,13.37,0.0,0.0,18.09,18.94,100,0,1,0.0,7.63,193.5,0.0,18.09,18.09,7209,6404,3339,True
82993,12/15/2019,23:03:13,67.4,0.77,0.0,0.0,13.37,0.0,0.0,13.37,0.0,0.0,18.08,18.95,100,0,1,0.0,7.63,193.5,-0.01,18.08,18.08,7224,6404,3339,True
83008,12/15/2019,23:03:28,67.4,0.76,0.0,0.0,13.37,0.0,0.0,13.37,0.0,0.53,18.07,18.95,100,0,1,0.0,7.63,193.5,-0.06,18.08,18.08,7435,6404,3339,True
83023,12/15/2019,23:03:43,67.4,0.77,0.0,0.0,13.37,0.0,0.0,13.37,0.0,0.0,18.07,18.94,100,0,1,0.0,7.63,193.5,0.0,18.07,18.07,7450,6404,3339,True
83038,12/15/2019,23:03:58,67.4,0.76,0.0,0.0,13.37,0.0,0.0,13.37,0.04,0.4,18.07,18.94,100,0,1,0.0,7.63,193.5,0.0,18.07,18.06,7465,6404,3339,True
83053,12/15/2019,23:04:13,67.4,0.77,0.0,0.0,13.37,0.0,0.0,13.37,0.03,0.26,18.06,18.94,100,0,1,0.0,7.63,193.5,0.0,18.06,18.06,7480,6404,3339,True
83068,12/15/2019,23:04:28,67.4,0.77,0.0,0.0,13.38,0.0,0.0,13.37,0.02,0.13,18.06,18.93,100,0,1,0.0,7.63,193.5,0.0,18.06,18.05,7691,6404,3339,True
83083,12/15/2019,23:04:43,67.4,0.85,0.0,0.0,13.37,0.0,0.0,13.37,0.0,0.0,18.04,18.93,100,0,1,0.0,7.63,193.5,0.0,18.05,18.05,7706,6404,3339,True
83098,12/15/2019,23:04:58,67.3,0.76,0.0,0.0,13.37,0.0,0.0,13.37,0.02,0.0,18.04,18.93,100,0,1,0.0,7.63,193.5,-0.03,18.04,18.04,7721,6404,3339,True
83113,12/15/2019,23:05:13,67.3,0.76,0.0,0.0,13.36,0.0,0.0,13.36,0.0,0.4,18.04,18.93,100,0,1,0.0,7.63,193.5,0.0,18.04,18.03,7736,6404,3339,True
83128,12/15/2019,23:05:28,67.3,0.77,0.0,0.0,13.34,0.0,0.0,13.34,0.0,0.13,18.03,18.92,100,0,1,0.0,7.63,193.5,0.0,18.03,18.03,7947,6404,3339,True
83143,12/15/2019,23:05:43,67.3,0.76,0.0,0.0,13.35,0.0,0.0,13.34,0.0,0.0,18.03,18.91,100,0,1,0.0,7.63,193.5,-0.01,18.03,18.02,7962,6404,3339,True
83158,12/15/2019,23:05:58,67.3,0.76,0.0,0.0,13.36,0.0,0.0,13.35,0.0,0.0,18.01,18.92,100,0,1,0.0,7.63,193.5,0.0,18.02,18.02,7977,6404,3339,True
83173,12/15/2019,23:06:13,67.3,0.75,0.0,0.0,13.36,0.0,0.0,13.35,0.0,0.0,18.01,18.91,100,0,1,0.0,7.63,193.5,0.0,18.01,18.01,7992,6404,3339,True
83188,12/15/2019,23:06:28,67.2,0.77,0.0,0.0,13.34,0.0,0.0,13.34,0.0,0.4,18.01,18.91,100,0,1,0.0,7.63,193.5,0.0,18.01,18.01,8203,6404,3339,True
83203,12/15/2019,23:06:43,67.2,0.76,0.0,0.0,13.35,0.0,0.0,13.35,0.0,0.0,18.0,18.9,100,0,1,0.0,7.63,193.5,0.0,18.0,18.0,8218,6404,3339,True
83218,12/15/2019,23:06:58,67.2,0.77,0.0,0.0,13.36,0.0,0.0,13.35,0.0,0.0,17.99,18.91,100,0,1,0.0,7.63,193.5,0.0,18.0,18.0,8233,6404,3339,True
83233,12/15/2019,23:07:13,67.2,0.77,0.0,0.0,13.34,0.0,0.0,13.36,0.0,0.0,18.0,18.89,100,0,1,0.0,7.63,193.5,0.0,18.0,17.99,8248,6404,3339,True
83248,12/15/2019,23:07:28,67.2,0.76,0.0,0.0,13.35,0.0,0.0,13.34,0.0,0.0,18.0,18.9,100,0,1,0.0,7.63,193.5,0.0,17.99,17.99,8459,6404,3339,True
83263,12/15/2019,23:07:43,67.2,0.77,0.0,0.0,13.35,0.0,0.0,13.34,0.02,0.0,17.98,18.9,100,0,1,0.0,7.63,193.5,0.0,17.99,17.98,8474,6404,3339,True
83278,12/15/2019,23:07:58,67.2,0.76,0.0,0.0,13.34,0.0,0.0,13.36,0.03,0.0,17.98,18.89,100,0,1,0.0,7.63,193.5,0.0,17.97,17.99,8489,6404,3339,True
83293,12/15/2019,23:08:13,67.1,0.75,0.0,0.0,13.37,0.0,0.0,13.36,0.0,0.4,17.97,18.89,100,0,1,0.0,7.63,193.5,0.0,17.97,17.98,8504,6404,3339,True
83308,12/15/2019,23:08:28,67.2,0.75,0.0,0.0,13.36,0.0,0.0,13.36,0.0,0.0,17.98,18.89,100,0,1,0.0,7.63,193.5,0.0,17.98,17.97,8715,6404,3339,True
83323,12/15/2019,23:08:43,67.2,0.77,0.0,0.0,13.37,0.0,0.0,13.37,0.0,0.0,17.97,18.89,100,0,1,0.0,7.63,193.5,0.0,17.97,17.97,8730,6404,3339,True
83338,12/15/2019,23:08:58,67.2,0.77,0.0,0.0,13.37,0.0,0.0,13.37,0.0,0.53,17.96,18.88,100,0,1,0.0,7.63,193.5,0.0,17.96,17.96,8745,6404,3339,True
83353,12/15/2019,23:09:13,67.2,0.29,0.0,0.0,13.37,0.0,0.0,13.37,0.0,0.0,17.95,18.88,100,0,1,0.0,7.63,193.5,0.0,17.95,17.96,8760,6404,3339,True
83368,12/15/2019,23:09:28,67.1,0.27,0.0,0.0,13.37,0.0,0.0,13.37,0.0,0.0,17.95,18.88,100,0,1,0.0,7.63,193.5,0.0,17.95,17.95,8971,6404,3339,True
83383,12/15/2019,23:09:43,67.2,0.28,0.0,0.0,13.37,0.0,0.0,13.36,0.03,0.0,17.95,18.88,100,0,1,0.0,7.63,193.5,0.0,17.94,17.95,8986,6404,3339,True
83398,12/15/2019,23:09:58,67.2,0.27,0.0,0.0,13.37,0.0,0.0,13.37,0.0,0.26,17.94,18.87,100,0,1,0.0,7.63,193.5,0.0,17.94,17.93,9001,6404,3339,True
83413,12/15/2019,23:10:13,67.1,0.28,0.0,0.0,13.37,0.0,0.0,13.37,0.02,0.26,17.93,18.87,100,0,1,0.0,7.63,193.5,-0.04,17.93,17.93,9016,6404,3339,True
83428,12/15/2019,23:10:28,67.2,0.28,0.0,0.0,13.37,0.0,0.0,13.37,0.0,0.0,17.92,18.87,100,0,1,0.0,7.63,193.5,-0.04,17.92,17.92,9227,6404,3339,True
83443,12/15/2019,23:10:43,67.2,0.27,0.0,0.0,13.36,0.0,0.0,13.37,0.0,0.0,17.91,18.87,100,0,1,0.0,7.63,193.5,0.0,17.92,17.92,9242,6404,3339,True
83458,12/15/2019,23:10:58,67.1,0.27,0.0,0.0,13.37,0.0,0.0,13.36,0.02,0.0,17.91,18.86,100,0,1,0.0,7.63,193.5,0.0,17.91,17.92,9257,6404,3339,True
83473,12/15/2019,23:11:13,67.2,0.31,0.0,0.0,13.37,0.0,0.0,13.37,0.0,0.0,17.9,18.86,100,0,1,0.0,7.63,193.5,0.0,17.9,17.91,9272,6404,3339,True
83488,12/15/2019,23:11:28,67.1,0.28,0.0,0.0,13.37,0.0,0.0,13.37,0.0,0.0,17.9,18.86,100,0,1,0.0,7.63,193.5,-0.02,17.9,17.9,9483,6404,3339,True
83503,12/15/2019,23:11:43,67.2,0.27,0.0,0.0,13.36,0.0,0.0,13.37,0.0,0.0,17.9,18.86,100,0,1,0.0,7.63,193.5,0.0,17.89,17.89,9498,6404,3339,True
83518,12/15/2019,23:11:58,67.2,0.27,0.0,0.0,13.37,0.0,0.0,13.36,0.02,0.0,17.89,18.85,100,0,1,0.0,7.63,193.5,0.0,17.89,17.9,9513,6404,3339,True
83533,12/15/2019,23:12:13,67.1,0.28,0.0,0.0,13.36,0.0,0.0,13.37,0.03,0.0,17.89,18.85,100,0,1,0.0,7.63,193.5,0.0,17.89,17.89,9528,6404,3339,True
83548,12/15/2019,23:12:28,67.2,0.28,0.0,0.0,13.37,0.0,0.0,13.37,0.0,0.26,17.89,18.85,100,0,1,0.0,7.63,193.5,0.0,17.89,17.88,9739,6404,3339,True
83563,12/15/2019,23:12:43,67.2,0.28,0.0,0.0,13.37,0.0,0.0,13.37,0.05,0.0,17.89,18.85,100,0,1,0.0,7.63,193.5,0.0,17.88,17.89,9754,6404,3339,True
83578,12/15/2019,23:12:58,67.1,0.29,0.0,0.0,13.37,0.0,0.0,13.37,0.0,0.0,17.87,18.85,100,0,1,0.0,7.63,193.5,0.0,17.87,17.88,9769,6404,3339,True
83593,12/15/2019,23:13:13,67.2,0.27,0.0,0.0,13.37,0.0,0.0,13.37,0.0,0.26,17.87,18.84,100,0,1,0.0,7.63,193.5,0.0,17.86,17.87,9784,6404,3339,True
83608,12/15/2019,23:13:28,67.2,0.28,0.0,0.0,13.36,0.0,0.0,13.35,0.03,0.0,17.87,18.84,100,0,1,0.0,7.63,193.5,0.0,17.86,17.86,9995,6404,3339,True
83623,12/15/2019,23:13:43,67.2,0.27,0.0,0.0,13.34,0.0,0.0,13.35,0.0,0.0,17.86,18.83,100,0,1,0.0,7.63,193.5,0.0,17.86,17.86,10010,6404,3339,True
83638,12/15/2019,23:13:58,67.1,0.29,0.0,0.0,13.35,0.0,0.0,13.34,0.0,0.0,17.86,18.83,100,0,1,0.0,7.63,193.5,0.0,17.86,17.85,10025,6404,3339,True
83653,12/15/2019,23:14:13,67.1,0.69,0.0,0.0,13.35,0.0,0.0,13.34,0.0,0.0,17.85,18.82,100,0,1,0.0,7.63,193.5,0.0,17.85,17.85,10040,6404,3339,True
83668,12/15/2019,23:14:28,67.1,0.32,0.0,0.0,13.36,0.0,0.0,13.35,0.0,0.26,17.84,18.82,100,0,1,0.0,7.63,193.5,-0.02,17.85,17.84,10251,6404,3339,True
83683,12/15/2019,23:14:43,67.1,0.27,0.0,0.0,13.34,0.0,0.0,13.34,0.0,0.0,17.84,18.82,100,0,1,0.0,7.63,193.5,0.0,17.84,17.84,10266,6404,3339,True
83698,12/15/2019,23:14:58,67.0,0.27,0.0,0.0,13.34,0.0,0.0,13.35,0.0,0.0,17.83,18.82,100,0,1,0.0,7.63,193.5,0.0,17.83,17.84,10281,6404,3339,True
83713,12/15/2019,23:15:13,67.0,0.29,0.0,0.0,13.35,0.0,0.0,13.35,0.0,0.26,17.82,18.81,100,0,1,0.0,7.63,193.5,0.0,17.83,17.82,10296,6404,3339,True
83728,12/15/2019,23:15:28,67.0,0.29,0.0,0.0,13.35,0.0,0.0,13.33,0.02,0.53,17.82,18.81,100,0,1,0.0,7.63,193.5,0.0,17.82,17.82,10507,6404,3339,True
83743,12/15/2019,23:15:43,67.0,0.3,0.0,0.0,13.35,0.0,0.0,13.35,0.0,0.0,17.81,18.8,100,0,1,0.0,7.63,193.5,-0.05,17.81,17.81,10522,6404,3339,True
83758,12/15/2019,23:15:58,67.0,0.28,0.0,0.0,13.35,0.0,0.0,13.35,0.0,0.0,17.81,18.8,100,0,1,0.0,7.63,193.5,-0.01,17.82,17.81,10537,6404,3339,True
83773,12/15/2019,23:16:13,67.0,0.27,0.0,0.0,13.35,0.0,0.0,13.35,0.0,0.0,17.8,18.81,100,0,1,0.0,7.63,193.5,0.0,17.79,17.8,10552,6404,3339,True
83788,12/15/2019,23:16:28,67.0,0.28,0.0,0.0,13.36,0.0,0.0,13.36,0.03,0.0,17.79,18.8,100,0,1,0.0,7.63,193.5,0.0,17.79,17.79,10763,6404,3339,True
83803,12/15/2019,23:16:43,66.9,0.28,0.0,0.0,13.36,0.0,0.0,13.36,0.0,0.0,17.78,18.8,100,0,1,0.0,7.63,193.5,0.0,17.78,17.78,10778,6404,3339,True
83818,12/15/2019,23:16:58,66.9,0.27,0.0,0.0,13.36,0.0,0.0,13.36,0.03,0.13,17.78,18.8,100,0,1,0.0,7.63,193.5,0.0,17.78,17.78,10793,6404,3339,True
83833,12/15/2019,23:17:13,66.9,0.27,0.0,0.0,13.36,0.0,0.0,13.36,0.03,0.0,17.77,18.8,100,0,1,0.0,7.63,193.5,0.0,17.78,17.77,10808,6404,3339,True
83848,12/15/2019,23:17:28,66.9,0.28,0.0,0.0,13.36,0.0,0.0,13.36,0.0,0.0,17.76,18.79,100,0,1,0.0,7.63,193.5,0.0,17.77,17.77,11019,6404,3339,True
83863,12/15/2019,23:17:43,66.9,0.28,0.0,0.0,13.36,0.0,0.0,13.36,0.0,0.0,17.76,18.79,100,0,1,0.0,7.63,193.5,0.0,17.76,17.76,11034,6404,3339,True
83878,12/15/2019,23:17:58,66.9,0.27,0.0,0.0,13.36,0.0,0.0,13.36,0.02,0.26,17.76,18.78,100,0,1,0.0,7.63,193.5,0.0,17.76,17.76,11049,6404,3339,True
83893,12/15/2019,23:18:13,66.9,0.27,0.0,0.0,13.36,0.0,0.0,13.35,0.01,0.0,17.76,18.79,100,0,1,0.0,7.63,193.5,0.0,17.75,17.75,11064,6404,3339,True
83908,12/15/2019,23:18:28,66.9,0.29,0.0,0.0,13.36,0.0,0.0,13.36,0.03,0.0,17.75,18.78,100,0,1,0.0,7.63,193.5,0.0,17.74,17.75,11275,6404,3339,True
83923,12/15/2019,23:18:43,66.8,0.28,0.0,0.0,13.36,0.0,0.0,13.36,0.02,0.0,17.74,18.78,100,0,1,0.0,7.63,193.5,0.0,17.73,17.73,11290,6404,3339,True
83938,12/15/2019,23:18:58,66.8,0.29,0.0,0.0,13.36,0.0,0.0,13.36,0.0,0.0,17.72,18.77,100,0,1,0.0,7.63,193.5,0.0,17.73,17.72,11305,6404,3339,True
83953,12/15/2019,23:19:13,66.8,0.28,0.0,0.0,13.36,0.0,0.0,13.36,0.0,0.0,17.72,18.77,100,0,1,0.0,7.63,193.5,0.0,17.72,17.72,11320,6404,3339,True
83968,12/15/2019,23:19:28,66.8,0.6,0.0,0.0,13.36,0.0,0.0,13.36,0.0,0.0,17.71,18.77,100,0,1,0.0,7.63,193.5,0.0,17.71,17.71,11531,6404,3339,True
83983,12/15/2019,23:19:43,66.8,0.29,0.0,0.0,13.36,0.0,0.0,13.36,0.0,0.0,17.7,18.77,100,0,1,0.0,7.63,193.5,0.0,17.7,17.7,11546,6404,3339,True
83998,12/15/2019,23:19:58,66.8,0.31,0.0,0.0,13.36,0.0,0.0,13.36,0.0,0.26,17.69,18.77,100,0,1,0.0,7.63,193.5,-0.03,17.7,17.69,11561,6404,3339,True
84013,12/15/2019,23:20:13,66.7,0.34,0.0,0.0,13.36,0.0,0.0,13.36,0.0,0.0,17.69,18.76,100,0,1,0.0,7.63,193.5,0.0,17.68,17.69,11576,6404,3339,True
84028,12/15/2019,23:20:28,66.7,0.29,0.0,0.0,13.36,0.0,0.0,13.36,0.0,0.13,17.68,18.76,100,0,1,0.0,7.63,193.5,0.0,17.68,17.69,11787,6404,3339,True
84043,12/15/2019,23:20:43,66.7,0.28,0.0,0.0,13.36,0.0,0.0,13.36,0.02,0.0,17.68,18.76,100,0,1,0.0,7.63,193.5,0.0,17.67,17.67,11802,6404,3339,True
84058,12/15/2019,23:20:58,66.7,0.28,0.0,0.0,13.36,0.0,0.0,13.36,0.0,0.0,17.67,18.75,100,0,1,0.0,7.63,193.5,0.0,17.67,17.67,11817,6404,3339,True
84073,12/15/2019,23:21:13,66.7,0.29,0.0,0.0,13.36,0.0,0.0,13.36,0.0,0.0,17.67,18.75,100,0,1,0.0,7.63,193.5,0.0,17.66,17.66,11832,6404,3339,True
84088,12/15/2019,23:21:28,66.7,0.28,0.0,0.0,13.36,0.0,0.0,13.36,0.03,0.0,17.65,18.75,100,0,1,0.0,7.63,193.5,0.0,17.65,17.66,12043,6404,3339,True
84103,12/15/2019,23:21:43,66.7,0.29,0.0,0.0,13.34,0.0,0.0,13.32,0.0,0.0,17.65,18.75,100,0,1,0.0,7.63,193.5,0.0,17.65,17.65,12058,6404,3339,True
84118,12/15/2019,23:21:58,66.7,0.29,0.0,0.0,13.33,0.0,0.0,13.35,0.0,0.0,17.65,18.75,100,0,1,0.0,7.63,193.5,0.0,17.64,17.64,12073,6404,3339,True
84133,12/15/2019,23:22:13,66.7,0.42,0.0,0.0,13.34,0.0,0.0,13.35,0.0,0.0,17.64,18.75,100,0,1,0.0,7.63,193.5,0.0,17.64,17.64,12088,6404,3339,True
84148,12/15/2019,23:22:28,66.7,0.3,0.0,0.0,13.33,0.0,0.0,13.34,0.0,0.0,17.63,18.74,100,0,1,0.0,7.63,193.5,0.0,17.63,17.63,12299,6404,3339,True
84163,12/15/2019,23:22:43,66.7,0.29,0.0,0.0,13.35,0.0,0.0,13.35,0.0,0.4,17.62,18.74,100,0,1,0.0,7.63,193.5,0.0,17.63,17.62,12314,6404,3339,True
84178,12/15/2019,23:22:58,66.7,0.28,0.0,0.0,13.34,0.0,0.0,13.35,0.0,0.4,17.62,18.74,100,0,1,0.0,7.63,193.5,0.0,17.62,17.62,12329,6404,3339,True
84193,12/15/2019,23:23:13,66.7,0.28,0.0,0.0,13.33,0.0,0.0,13.33,0.0,0.0,17.61,18.73,100,0,1,0.0,7.63,193.5,0.0,17.61,17.61,12344,6404,3339,True
84208,12/15/2019,23:23:28,66.7,0.28,0.0,0.0,13.35,0.0,0.0,13.34,0.0,0.0,17.61,18.73,100,0,1,0.0,7.63,193.5,0.0,17.6,17.6,12555,6404,3339,True
84223,12/15/2019,23:23:43,66.7,0.3,0.0,0.0,13.35,0.0,0.0,13.35,0.0,0.0,17.59,18.73,100,0,1,0.0,7.63,193.5,-0.03,17.6,17.6,12570,6404,3339,True
84238,12/15/2019,23:23:58,66.7,0.29,0.0,0.0,13.33,0.0,0.0,13.35,0.0,0.0,17.59,18.72,100,0,1,0.0,7.63,193.5,-0.03,17.6,17.6,12585,6404,3339,True
84253,12/15/2019,23:24:13,66.7,0.29,0.0,0.0,13.35,0.0,0.0,13.33,0.0,0.4,17.59,18.72,100,0,1,0.0,7.63,193.5,0.0,17.59,17.59,12600,6404,3339,True
84268,12/15/2019,23:24:28,66.7,0.29,0.0,0.0,13.35,0.0,0.0,13.36,0.0,0.0,17.59,18.72,100,0,1,0.0,7.63,193.5,0.0,17.59,17.59,12811,6404,3339,True
84283,12/15/2019,23:24:43,66.7,0.28,0.0,0.0,13.35,0.0,0.0,13.35,0.0,0.0,17.58,18.72,100,0,1,0.0,7.63,193.5,0.0,17.59,17.58,12826,6404,3339,True
84298,12/15/2019,23:24:58,66.5,0.29,0.0,0.0,13.35,0.0,0.0,13.35,0.01,0.0,17.58,18.72,100,0,1,0.0,7.63,193.5,0.0,17.58,17.58,12841,6404,3339,True
84313,12/15/2019,23:25:13,66.5,0.28,0.0,0.0,13.35,0.0,0.0,13.35,0.0,0.0,17.57,18.71,100,0,1,0.0,7.63,193.5,0.0,17.57,17.57,12856,6404,3339,True
84328,12/15/2019,23:25:28,66.5,0.29,0.0,0.0,13.35,0.0,0.0,13.35,0.0,0.0,17.57,18.71,100,0,1,0.0,7.63,193.5,-0.02,17.57,17.57,13067,6404,3339,True
84343,12/15/2019,23:25:43,66.5,0.28,0.0,0.0,13.36,0.0,0.0,13.35,0.0,0.0,17.57,18.71,100,0,1,0.0,7.63,193.5,0.0,17.56,17.56,13082,6404,3339,True
84358,12/15/2019,23:25:58,66.4,0.31,0.0,0.0,13.36,0.0,0.0,13.36,0.0,0.0,17.56,18.71,100,0,1,0.0,7.63,193.5,-0.03,17.56,17.56,13097,6404,3339,True
84373,12/15/2019,23:26:13,66.5,0.42,0.0,0.0,13.35,0.0,0.0,13.36,0.01,0.0,17.55,18.7,100,0,1,0.0,7.63,193.5,0.0,17.55,17.55,13112,6404,3339,True
84388,12/15/2019,23:26:28,66.4,0.29,0.0,0.0,13.36,0.0,0.0,13.36,0.01,0.13,17.55,18.7,100,0,1,0.0,7.63,193.5,0.0,17.55,17.55,13323,6404,3339,True
84403,12/15/2019,23:26:43,66.4,0.28,0.0,0.0,13.35,0.0,0.0,13.36,0.0,0.0,17.54,18.7,100,0,1,0.0,7.63,193.5,0.0,17.54,17.54,13338,6404,3339,True
84418,12/15/2019,23:26:58,66.4,0.29,0.0,0.0,13.36,0.0,0.0,13.36,0.0,0.0,17.54,18.7,100,0,1,0.0,7.63,193.5,-0.01,17.53,17.54,13353,6404,3339,True
84433,12/15/2019,23:27:13,66.4,0.29,0.0,0.0,13.35,0.0,0.0,13.35,0.0,0.0,17.53,18.69,100,0,1,0.0,7.63,193.5,0.0,17.53,17.53,13368,6404,3339,True
84448,12/15/2019,23:27:28,66.4,0.31,0.0,0.0,13.35,0.0,0.0,13.35,0.0,0.4,17.52,18.69,100,0,1,0.0,7.63,193.5,0.0,17.52,17.52,13579,6404,3339,True
84463,12/15/2019,23:27:43,66.4,0.31,0.0,0.0,13.35,0.0,0.0,13.36,0.0,0.0,17.51,18.69,100,0,1,0.0,7.63,193.5,0.0,17.51,17.52,13594,6404,3339,True
84478,12/15/2019,23:27:58,66.4,0.28,0.0,0.0,13.35,0.0,0.0,13.36,0.0,0.0,17.51,18.68,100,0,1,0.0,7.63,193.5,0.0,17.51,17.51,13609,6404,3339,True
84493,12/15/2019,23:28:13,66.3,0.29,0.0,0.0,13.35,0.0,0.0,13.36,0.02,0.0,17.5,18.68,100,0,1,0.0,7.63,193.5,0.0,17.5,17.5,13624,6404,3339,True
84508,12/15/2019,23:28:28,66.3,0.29,0.0,0.0,13.35,0.0,0.0,13.35,0.0,0.0,17.5,18.68,100,0,1,0.0,7.63,193.5,0.0,17.5,17.49,13835,6404,3339,True
84523,12/15/2019,23:28:43,66.3,0.29,0.0,0.0,13.35,0.0,0.0,13.35,0.0,0.0,17.49,18.68,100,0,1,0.0,7.63,193.5,0.0,17.49,17.49,13850,6404,3339,True
84538,12/15/2019,23:28:58,66.3,0.28,0.0,0.0,13.36,0.0,0.0,13.35,0.04,0.0,17.48,18.68,100,0,1,0.0,7.63,193.5,0.0,17.48,17.48,13865,6404,3339,True
84553,12/15/2019,23:29:13,66.3,0.3,0.0,0.0,13.35,0.0,0.0,13.35,0.01,0.0,17.47,18.68,100,0,1,0.0,7.63,193.5,0.0,17.48,17.48,13880,6404,3339,True
84568,12/15/2019,23:29:28,66.3,0.29,0.0,0.0,13.36,0.0,0.0,13.36,0.0,0.0,17.46,18.67,100,0,1,0.0,7.63,193.5,0.0,17.46,17.47,14091,6404,3339,True
84583,12/15/2019,23:29:43,66.3,0.29,0.0,0.0,13.36,0.0,0.0,13.36,0.0,0.0,17.46,18.68,100,0,1,0.0,7.63,193.5,-0.03,17.46,17.45,14106,6404,3339,True
84598,12/15/2019,23:29:58,66.3,0.29,0.0,0.0,13.33,0.0,0.0,13.32,0.0,0.0,17.46,18.66,100,0,1,0.0,7.63,193.5,0.0,17.45,17.45,14121,6404,3339,True
84613,12/15/2019,23:30:13,66.2,0.29,0.0,0.0,13.33,0.0,0.0,13.33,0.0,0.0,17.45,18.67,100,0,1,0.0,7.63,193.5,0.0,17.45,17.45,14136,6404,3339,True
84628,12/15/2019,23:30:28,66.2,0.3,0.0,0.0,13.35,0.0,0.0,13.34,0.0,0.0,17.44,18.66,100,0,1,0.0,7.63,193.5,0.0,17.44,17.44,14347,6404,3339,True
84643,12/15/2019,23:30:43,66.3,0.29,0.0,0.0,13.33,0.0,0.0,13.32,0.0,0.0,17.43,18.66,100,0,1,0.0,7.63,193.5,0.0,17.44,17.43,14362,6404,3339,True
84658,12/15/2019,23:30:58,66.2,0.29,0.0,0.0,13.34,0.0,0.0,13.34,0.0,0.0,17.43,18.66,100,0,1,0.0,7.63,193.5,0.0,17.43,17.43,14377,6404,3339,True
84673,12/15/2019,23:31:13,66.2,0.29,0.0,0.0,13.34,0.0,0.0,13.33,0.0,0.0,17.43,18.65,100,0,1,0.0,7.63,193.5,0.0,17.43,17.43,14392,6404,3339,True
84688,12/15/2019,23:31:28,66.2,0.3,0.0,0.0,13.33,0.0,0.0,13.34,0.01,0.13,17.42,18.65,100,0,1,0.0,7.63,193.5,0.0,17.43,17.42,14603,6404,3339,True
84703,12/15/2019,23:31:43,66.2,0.3,0.0,0.0,13.32,0.0,0.0,13.33,0.0,0.26,17.43,18.65,100,0,1,0.0,7.63,193.5,0.0,17.42,17.42,14618,6404,3339,True
84718,12/15/2019,23:31:58,66.2,0.29,0.0,0.0,13.35,0.0,0.0,13.33,0.01,0.0,17.42,18.64,100,0,1,0.0,7.63,193.5,0.0,17.42,17.42,14633,6404,3339,True
84733,12/15/2019,23:32:13,66.2,0.3,0.0,0.0,13.34,0.0,0.0,13.34,0.01,0.0,17.41,18.65,100,0,1,0.0,7.63,193.5,0.0,17.41,17.41,14648,6404,3339,True
84748,12/15/2019,23:32:28,66.2,0.3,0.0,0.0,13.33,0.0,0.0,13.34,0.0,0.0,17.41,18.64,100,0,1,0.0,7.63,193.5,0.0,17.41,17.41,14859,6404,3339,True
84763,12/15/2019,23:32:43,66.1,0.28,0.0,0.0,13.35,0.0,0.0,13.35,0.0,0.0,17.4,18.64,100,0,1,0.0,7.63,193.5,0.0,17.4,17.4,14874,6404,3339,True
84778,12/15/2019,23:32:58,66.1,0.3,0.0,0.0,13.35,0.0,0.0,13.35,0.0,0.0,17.4,18.64,100,0,1,0.0,7.63,193.5,0.0,17.4,17.4,14889,6404,3339,True
84793,12/15/2019,23:33:13,66.1,0.29,0.0,0.0,13.35,0.0,0.0,13.35,0.0,0.0,17.39,18.64,100,0,1,0.0,7.63,193.5,-0.01,17.39,17.4,14904,6404,3339,True
84808,12/15/2019,23:33:28,66.1,0.3,0.0,0.0,13.35,0.0,0.0,13.35,0.0,0.0,17.39,18.64,100,0,1,0.0,7.63,193.5,0.0,17.39,17.39,15115,6404,3339,True
84823,12/15/2019,23:33:43,66.1,0.3,0.0,0.0,13.35,0.0,0.0,13.35,0.0,0.0,17.39,18.63,100,0,1,0.0,7.63,193.5,0.0,17.39,17.38,15130,6404,3339,True
84838,12/15/2019,23:33:58,66.1,0.31,0.0,0.0,13.35,0.0,0.0,13.35,0.0,0.0,17.38,18.63,100,0,1,0.0,7.63,193.5,0.0,17.38,17.38,15145,6404,3339,True
84853,12/15/2019,23:34:13,66.1,0.3,0.0,0.0,13.35,0.0,0.0,13.35,0.0,0.0,17.37,18.63,100,0,1,0.0,7.63,193.5,0.0,17.37,17.37,15160,6404,3339,True
84868,12/15/2019,23:34:28,66.1,0.29,0.0,0.0,13.35,0.0,0.0,13.35,0.0,0.0,17.37,18.62,100,0,1,0.0,7.63,193.5,-0.03,17.37,17.37,11,6405,3339,True
84883,12/15/2019,23:34:43,66.1,0.31,0.0,0.0,13.35,0.0,0.0,13.35,0.0,0.13,17.37,18.63,100,0,1,0.0,7.63,193.5,0.0,17.36,17.37,26,6405,3339,True
84898,12/15/2019,23:34:58,66.1,0.3,0.0,0.0,13.35,0.0,0.0,13.35,0.0,0.0,17.36,18.62,100,0,1,0.0,7.63,193.5,0.0,17.36,17.36,41,6405,3339,True
84913,12/15/2019,23:35:13,66.1,0.31,0.0,0.0,13.35,0.0,0.0,13.35,0.03,0.0,17.36,18.62,100,0,1,0.0,7.63,193.5,0.0,17.36,17.36,56,6405,3339,True
84928,12/15/2019,23:35:28,66.1,0.3,0.0,0.0,13.35,0.0,0.0,13.35,0.03,0.0,17.35,18.62,100,0,1,0.0,7.63,193.5,-0.03,17.35,17.35,267,6405,3339,True
84943,12/15/2019,23:35:43,66.1,0.3,0.0,0.0,13.35,0.0,0.0,13.35,0.0,0.0,17.34,18.61,100,0,1,0.0,7.63,193.5,0.0,17.35,17.35,282,6405,3339,True
84958,12/15/2019,23:35:58,66.0,0.31,0.0,0.0,13.35,0.0,0.0,13.35,0.0,0.13,17.34,18.61,100,0,1,0.0,7.63,193.5,0.0,17.34,17.34,297,6405,3339,True
84973,12/15/2019,23:36:13,66.0,0.3,0.0,0.0,13.35,0.0,0.0,13.35,0.02,0.0,17.34,18.61,100,0,1,0.0,7.63,193.5,0.0,17.34,17.34,312,6405,3339,True
84988,12/15/2019,23:36:28,66.0,0.3,0.0,0.0,13.35,0.0,0.0,13.35,0.02,0.26,17.33,18.6,100,0,1,0.0,7.63,193.5,0.0,17.34,17.34,523,6405,3339,True
85003,12/15/2019,23:36:43,66.0,0.31,0.0,0.0,13.35,0.0,0.0,13.35,0.0,0.0,17.34,18.61,100,0,1,0.0,7.63,193.5,-0.02,17.33,17.33,538,6405,3339,True
85018,12/15/2019,23:36:58,66.0,0.31,0.0,0.0,13.35,0.0,0.0,13.35,0.0,0.0,17.33,18.6,100,0,1,0.0,7.63,193.5,0.0,17.32,17.33,553,6405,3339,True
85033,12/15/2019,23:37:13,66.0,0.31,0.0,0.0,13.35,0.0,0.0,13.35,0.01,0.0,17.32,18.6,100,0,1,0.0,7.63,193.5,0.0,17.32,17.32,568,6405,3339,True
85048,12/15/2019,23:37:28,66.0,0.3,0.0,0.0,13.35,0.0,0.0,13.35,0.0,0.0,17.32,18.6,100,0,1,0.0,7.63,193.5,0.0,17.32,17.32,779,6405,3339,True
85063,12/15/2019,23:37:43,66.0,0.31,0.0,0.0,13.36,0.0,0.0,13.35,0.0,0.0,17.32,18.59,100,0,1,0.0,7.63,193.5,0.0,17.32,17.32,794,6405,3339,True
85078,12/15/2019,23:37:58,66.0,0.31,0.0,0.0,13.35,0.0,0.0,13.35,0.03,0.0,17.32,18.59,100,0,1,0.0,7.63,193.5,0.0,17.32,17.32,809,6405,3339,True
85093,12/15/2019,23:38:13,66.0,0.3,0.0,0.0,13.34,0.0,0.0,13.32,0.0,0.13,17.32,18.58,100,0,1,0.0,7.63,193.5,0.0,17.32,17.33,824,6405,3339,True
85108,12/15/2019,23:38:28,66.0,0.3,0.0,0.0,13.32,0.0,0.0,13.34,0.01,0.0,17.32,18.59,100,0,1,0.0,7.63,193.5,-0.02,17.31,17.32,1035,6405,3339,True
85123,12/15/2019,23:38:43,66.0,0.3,0.0,0.0,13.34,0.0,0.0,13.35,0.03,0.0,17.31,18.59,100,0,1,0.0,7.63,193.5,0.0,17.31,17.31,1050,6405,3339,True
85138,12/15/2019,23:38:58,66.0,0.31,0.0,0.0,13.32,0.0,0.0,13.33,0.0,0.0,17.31,18.58,100,0,1,0.0,7.63,193.5,0.0,17.32,17.31,1065,6405,3339,True
85153,12/15/2019,23:39:13,66.0,0.3,0.0,0.0,13.33,0.0,0.0,13.34,0.0,0.0,17.31,18.58,100,0,1,0.0,7.63,193.5,0.0,17.3,17.3,1080,6405,3339,True
85168,12/15/2019,23:39:28,66.0,0.31,0.0,0.0,13.32,0.0,0.0,13.32,0.0,0.26,17.31,18.57,100,0,1,0.0,7.63,193.5,0.0,17.3,17.31,1291,6405,3339,True
85183,12/15/2019,23:39:43,66.0,0.3,0.0,0.0,13.34,0.0,0.0,13.34,0.0,0.0,17.3,18.57,100,0,1,0.0,7.63,193.5,-0.02,17.3,17.3,1306,6405,3339,True
85198,12/15/2019,23:39:58,65.9,0.31,0.0,0.0,13.33,0.0,0.0,13.34,0.0,0.13,17.3,18.56,100,0,1,0.0,7.63,193.5,-0.02,17.29,17.3,1321,6405,3339,True
85213,12/15/2019,23:40:13,65.9,0.31,0.0,0.0,13.33,0.0,0.0,13.32,0.0,0.26,17.3,18.57,100,0,1,0.0,7.63,193.5,0.0,17.3,17.29,1336,6405,3339,True
85228,12/15/2019,23:40:28,65.9,0.31,0.0,0.0,13.34,0.0,0.0,13.34,0.0,0.0,17.29,18.56,100,0,1,0.0,7.63,193.5,-0.01,17.29,17.29,1547,6405,3339,True
85243,12/15/2019,23:40:43,65.9,0.3,0.0,0.0,13.33,0.0,0.0,13.34,0.03,0.0,17.29,18.56,100,0,1,0.0,7.63,193.5,0.0,17.29,17.29,1562,6405,3339,True
85258,12/15/2019,23:40:58,65.9,0.31,0.0,0.0,13.35,0.0,0.0,13.35,0.0,0.0,17.29,18.56,100,0,1,0.0,7.63,193.5,0.0,17.29,17.29,1577,6405,3339,True
85273,12/15/2019,23:41:13,65.9,0.31,0.0,0.0,13.35,0.0,0.0,13.35,0.0,0.0,17.28,18.56,100,0,1,0.0,7.63,193.5,-0.02,17.28,17.28,1592,6405,3339,True
85288,12/15/2019,23:41:28,65.9,0.3,0.0,0.0,13.35,0.0,0.0,13.35,0.0,0.0,17.28,18.56,100,0,1,0.0,7.63,193.5,0.0,17.27,17.27,1803,6405,3339,True
85303,12/15/2019,23:41:43,65.9,0.31,0.0,0.0,13.35,0.0,0.0,13.35,0.0,0.0,17.27,18.56,100,0,1,0.0,7.63,193.5,0.0,17.27,17.27,1818,6405,3339,True
85318,12/15/2019,23:41:58,65.9,0.3,0.0,0.0,13.35,0.0,0.0,13.35,0.0,0.0,17.27,18.55,100,0,1,0.0,7.63,193.5,0.0,17.28,17.27,1833,6405,3339,True
85333,12/15/2019,23:42:13,65.9,0.31,0.0,0.0,13.35,0.0,0.0,13.35,0.0,0.13,17.27,18.55,100,0,1,0.0,7.63,193.5,0.0,17.26,17.27,1848,6405,3339,True
85348,12/15/2019,23:42:28,65.9,0.31,0.0,0.0,13.35,0.0,0.0,13.35,0.0,0.0,17.27,18.55,100,0,1,0.0,7.63,193.5,0.0,17.27,17.26,2059,6405,3339,True
85363,12/15/2019,23:42:43,65.9,0.31,0.0,0.0,13.35,0.0,0.0,13.35,0.0,0.0,17.26,18.54,100,0,1,0.0,7.63,193.5,-0.01,17.26,17.26,2074,6405,3339,True
85378,12/15/2019,23:42:58,65.9,0.31,0.0,0.0,13.35,0.0,0.0,13.35,0.0,0.0,17.26,18.54,100,0,1,0.0,7.63,193.5,0.0,17.26,17.25,2089,6405,3339,True
85393,12/15/2019,23:43:13,65.9,0.31,0.0,0.0,13.35,0.0,0.0,13.35,0.0,0.0,17.25,18.54,100,0,1,0.0,7.63,193.5,0.0,17.26,17.25,2104,6405,3339,True
85408,12/15/2019,23:43:28,65.9,0.3,0.0,0.0,13.35,0.0,0.0,13.35,0.0,0.0,17.25,18.54,100,0,1,0.0,7.63,193.5,0.0,17.25,17.25,2315,6405,3339,True
85423,12/15/2019,23:43:43,65.9,0.78,0.0,0.0,13.35,0.0,0.0,13.35,0.0,0.0,17.25,18.53,100,0,1,0.0,7.63,193.5,-0.01,17.26,17.26,2330,6405,3339,True
85438,12/15/2019,23:43:58,65.9,0.31,0.0,0.0,13.35,0.0,0.0,13.35,0.0,0.13,17.24,18.53,100,0,1,0.0,7.63,193.5,0.0,17.24,17.24,2345,6405,3339,True
85453,12/15/2019,23:44:13,65.9,0.31,0.0,0.0,13.35,0.0,0.0,13.35,0.0,0.0,17.24,18.52,100,0,1,0.0,7.63,193.5,0.0,17.25,17.24,2360,6405,3339,True
85468,12/15/2019,23:44:28,65.9,0.31,0.0,0.0,13.35,0.0,0.0,13.35,0.0,0.0,17.23,18.53,100,0,1,0.0,7.63,193.5,0.0,17.23,17.24,2571,6405,3339,True
85483,12/15/2019,23:44:43,65.9,0.3,0.0,0.0,13.35,0.0,0.0,13.35,0.0,0.0,17.23,18.52,100,0,1,0.0,7.63,193.5,0.0,17.23,17.23,2586,6405,3339,True
85498,12/15/2019,23:44:58,65.8,0.31,0.0,0.0,13.35,0.0,0.0,13.35,0.02,0.0,17.22,18.52,100,0,1,0.0,7.63,193.5,-0.01,17.22,17.22,2601,6405,3339,True
85513,12/15/2019,23:45:13,65.8,0.31,0.0,0.0,13.35,0.0,0.0,13.35,0.01,0.0,17.22,18.52,100,0,1,0.0,7.63,193.5,0.0,17.22,17.22,2616,6405,3339,True
85528,12/15/2019,23:45:28,65.8,0.31,0.0,0.0,13.35,0.0,0.0,13.35,0.0,0.0,17.22,18.52,100,0,1,0.0,7.63,193.5,0.0,17.21,17.21,2827,6405,3339,True
85543,12/15/2019,23:45:43,65.8,0.31,0.0,0.0,13.35,0.0,0.0,13.35,0.0,0.0,17.21,18.51,100,0,1,0.0,7.63,193.5,0.0,17.22,17.21,2842,6405,3339,True
85558,12/15/2019,23:45:58,65.8,0.31,0.0,0.0,13.35,0.0,0.0,13.35,0.0,0.0,17.21,18.51,100,0,1,0.0,7.63,193.5,0.0,17.21,17.21,2857,6405,3339,True
85573,12/15/2019,23:46:13,65.8,0.32,0.0,0.0,13.31,0.0,0.0,13.31,0.0,0.13,17.2,18.51,100,0,1,0.0,7.63,193.5,0.0,17.2,17.21,2872,6405,3339,True
85588,12/15/2019,23:46:28,65.8,0.38,0.0,0.0,13.33,0.0,0.0,13.33,0.01,0.0,17.2,18.5,100,0,1,0.0,7.63,193.5,0.0,17.19,17.19,3083,6405,3339,True
85603,12/15/2019,23:46:43,65.6,0.31,0.0,0.0,13.32,0.0,0.0,13.31,0.0,0.0,17.19,18.51,100,0,1,0.0,7.63,193.5,0.0,17.2,17.19,3098,6405,3339,True
85618,12/15/2019,23:46:58,65.6,0.31,0.0,0.0,13.33,0.0,0.0,13.32,0.0,0.0,17.19,18.5,100,0,1,0.0,7.63,193.5,-0.02,17.19,17.19,3113,6405,3339,True
85633,12/15/2019,23:47:13,65.6,0.3,0.0,0.0,13.32,0.0,0.0,13.33,0.0,0.0,17.19,18.5,100,0,1,0.0,7.63,193.5,0.0,17.19,17.18,3128,6405,3339,True
85648,12/15/2019,23:47:28,65.6,0.31,0.0,0.0,13.34,0.0,0.0,13.32,0.01,0.13,17.18,18.49,100,0,1,0.0,7.63,193.5,0.0,17.18,17.18,3339,6405,3339,True
85663,12/15/2019,23:47:43,65.6,0.31,0.0,0.0,13.34,0.0,0.0,13.34,0.0,0.0,17.18,18.49,100,0,1,0.0,7.63,193.5,0.0,17.18,17.17,3354,6405,3339,True
85678,12/15/2019,23:47:58,65.6,0.31,0.0,0.0,13.33,0.0,0.0,13.32,0.0,0.0,17.17,18.49,100,0,1,0.0,7.63,193.5,0.0,17.18,17.17,3369,6405,3339,True
85693,12/15/2019,23:48:13,65.6,0.31,0.0,0.0,13.32,0.0,0.0,13.33,0.0,0.39,17.17,18.49,100,0,1,0.0,7.63,193.5,0.0,17.16,17.17,3384,6405,3339,True
85708,12/15/2019,23:48:28,65.6,0.31,0.0,0.0,13.31,0.0,0.0,13.33,0.0,0.0,17.15,18.48,100,0,1,0.0,7.63,193.5,0.0,17.16,17.16,3595,6405,3339,True
85723,12/15/2019,23:48:43,65.6,0.31,0.0,0.0,13.32,0.0,0.0,13.33,0.01,0.0,17.15,18.48,100,0,1,0.0,7.63,193.5,0.0,17.15,17.16,3610,6405,3339,True
85738,12/15/2019,23:48:58,65.6,0.31,0.0,0.0,13.33,0.0,0.0,13.33,0.0,0.0,17.15,18.48,100,0,1,0.0,7.63,193.5,0.0,17.15,17.15,3625,6405,3339,True
85753,12/15/2019,23:49:13,65.5,0.31,0.0,0.0,13.34,0.0,0.0,13.35,0.0,0.0,17.14,18.48,100,0,1,0.0,7.63,193.5,0.0,17.15,17.14,3640,6405,3339,True
85768,12/15/2019,23:49:28,65.5,0.31,0.0,0.0,13.35,0.0,0.0,13.35,0.0,0.13,17.13,18.48,100,0,1,0.0,7.63,193.5,0.0,17.14,17.14,3851,6405,3339,True
85783,12/15/2019,23:49:43,65.5,0.31,0.0,0.0,13.35,0.0,0.0,13.35,0.0,0.0,17.13,18.47,100,0,1,0.0,7.63,193.5,0.0,17.13,17.13,3866,6405,3339,True
85798,12/15/2019,23:49:58,65.5,0.31,0.0,0.0,13.35,0.0,0.0,13.35,0.03,0.4,17.14,18.47,100,0,1,0.0,7.63,193.5,0.0,17.13,17.13,3881,6405,3339,True
85813,12/15/2019,23:50:13,65.5,0.31,0.0,0.0,13.35,0.0,0.0,13.35,0.0,0.26,17.12,18.47,100,0,1,0.0,7.63,193.5,0.0,17.12,17.12,3896,6405,3339,True
85828,12/15/2019,23:50:28,65.5,0.31,0.0,0.0,13.35,0.0,0.0,13.35,0.0,0.0,17.13,18.47,100,0,1,0.0,7.63,193.5,-0.02,17.13,17.13,4107,6405,3339,True
85843,12/15/2019,23:50:43,65.5,0.31,0.0,0.0,13.35,0.0,0.0,13.35,0.0,0.0,17.12,18.46,100,0,1,0.0,7.63,193.5,0.0,17.13,17.12,4122,6405,3339,True
85858,12/15/2019,23:50:58,65.5,0.31,0.0,0.0,13.35,0.0,0.0,13.35,0.0,0.26,17.12,18.46,100,0,1,0.0,7.63,193.5,0.0,17.12,17.12,4137,6405,3339,True
85873,12/15/2019,23:51:13,65.5,0.33,0.0,0.0,13.35,0.0,0.0,13.35,0.0,0.26,17.12,18.46,100,0,1,0.0,7.63,193.5,0.0,17.12,17.12,4152,6405,3339,True
85888,12/15/2019,23:51:28,65.5,0.35,0.0,0.0,13.35,0.0,0.0,13.35,0.0,0.0,17.11,18.46,100,0,1,0.0,7.63,193.5,-0.02,17.11,17.11,4363,6405,3339,True
85903,12/15/2019,23:51:43,65.5,0.31,0.0,0.0,13.35,0.0,0.0,13.35,0.0,0.0,17.11,18.45,100,0,1,0.0,7.63,193.5,0.0,17.11,17.1,4378,6405,3339,True
85918,12/15/2019,23:51:58,65.5,0.5,0.0,0.0,13.35,0.0,0.0,13.35,0.0,0.0,17.1,18.44,100,0,1,0.0,7.63,193.5,0.0,17.1,17.11,4393,6405,3339,True
85933,12/15/2019,23:52:13,65.4,0.31,0.0,0.0,13.35,0.0,0.0,13.35,0.0,0.0,17.11,18.45,100,0,1,0.0,7.63,193.5,-0.01,17.11,17.1,4408,6405,3339,True
85948,12/15/2019,23:52:28,65.4,0.31,0.0,0.0,13.35,0.0,0.0,13.34,0.0,0.0,17.1,18.44,100,0,1,0.0,7.63,193.5,-0.01,17.1,17.1,4619,6405,3339,True
85963,12/15/2019,23:52:43,65.4,0.32,0.0,0.0,13.35,0.0,0.0,13.35,0.0,0.0,17.1,18.44,100,0,1,0.0,7.63,193.5,0.0,17.1,17.09,4634,6405,3339,True
85978,12/15/2019,23:52:58,65.4,0.31,0.0,0.0,13.35,0.0,0.0,13.35,0.0,0.0,17.1,18.44,100,0,1,0.0,7.63,193.5,0.0,17.1,17.1,4649,6405,3339,True
85993,12/15/2019,23:53:13,65.4,0.31,0.0,0.0,13.35,0.0,0.0,13.35,0.0,0.0,17.09,18.44,100,0,1,0.0,7.63,193.5,0.0,17.09,17.09,4664,6405,3339,True
86008,12/15/2019,23:53:28,65.4,0.31,0.0,0.0,13.35,0.0,0.0,13.35,0.03,0.0,17.1,18.43,100,0,1,0.0,7.63,193.5,0.0,17.09,17.09,4875,6405,3339,True
86023,12/15/2019,23:53:43,65.4,0.64,0.0,0.0,13.35,0.0,0.0,13.35,0.0,0.0,17.09,18.43,100,0,1,0.0,7.63,193.5,0.0,17.08,17.09,4890,6405,3339,True
86038,12/15/2019,23:53:58,65.4,0.32,0.0,0.0,13.35,0.0,0.0,13.35,0.0,0.0,17.08,18.43,100,0,1,0.0,7.63,193.5,0.0,17.08,17.08,4905,6405,3339,True
86053,12/15/2019,23:54:13,65.4,0.54,0.0,0.0,13.35,0.0,0.0,13.35,0.0,0.0,17.08,18.43,100,0,1,0.0,7.63,193.5,0.0,17.08,17.08,4920,6405,3339,True
86068,12/15/2019,23:54:28,65.3,0.32,0.0,0.0,13.35,0.0,0.0,13.35,0.01,0.0,17.09,18.43,100,0,1,0.0,7.63,193.5,0.0,17.09,17.09,5131,6405,3339,True
86083,12/15/2019,23:54:43,65.3,0.31,0.0,0.0,13.33,0.0,0.0,13.33,0.02,0.0,17.14,18.42,100,0,1,0.0,7.63,193.5,0.0,17.13,17.14,5146,6405,3339,True
86098,12/15/2019,23:54:58,65.3,0.31,0.0,0.0,13.33,0.0,0.0,13.33,0.0,0.0,17.16,18.41,100,0,1,0.0,7.63,193.5,0.0,17.16,17.16,5161,6405,3339,True
86113,12/15/2019,23:55:13,65.4,0.31,0.0,0.0,13.34,0.0,0.0,13.34,0.0,0.0,17.19,18.42,100,0,1,0.0,7.63,193.5,0.0,17.2,17.19,5176,6405,3339,True
86128,12/15/2019,23:55:28,65.4,0.31,0.0,0.0,13.33,0.0,0.0,13.32,0.01,0.0,17.22,18.41,100,0,1,0.0,7.63,193.5,0.0,17.22,17.22,5387,6405,3339,True
86143,12/15/2019,23:55:43,65.4,0.34,0.0,0.0,13.32,0.0,0.0,13.33,0.0,0.13,17.25,18.42,100,0,1,0.0,7.63,193.5,0.0,17.25,17.25,5402,6405,3339,True
86158,12/15/2019,23:55:58,65.4,0.33,0.0,0.0,13.34,0.0,0.0,13.34,0.0,0.26,17.27,18.4,100,0,1,0.0,7.63,193.5,0.0,17.27,17.28,5417,6405,3339,True
86173,12/15/2019,23:56:13,65.4,0.34,0.0,0.0,13.32,0.0,0.0,13.32,0.0,0.0,17.3,18.4,100,0,1,0.0,7.63,193.5,0.0,17.29,17.3,5432,6405,3339,True
86188,12/15/2019,23:56:28,65.4,0.34,0.0,0.0,13.33,0.0,0.0,13.31,0.0,0.0,17.31,18.4,100,0,1,0.0,7.63,193.5,0.0,17.31,17.31,5643,6405,3339,True
86203,12/15/2019,23:56:43,65.4,0.32,0.0,0.0,13.34,0.0,0.0,13.33,0.0,0.0,17.31,18.4,100,0,1,0.0,7.63,193.5,0.0,17.31,17.31,5658,6405,3339,True
86218,12/15/2019,23:56:58,65.4,0.41,0.0,0.0,13.32,0.0,0.0,13.32,0.0,0.39,17.32,18.4,100,0,1,0.0,7.63,193.5,0.0,17.32,17.32,5673,6405,3339,True
86233,12/15/2019,23:57:13,65.5,0.31,0.0,0.0,13.32,0.0,0.0,13.33,0.02,0.0,17.32,18.39,100,0,1,0.0,7.63,193.5,-0.03,17.32,17.32,5688,6405,3339,True
86248,12/15/2019,23:57:28,65.5,0.31,0.0,0.0,13.34,0.0,0.0,13.35,0.0,0.0,17.31,18.38,100,0,1,0.0,7.63,193.5,0.0,17.31,17.31,5899,6405,3339,True
86263,12/15/2019,23:57:43,65.4,0.31,0.0,0.0,13.34,0.0,0.0,13.34,0.0,0.0,17.3,18.39,100,0,1,0.0,7.63,193.5,0.0,17.3,17.3,5914,6405,3339,True
86278,12/15/2019,23:57:58,65.4,0.31,0.0,0.0,13.34,0.0,0.0,13.34,0.0,0.0,17.28,18.39,100,0,1,0.0,7.63,193.5,-0.03,17.29,17.28,5929,6405,3339,True
86293,12/15/2019,23:58:13,65.4,0.31,0.0,0.0,13.34,0.0,0.0,13.34,0.0,0.0,17.27,18.38,100,0,1,0.0,7.63,193.5,0.0,17.27,17.27,5944,6405,3339,True
86308,12/15/2019,23:58:28,65.4,0.31,0.0,0.0,13.35,0.0,0.0,13.34,0.03,0.0,17.26,18.38,100,0,1,0.0,7.63,193.5,0.0,17.26,17.26,6155,6405,3339,True
86323,12/15/2019,23:58:43,65.4,0.31,0.0,0.0,13.34,0.0,0.0,13.35,0.01,0.0,17.25,18.37,100,0,1,0.0,7.63,193.5,0.0,17.25,17.25,6170,6405,3339,True
86338,12/15/2019,23:58:58,65.4,0.31,0.0,0.0,13.35,0.0,0.0,13.34,0.0,0.0,17.24,18.37,100,0,1,0.0,7.63,193.5,0.0,17.24,17.24,6185,6405,3339,True
86353,12/15/2019,23:59:13,65.4,0.31,0.0,0.0,13.35,0.0,0.0,13.34,0.02,0.13,17.23,18.37,100,0,1,0.0,7.63,193.5,0.0,17.23,17.23,6200,6405,3339,True
86368,12/15/2019,23:59:28,65.4,0.31,0.0,0.0,13.35,0.0,0.0,13.35,0.0,0.0,17.22,18.37,100,0,1,0.0,7.63,193.5,0.0,17.22,17.22,6411,6405,3339,True
86383,12/15/2019,23:59:43,65.4,0.31,0.0,0.0,13.35,0.0,0.0,13.35,0.0,0.0,17.21,18.37,100,0,1,0.0,7.63,193.5,0.0,17.21,17.21,6426,6405,3339,True
86398,12/15/2019,23:59:58,65.4,0.31,0.0,0.0,13.34,0.0,0.0,13.35,0.02,0.0,17.2,18.36,100,0,1,0.0,7.63,193.5,0.0,17.2,17.19,6441,6405,3339,True
